500
9847 41936 16517 94252
32557 36307 28810 113900
25878 20461 44651 84242
1613 3902 104212 114045
35220 32190 70126 128279
8256 10643 46220 91220
39840 30864 69429 110311
45819 41664 111482 111661
24817 9229 57805 115316
31416 5327 23229 35492
7264 3600 121815 127980
12297 15164 45910 72896
42447 44766 117829 123993
33658 26938 126885 129094
21362 5823 94019 131194
21262 38053 104064 118506
8900 25413 120660 123412
12553 34505 2818 69632
25034 1466 8825 66690
21786 28396 79030 105155
24913 34621 50761 88572
12460 26242 97584 104555
7110 34190 87544 116958
10319 30846 122571 131203
44515 2044 75510 102703
35325 25228 126725 128687
31921 3972 8075 126219
14018 16588 54468 83369
36401 43510 13310 58307
5781 32940 15653 106430
26900 19633 102550 114534
3846 25244 43313 79388
32930 21846 67601 90139
13654 34713 13720 15503
37752 18018 35589 62537
26412 33072 70072 77121
28463 243 28263 115809
25951 15498 94804 131403
19475 4124 33465 61939
24280 8691 82810 116536
45297 12464 82796 85011
23206 15234 30711 58136
23377 8614 86298 88851
31281 26872 35771 63774
22988 45248 102110 123251
2174 40777 106811 129883
2025 6223 23359 113490
20976 19108 13319 28495
16582 37002 5686 49303
32808 44028 54072 87146
5777 44867 68974 89054
37737 39458 114656 131139
13055 6326 129473 131705
10626 5305 116769 119869
15464 7119 45129 98422
26615 42008 128246 130611
30964 34829 13365 56362
19794 981 115522 120070
9829 17442 58109 117865
24380 21670 83085 91772
38058 43506 97614 110266
5543 10244 74937 119190
8820 41571 89417 110666
43220 13027 122900 129674
44341 42501 93471 129285
35794 28302 108570 113403
32946 36831 64824 77693
34520 35472 106732 108420
35159 5451 9231 74644
38426 30276 78429 125481
27843 45485 74446 115248
19117 25456 71343 82488
27220 5735 115051 129416
45776 37017 77762 84956
21247 33823 4683 45277
33304 23230 115934 126911
37568 31176 62130 92651
37905 2876 78186 130661
28998 42964 36842 117281
35592 22108 48800 118032
17054 15403 61144 65864
39912 40672 63147 87657
28707 1633 21614 35398
30203 11503 106068 131011
3860 25998 37813 109560
22004 29199 32606 66643
12159 4839 114396 131517
30828 17459 29183 68507
44737 3650 14759 67343
36043 1842 43961 68746
34120 18260 17097 37632
5219 29042 107404 115899
15111 22281 28538 79426
10588 23853 51283 90033
41256 4235 49673 115536
35569 3164 17479 24819
27108 14128 67912 114593
39104 28393 54212 129716
29340 27962 87572 91753
1385 7070 113327 128216
3404 18367 38779 75681
41351 3108 129621 130299
924 4827 79561 101658
11011 15344 93215 132003
17028 41493 96389 120013
20169 38399 57016 74681
30393 40825 108894 131277
3874 32314 14076 24068
2427 16850 33300 113920
28880 19602 74354 111105
38496 30741 31383 115137
44043 11745 118330 122410
42882 21555 108859 127577
33093 39066 28781 30286
20993 45924 29525 74670
19438 5828 51278 92761
36841 33380 129437 129931
25756 3275 26770 79682
7983 12744 22195 117737
19166 21840 40669 127118
44408 19786 56795 128631
9008 37349 113123 126783
21355 27663 53883 131652
39410 16834 40930 123715
22875 13921 12015 126672
39290 20536 128516 132035
20421 33036 73399 120795
41933 30373 96337 106944
18626 2751 74389 92427
37040 34547 52339 97018
27918 43554 6794 25322
18969 4697 75347 87635
41258 17378 115036 122646
26511 17330 6513 49943
235 13179 2216 88110
20395 10930 18134 106275
46311 10028 7991 62989
33259 20056 88979 95987
17042 37423 126827 127697
9948 11574 95610 102987
4848 39855 124359 129313
40227 40304 74389 81703
20914 40907 23204 84112
15815 2875 11965 41024
5184 39894 73967 85668
17981 42145 102930 107953
2473 13352 58431 74902
20610 17580 117688 130101
21125 29384 35131 38483
36274 10529 125155 129805
15219 17230 41640 113924
16942 3809 19227 42883
34668 15397 16442 49248
39034 23438 105654 117247
1160 9043 127402 129892
21126 46164 96354 123034
33557 41901 32674 33279
5154 33093 19420 49222
11131 34828 53636 124849
38668 15004 44526 47809
3434 12621 131103 131375
6772 41089 88971 103603
31355 22949 52507 105106
25144 1794 89560 113117
32626 37664 18419 29050
43349 21884 7266 114855
11646 36473 101399 102677
26821 15784 17622 127220
4495 24441 123715 131559
33488 44742 116382 129580
39279 12194 129923 131045
34411 41405 26255 94554
6884 45922 96506 116210
40238 14699 80850 104617
15353 17266 102588 115272
13976 16383 72516 95623
24835 31642 128737 130879
8081 13816 20343 114054
3818 9292 24101 37283
45295 28162 64648 73424
26843 44663 38195 60342
9284 23719 60313 93832
23908 26912 80822 84286
15169 12580 77371 119833
1386 35326 80870 116356
18063 1632 89965 117806
205 1680 658 37621
32582 4873 110660 125633
25221 14509 115807 125343
26895 21831 31456 118483
24012 27681 46184 65982
45651 25813 121963 126911
8594 33517 98170 98855
38843 30249 17823 84997
12537 29163 5160 62251
32170 25541 99262 126118
19812 41479 108373 123446
11757 3073 89487 109749
27441 35424 58209 95556
5360 12477 11998 66732
28377 13530 37306 70075
28308 38579 54246 107176
30808 11856 62407 122151
34112 36241 41397 90322
6792 45358 2036 94408
11292 40513 118467 129384
38245 7583 37797 71496
30250 8062 72739 118448
32207 25009 100931 107488
42596 12298 93813 100153
1183 42433 55005 83095
27638 18385 100056 128228
34423 20449 107179 111031
20609 20623 4695 60819
45180 28088 81594 94135
24073 28687 102332 125509
20452 33322 110671 119921
12420 35946 74913 82865
35017 40237 49856 100242
1194 45467 26125 80048
35551 18670 104123 108842
48 31770 450 44872
34103 2185 35724 53033
14480 33405 75637 112716
39289 37895 96543 127722
41129 17129 73603 74361
23671 13203 18493 37889
9599 1660 108102 128495
11837 11246 25671 69669
19766 16675 62464 71743
24597 34576 88932 123210
41023 21284 113022 123424
27822 40952 273 64566
10826 24989 75061 125625
30270 44913 116048 119138
9639 38475 25039 105911
19341 42038 116755 118814
42883 12578 100098 116568
18370 37926 62691 81329
17807 12180 43094 103152
15146 18661 85174 88627
14933 9581 50147 101712
26864 31257 45691 67642
40962 16090 36013 89088
31017 39366 34609 42205
14475 43944 52740 60182
38198 37623 89404 90056
239 40139 65145 109959
39346 45229 16676 32955
3391 374 102689 122636
33436 29737 29095 54308
19240 31461 95339 122161
39605 27290 10609 88127
46421 9412 91086 105010
13862 12157 122784 129942
21730 287 103646 108638
27727 1101 14305 129655
18645 4764 33233 126397
23929 35464 19705 77815
38533 42379 33063 53370
23798 1722 23242 69299
31023 18865 118810 127546
46187 17117 84253 114132
44287 19212 66592 116232
7327 2801 89198 127260
4075 6384 22467 121853
22716 27455 77715 115933
5111 38032 53426 82606
15998 11311 3886 65575
45297 28585 94176 126342
11484 26411 10672 52685
22435 40071 65170 74744
34448 33600 8374 110733
42186 5641 41253 129715
32184 33220 75673 129850
33756 38140 11665 15987
37081 42976 57895 82035
26712 44406 56561 96738
6379 29931 72788 74782
41274 33818 60630 97425
7440 30957 55110 105109
26343 40070 98486 125214
16244 40386 105228 110617
42159 10393 69010 110878
44867 38478 113899 128012
38441 37396 131606 131892
35217 7024 72017 106223
22710 6775 23055 28882
10936 24669 27455 67573
20493 44615 53127 126001
33641 208 90613 94648
10300 25453 21784 64554
46606 24492 66097 113666
34053 1440 65443 98128
10522 20672 62621 91749
18891 12913 108700 123266
30714 37786 68448 118637
18981 37551 100080 116955
12243 20333 38133 97895
5929 39250 117618 129946
17175 46189 62743 97609
16220 24794 115911 120330
7471 35172 59325 122266
16583 9220 88463 131361
46425 33185 70068 113805
18925 29107 67331 94291
12138 39998 38494 80406
36914 37027 68557 72784
11886 19793 91785 98212
24669 788 118485 120800
29568 43429 90974 131778
18477 17595 16802 103863
44401 27886 122006 127109
18026 8047 118763 119426
2357 44944 72244 129522
37756 8043 14570 70213
10248 32698 29065 63164
35180 42348 14532 18788
26116 7479 99713 100802
4594 28375 118200 118482
35256 7419 72961 77919
1287 802 111979 113814
16102 27976 61109 90409
35511 32798 29705 95372
11625 14343 129842 130370
14322 32273 126510 130473
9366 10979 39703 45788
39146 12428 55809 73643
3708 19246 11631 25484
44644 186 87515 110159
20437 16253 26559 71683
31108 21010 106457 118469
43583 6692 80891 119732
13985 37469 115397 119034
40291 12283 39719 131478
32902 32010 35753 37208
35721 21212 99906 117673
1221 28435 42590 97683
1299 7017 69157 129447
38153 32283 55849 66130
33300 37353 67948 88896
15897 11998 129899 131534
4868 33335 59633 65493
29157 36143 70556 128694
44338 6308 19457 23388
46490 120 23354 25225
33577 3904 40404 117698
25363 3945 120352 127693
31011 13821 42706 55371
843 40157 59038 96811
19912 30988 125908 128092
29223 33869 66755 83107
29977 31555 116584 123666
42291 6013 1842 85896
45003 17556 18097 39205
21956 27736 39087 85288
10054 9817 91973 131642
12459 36864 84424 88045
35224 19801 59565 98339
33244 25280 14723 85821
13205 30597 68577 85200
22935 32321 51494 129441
39476 11928 75475 97673
15825 45336 92525 122736
32273 36316 24186 74111
945 39539 117150 120407
9741 15025 36460 41848
11385 41311 105045 130665
46007 2140 33314 39291
2968 20439 103328 112591
44848 44219 51438 112952
33781 30072 23190 52901
23936 30497 17756 68560
18144 3970 54532 110913
30179 20970 44476 96926
24017 14123 107325 130781
13856 7766 65303 74419
21440 6089 39021 86207
9336 44367 4814 77406
65 18619 84587 126105
34378 14383 118879 120827
3010 3449 31091 117520
31778 18129 14923 19905
39152 33959 124664 126902
942 46345 62000 131830
12094 23705 73120 114559
34630 8720 30896 93469
14150 29205 15331 42173
15671 22947 57082 73641
27349 8148 122098 126855
28633 30563 126000 127161
15924 2071 89056 114337
20345 16960 54179 107821
26967 37791 115258 129247
17967 9500 83545 85930
3141 19778 70596 105088
29579 22205 96203 113300
21957 9792 30036 44030
35797 32758 41120 129960
5557 4467 105012 105708
38404 40913 42048 66649
14250 8294 128770 130457
20478 36661 15923 44775
13709 6777 80566 105861
3394 33040 40382 63276
32133 45016 17683 129111
1959 7855 80408 121437
7285 24260 87917 108899
43629 22598 99337 103152
31950 11174 605 101213
13023 8427 61232 67895
16348 798 112419 119740
34072 40219 13008 110390
25459 36364 89107 105895
11461 8522 118996 128382
27072 17142 66518 120443
26931 37781 130902 132060
22082 44305 15553 61169
16429 40147 12523 94429
22854 29045 30789 67819
39642 14296 44854 72578
28463 30240 107994 119794
26118 17909 126513 132094
12552 15298 47776 99505
22995 36707 111146 126670
42436 35224 47394 61190
35670 30223 62736 68971
1334 42991 113489 120537
38537 45504 103916 114940
38000 22085 45719 87558
21986 23175 113644 114033
37659 19578 84817 91699
27954 22459 53727 79401
31014 8139 90937 98289
13015 29198 80598 95003
30638 1591 40471 122898
17190 12732 80868 118142
42914 15050 6466 123516
4489 17216 38259 102123
30888 23429 55399 111816
6648 24446 93955 108711
33657 23527 94179 121032
19509 16350 100163 119739
27814 20612 117173 119368
27094 27625 51615 111952
4594 6686 79448 103644
16248 5465 81212 90428
18302 9413 56186 99078
26729 39573 68412 80041
4043 42106 52649 84738
37768 44609 45480 77898
35052 2458 5583 88521
38347 40059 34884 47374
12788 28195 25420 115382
40598 37760 82170 100255
33342 21598 17800 122404
10584 13683 42363 96945
38910 37188 23211 121348
22323 32768 23703 40379
30965 33380 48768 117669
45464 28134 87931 109474
29047 10048 123936 125861
10298 45294 42801 79705
42772 29659 35335 69788
8166 20453 24600 73163
11223 34001 112874 123683
27065 5287 840 72343
42116 32858 45630 69305
13555 17187 68155 125525
11269 15291 129107 132027
31627 9761 41519 120105
35004 40512 16439 47018
20537 686 82347 125947
40776 15774 21608 60087
10760 32541 93434 104629
31871 37920 17802 35631
14404 21063 47606 71392
33551 283 84676 123430
45465 20817 79805 119305
2401 6546 73949 90357
40671 26942 88392 120262
31497 24332 18977 70140
924 37244 123883 127720
44849 11186 41428 92875
34879 37158 95641 118219
43821 24418 55411 129743
32038 15270 118434 122529
35996 18221 69401 94032
34807 15133 98429 130485
8831 5417 64928 129485
46332 18062 39115 118173
14890 28692 54671 122756
33992 24137 20288 95215
15859 45726 37140 118432
21500 38251 69773 131756
42080 6731 80137 120261
46516 20601 83095 95481
38624 6709 93189 103075
18975 252 69403 93137
34591 5724 108544 126498
