768
76826 5499 95806 169142
20161 52517 191114 250589
20792 67709 230083 235299
36761 77447 190761 263698
94194 63916 210064 226897
75640 104083 153030 242653
96626 30409 248944 258948
31932 76982 217099 274826
46138 88255 104352 276078
31159 96010 98341 166212
1564 25936 242504 274906
71082 25086 44482 260719
17179 32841 138496 182701
93435 77210 218330 240892
27640 57459 194753 209800
9384 25920 236166 269621
98984 54840 264341 270894
7913 25710 155790 276366
75134 80748 125466 182441
51536 105420 242623 274350
91078 71890 146107 165031
42478 44763 113090 127122
96152 62909 230644 250124
84534 87213 162465 205318
18950 110836 26962 264661
19474 86874 240998 276422
20150 71451 225474 227909
115583 49430 195659 233719
83927 49091 245755 257063
115010 83356 195674 235136
38615 61739 285204 285543
110011 34888 165316 234779
30868 75371 262888 268509
83489 105294 8288 8312
106713 68709 16027 166816
82540 27254 162052 176847
115119 102793 285280 285379
44453 11042 196730 252321
78871 112312 166659 203467
68320 32267 182895 250398
103655 10239 258895 268188
74608 111334 25001 274475
16986 71626 156071 194370
1684 107663 16772 209827
116033 95976 35413 273142
91201 15328 239760 284654
111929 39467 146761 186196
10670 83223 216490 278731
5286 79243 42142 72789
56060 15330 186187 215605
65157 46623 55381 138104
99197 93817 182892 236278
58261 105208 50900 267802
69848 32081 39935 82155
22728 42619 148467 278913
87302 93391 66945 221502
107571 85432 25151 75614
6609 19745 274158 281962
27870 67001 232403 265781
60231 37006 178531 201693
2165 71395 241894 285379
37841 87127 58711 257045
39223 113183 99006 132141
68084 107680 52183 60588
90597 24362 60521 190010
22505 46686 193301 231892
85047 55820 32759 181342
114459 46446 66114 119867
114051 6058 78592 150726
11922 88126 126095 278365
57177 103256 141894 152435
90109 9710 93696 257006
84377 52173 62469 193827
98894 90280 78946 265216
28347 18967 144855 283442
91831 72136 245926 276018
76634 70486 133177 202988
58783 61937 202591 249543
84558 3251 235308 238716
48398 62012 52488 180878
29515 56101 211579 256288
4017 20441 114054 231351
51529 33154 108239 276199
9330 16073 21176 215005
82802 32979 252628 274047
6461 101728 39783 58473
98000 73757 105020 197839
111174 86203 5514 272210
94644 21326 82173 91951
104927 91881 161437 268974
52903 77808 96590 135017
41617 36856 61681 212223
60364 113793 124724 262239
111465 43304 74791 77958
16065 42844 157628 258466
115026 91241 125073 222604
57790 84001 263380 271505
10228 101493 50258 95162
117384 31286 236770 245537
89136 105803 273996 277105
52715 91738 173760 211685
10360 98593 226302 249983
114866 72573 16161 190746
36081 83797 82045 242481
80727 68071 282728 284806
71210 77866 223606 253005
700 96724 95014 172912
12572 12238 86563 92430
77340 30817 53560 176842
80804 35374 245556 277029
92249 16949 73444 166265
103183 8612 47460 258941
88601 7108 239955 276190
4401 49454 219105 237876
113254 106890 144109 220391
102159 56122 194633 247002
8896 108597 57265 258148
30068 15606 94511 227240
52964 34025 72884 80606
94893 86910 271888 275972
18670 1091 168911 215080
99823 111511 194263 280410
103067 106891 67319 103604
82043 344 218623 220026
96830 116006 197970 211942
79228 94073 247613 266441
16896 21078 221877 273938
91390 58641 105799 251557
94744 97750 157005 254968
97246 2990 19497 207012
69479 4008 260556 266289
55921 81626 262658 271929
19729 85724 232176 278802
57898 74591 234728 256309
95478 49499 115954 128418
90312 83983 189021 285337
40775 75935 190306 206952
98392 84779 5441 48184
14724 58763 236519 256622
38584 15945 219083 276413
71670 96032 3554 223526
10371 67205 280237 283845
74547 76384 78331 146410
27499 38442 178404 205456
103059 27420 44365 180621
69313 47964 152736 161966
115964 29881 239689 262446
87332 111495 157873 283995
12563 95676 177418 217930
33070 70971 98996 129777
61250 19287 65176 269210
106180 91934 280660 284943
112686 104349 96848 176080
4083 88322 226635 252071
52847 35978 18492 206275
23427 72112 65954 73965
114819 107048 32955 93917
5188 4677 18676 117004
52585 67200 210053 282929
108320 82219 250702 269789
6498 40201 123345 282193
99319 43771 19271 175956
7773 73765 86822 230464
20273 32132 77014 162110
70286 5434 23377 192944
39208 43658 51267 283035
25268 40573 182581 259130
38940 86999 246367 278854
88360 32755 82323 206488
53846 37566 116090 146989
4143 88365 57261 143617
113949 47748 132961 230301
91168 21912 144722 270556
113414 85694 65526 66070
63013 87345 276252 280282
68302 6470 117646 138120
105511 77922 202142 208651
91394 111459 208213 226034
77681 98225 105127 191340
45769 116121 16913 84902
10520 36812 279226 282349
64775 63855 234165 274143
36495 111578 269547 277769
58917 756 106515 195031
6677 110632 262665 272635
95526 100068 224870 276169
44837 7834 219108 281102
49162 19389 233995 238657
112384 111085 10843 139948
79441 63791 174097 174203
75811 97037 180348 242845
37409 59066 274093 282135
70030 85209 35678 243691
114641 2437 264400 281547
8178 11525 124350 278803
14598 108779 91728 104243
79202 68425 79603 267136
55888 110633 113109 178336
1923 37395 262744 281659
89734 61545 248984 279538
10621 38366 76531 248768
10885 31879 136669 201906
66973 53480 21672 266149
93107 42076 88140 111348
17132 47298 139533 219777
11637 8876 201519 213329
111143 92105 106984 110065
104042 36842 281234 284819
39535 33601 29359 128489
64089 8265 95132 130168
49411 44655 105241 115006
24853 108762 13183 213814
60475 1151 136783 255990
19826 66608 147466 171465
724 111647 217916 257599
65918 49139 71192 99129
76828 74990 44547 220573
105702 20217 175700 229839
33228 60795 129776 191871
110882 70485 260132 275136
13151 81219 261966 269079
40425 38619 197507 263524
93737 26604 11413 172574
13326 115561 71296 275137
38906 44637 135055 239844
86485 59585 249273 274972
6319 82622 80286 236091
40142 72809 8187 274113
113048 89854 145550 188734
44045 13176 144341 226635
85412 89174 191831 278665
84670 25519 18588 218396
571 94987 132410 256954
103856 14879 74785 113856
23296 25099 197045 281659
108726 8228 219887 256525
68943 115984 162652 177605
30911 19359 80553 233865
107403 96752 23073 252306
105780 28116 255353 285009
62572 73379 179487 191260
67653 64213 130562 251091
83755 96172 157501 230550
40775 92202 39981 71358
59992 67043 230152 254562
29160 59553 179129 267920
55800 88567 5476 38208
82594 41925 75364 261289
12899 99684 11999 47631
17640 9386 278354 281477
69371 32171 204934 282765
69871 1408 130659 191314
110318 111281 17037 219260
89489 9313 47173 72170
104715 42454 168247 272330
72120 22784 252751 284078
60356 18603 120953 261444
78763 52885 113291 155409
23228 56888 45736 230455
58047 117408 185075 204804
22319 90274 279242 284254
56528 110078 89051 268872
55995 18427 25884 231139
720 81286 252181 260544
57521 24316 25568 263679
52187 10530 577 87276
101121 60698 264456 279628
1604 116454 167082 190069
4458 69744 33251 280916
97453 13094 253579 266408
72991 68026 47266 208092
12907 15503 170035 223652
98078 56104 231192 279006
4613 114890 40615 52079
65186 26043 121510 153944
100710 101818 92230 211131
51626 24975 44407 158960
114579 10328 129293 192798
30484 4881 187943 207359
5911 29575 586 225051
104979 32867 190716 273282
40058 117611 10298 274199
38829 44488 243533 274020
91900 97103 151329 221521
21206 39682 41994 198315
65685 32025 18578 184996
39924 107950 39742 152684
30332 110091 216124 237649
63761 15272 271687 272553
100956 111279 268769 283312
94925 110068 133809 153224
61665 97132 268491 279552
11738 67624 117166 162824
102279 97896 278678 284050
13808 82239 145233 184349
42604 73535 109564 248084
47747 4628 165333 209322
66230 57108 165376 236606
82148 72890 259475 274379
84359 84313 27664 273235
21245 77701 116141 118730
37207 58154 143904 268654
4717 80316 215601 251377
70798 41696 238218 239015
71912 99658 200589 233642
21285 103128 182052 277266
56581 74522 234861 272646
51696 55403 9037 131435
24300 47071 118589 247209
107954 129 114095 260394
56577 2906 3352 74266
52540 67852 7854 160101
53147 40935 155718 235803
872 15168 60698 198688
110948 87345 175993 233609
59384 90182 65199 182634
24983 5597 77615 231533
104597 106347 182890 268632
66765 80819 158660 186589
38247 104651 17780 158408
82194 19544 106305 176586
43506 54740 25049 131138
67171 42611 44831 269923
80887 100193 203721 261918
45617 64681 257635 259015
65156 22750 254326 263280
43740 10244 102844 210939
29027 80647 178829 243812
30523 63607 91934 145998
4188 23225 186210 233076
107481 29364 99918 238090
15533 102699 171940 261548
22230 48698 279598 283820
114204 91604 96999 202868
85782 6039 217349 217430
74449 78423 231942 239440
94318 43503 118723 127510
73005 76269 148334 217431
111165 36256 253915 273384
85198 44324 177534 263678
52205 837 98299 231397
21664 36195 251220 280466
41507 20612 44649 263817
83297 29809 58953 173836
48556 93537 269288 276263
22223 20731 139688 202969
45691 30752 15215 204604
37441 114685 23993 101901
100502 41807 115485 264948
38163 91357 222748 222780
39000 100314 100464 212969
109973 91374 218937 245963
61141 9935 47849 148979
8924 108017 274760 282335
3762 115615 8599 230369
14384 60840 123585 126029
42877 89609 113994 178479
97306 19405 274457 284339
50729 17178 15320 190353
35229 48697 278231 284847
14972 38861 167532 273941
114146 117628 123267 226774
79626 31049 181006 221782
46769 110799 193263 213596
31907 107864 131178 246770
48735 64719 31374 231906
82250 23140 148065 203078
31168 88787 97073 217782
46380 62688 197116 232931
45525 115697 22306 90351
72763 20074 234447 250989
16688 111765 93445 244504
54 26578 74801 209369
110692 13929 202127 205615
105029 26901 209696 256134
38017 78115 138167 236277
11969 51586 268579 280679
104438 42933 33797 119440
53960 70423 1964 34422
106283 28890 165973 248218
89804 116174 98185 129271
16245 21568 77989 239805
31298 81717 34835 46918
68582 60425 279928 282871
12946 48082 217335 223213
37804 103573 155494 266550
25788 43238 72119 205649
9267 60929 61565 265218
92515 47415 215486 237696
69137 113786 222538 233516
86212 42977 12629 195895
80362 8629 84382 195922
102880 47961 111768 132232
54548 38810 156692 196424
66821 62017 185568 276372
14277 12403 155463 261022
39531 10522 196780 214948
51251 2712 234283 265525
82540 28852 193371 228187
63112 35466 37380 228059
19496 68484 167795 213291
1948 72384 85466 106431
115902 81672 176701 202875
35422 24806 45944 244916
19561 64502 37431 75847
54812 43323 128163 139143
98383 95125 13703 73426
68137 12104 122198 222804
106182 60906 60992 67902
112515 104983 107698 157393
117231 38544 176763 281486
58232 21623 35212 150022
54036 51496 154567 210204
115124 101692 32837 43807
83835 24135 91655 232584
29419 15326 273506 276870
111442 113800 61049 219575
34001 112616 63764 219001
50964 103799 48573 249106
64507 81766 80049 206175
77758 16463 131829 233141
108500 47778 254857 272108
17746 100558 133420 203749
47127 90329 12445 81728
39674 32277 15639 283674
83338 97065 179745 199523
952 33022 38806 120338
49403 71431 206177 225290
55076 81258 215897 224577
61898 111373 2481 251903
110158 39609 53098 250554
82454 43236 165775 227372
92111 35857 20383 26704
62011 96089 60334 93332
50660 9721 273367 281753
559 107914 131758 209733
62379 48237 137996 176561
100749 50939 77621 209051
115848 106869 150470 221810
15035 1314 1564 67626
113853 87218 112318 229119
16219 105576 251537 281003
2527 48395 269605 283773
79775 104585 121610 152702
15316 112235 169482 265204
13914 102317 176047 283124
116425 71183 5443 168320
107417 60441 112877 257060
39672 5932 108026 231934
39567 103045 214375 221867
91362 60336 102336 128003
61698 64561 9520 74826
48717 14958 21979 36985
14380 39105 84122 162673
49909 104084 107173 230755
34046 9938 23165 153552
111899 41796 17778 222752
21353 8191 159929 254050
79220 23011 97834 282490
54766 57705 201448 229709
100583 84369 198732 283696
29264 15885 110987 135478
66566 11843 28993 84257
5732 86393 191116 198311
65998 93621 109986 129771
38922 34297 40801 166647
113110 6233 77332 252490
8969 64198 139821 235555
67679 36641 254929 277357
92519 34861 412 243589
101381 80422 233914 268601
42714 69081 199733 205115
57459 91786 22110 189785
45355 62098 246970 263739
41678 7953 45601 139186
100893 73563 196683 211606
26939 66974 230121 230908
8679 59119 37804 258907
89605 36153 50021 171123
41385 109198 136289 228442
114091 109634 243857 275336
33792 31047 264061 274718
32833 52849 96205 117663
86602 52959 270772 277138
73041 103159 268707 272734
76744 61104 245680 255643
93359 83405 29680 111065
70088 44543 276488 284247
9783 86492 53765 124613
37206 5350 239012 252623
2139 72780 270134 280711
29912 93549 222740 254231
41644 24478 232813 233217
65486 32389 34177 276967
109007 24170 273851 277865
26511 107442 12669 25824
40467 96656 129352 264546
46347 103492 283391 283716
66916 23574 172464 272154
114437 27543 280571 283386
33292 108222 161293 193098
117250 75008 165847 176900
24214 64993 65467 103069
111492 20596 16109 37500
45901 69408 247337 256612
15041 113298 97471 236040
29059 107939 22605 107474
11254 71469 3144 3619
40218 25250 212458 234549
32663 78433 207393 276632
112343 135 189881 252673
112028 102499 57954 88108
75508 39614 147440 186730
7587 6462 188278 235186
117204 40715 221873 223700
34590 78349 26026 236657
105566 43144 131510 260814
88590 107048 107419 274735
30826 47494 138721 227781
89647 32715 279476 280358
86758 65801 19914 190173
6793 18272 84962 215551
68989 104415 267106 274469
74295 22983 77905 276724
42421 97115 278921 281170
16940 103182 233822 244015
51421 97687 247602 248750
33291 45659 8648 55305
22812 3752 158345 234754
39826 21196 172476 256737
108617 77254 82553 189756
27875 11684 92898 156433
80668 39508 191143 215352
15105 30413 101675 216279
21716 100378 183974 264272
76613 593 279335 285078
34572 98568 231778 239540
93352 42472 18842 276109
45479 76967 195708 280319
81421 117259 53447 150920
40080 46692 251653 280383
64788 83677 208649 276234
24505 46367 215288 273344
81726 59070 153572 234559
28813 114530 258832 260820
2737 14345 2557 17768
11843 79759 4614 93048
47620 86294 51045 109748
35635 16576 280278 282095
59912 31644 208644 248168
14002 94632 172543 176856
18776 14769 88138 256599
90240 114854 22747 52650
103408 32710 131464 260805
108015 93101 204262 243259
14738 59885 194812 226325
42000 78342 81972 277851
35082 16447 270475 283385
42857 115871 44049 177929
40014 68027 62693 131889
65212 87744 332 93210
91041 71209 190810 256575
112215 99422 274573 274747
72025 79822 39224 239498
76396 9203 245458 280966
64329 73089 161592 269777
30443 11620 252399 276015
68863 68554 179356 265328
1908 96588 228744 241505
55587 52381 54381 269054
45181 48730 159101 189463
97771 93851 266764 282389
59369 27886 101239 223837
28338 14806 162712 184244
111481 92489 231399 283091
72976 99774 20165 237579
43870 6389 189762 244338
116047 80350 234128 262517
44346 43081 73319 197588
96871 60517 155624 215993
80463 107124 228158 282998
33619 104601 20463 261354
35402 95923 284030 284805
76455 113918 28078 198952
52353 46283 268035 283624
91168 69174 14218 238646
28699 5628 160025 164560
56650 26666 196782 249772
84188 52639 97986 128804
101502 96158 178873 223787
117394 45963 11658 218608
84413 21822 150591 241049
12969 10196 189883 228564
49007 96449 86359 109763
43520 69233 248370 265064
6208 106784 67238 184944
114619 62083 212617 262292
93089 91874 140062 214468
32998 25501 115184 124778
84457 68006 116719 180132
9611 38221 6493 278186
64372 77380 88193 233304
117076 26921 219010 285046
2878 90774 263237 276546
22578 13094 109806 204593
55040 98539 153036 156766
9646 88437 136081 210769
30751 95453 246962 276203
54178 51579 20122 166962
45569 89992 95408 195890
3773 42281 38761 267820
108699 50318 70874 278358
114886 117433 216584 247229
43956 47342 234887 264131
17665 1194 29272 106756
91885 54896 53900 250385
3877 46111 43438 191578
23022 41564 147517 172946
107016 58321 229187 272769
94084 30668 126637 132960
65998 101955 25363 122960
76470 5188 16196 42452
99341 55329 191878 249296
83608 106634 69570 216266
20880 21820 156234 203266
26821 114963 270982 275907
27704 55687 239795 246997
44640 112782 155409 267119
69908 100943 284133 284713
23715 61445 156182 245021
98035 59128 197237 225779
71552 90259 80602 81137
23827 5724 87571 101428
55362 28161 25798 230658
9149 103186 247466 269048
90324 47111 190049 277085
36530 26161 264388 283133
20572 90821 131168 269063
74966 22227 169298 180006
37514 100697 241341 263015
109585 26884 118404 225177
4722 84038 156033 233167
30456 72188 95123 180066
32870 74617 177578 195157
27103 56865 192948 203783
15226 83964 68365 199041
22467 37778 98407 137517
88504 84255 90892 137015
35968 51391 240016 243231
6192 31710 166731 255386
63933 5368 274434 280084
74645 16746 187253 268420
83279 107891 257078 285391
7520 97782 163063 271692
33962 102879 278330 280088
103651 107069 189555 275022
3157 27831 161862 204883
63884 56536 166918 196178
28522 35791 88748 156234
114293 106822 199073 229219
114494 18751 273238 279170
15885 66238 272202 283143
85858 66582 200537 250132
52326 115533 192479 215769
99702 50884 196126 273098
85448 88434 116618 182239
4874 106656 68275 159193
107494 103346 204920 204972
62944 32584 13338 71582
60518 31961 86681 238835
98617 41180 36025 79581
115349 75894 135477 222673
50023 94901 84875 114928
72291 103121 90907 284949
28015 1908 253045 279895
47061 82582 99138 273490
112823 29427 205688 236909
84291 41159 241649 282192
46029 54825 203775 274671
71291 70648 126962 142317
108349 43158 183386 210778
79217 41507 246659 276194
77962 75748 264518 277855
12292 104675 218757 242439
108879 53915 212289 281184
4569 115840 89405 177632
112413 46431 234582 236894
17658 28604 159107 216707
90843 81542 216461 225843
72494 24199 202542 274295
73056 26890 132840 236836
18245 25665 13091 237144
48997 83924 246626 263502
68729 67153 203844 285534
56903 104522 180132 254366
40441 62936 8907 236417
23420 67648 37433 52298
47726 71326 150014 208335
44548 36227 232338 242310
56308 96063 225828 253008
74347 32066 200422 273163
63278 67118 187353 264697
44801 115399 134771 192719
62227 85496 270820 272090
57613 70143 216074 282829
97722 63038 52141 182192
14444 112846 144675 157825
77005 37360 78391 113178
42241 110064 47544 250864
25647 105488 100169 116860
112387 28618 115134 213635
105686 22815 102455 183335
89969 52926 235454 259170
13292 18208 135767 248055
23187 19942 37260 239748
11521 86393 158918 223724
61025 27386 79060 191341
41195 6810 250682 280206
12891 6083 107287 179038
23869 38081 107909 192797
37362 33083 105162 195774
107491 60270 249597 261383
57662 117392 48975 280426
97206 97849 192879 270138
98713 116465 279166 281138
28044 94781 161052 163819
32531 73826 143966 248838
36627 115646 112066 267591
106209 73687 284465 285564
45194 41625 75688 146551
41727 6428 136115 235473
107829 27220 138985 223475
13786 64403 205621 225247
48232 39327 200418 275367
64580 16006 196765 245651
33622 28779 265124 271792
15226 93768 109618 194321
38717 68787 89387 189790
74358 60268 107596 280677
78804 35975 133267 204658
69598 9797 28389 200817
21720 44226 245336 263454
89373 34703 110065 244426
46770 57898 180384 216901
52622 74623 197553 284002
61798 51722 160063 273491
109674 81268 249311 285649
105921 21111 95283 281432
115756 112329 8286 148816
30466 87306 39846 175652
108032 111497 103655 213851
29373 4944 271013 273653
1865 100445 122410 179852
7004 71154 193479 194377
35678 53013 112284 198411
15285 4557 31147 53743
99406 40038 249988 254050
15621 4326 118962 233187
41764 93257 105557 238053
8424 59408 38369 190378
46853 2631 137881 228889
110229 13179 172758 183466
60867 96201 181588 285063
37132 46608 165928 219852
22614 14494 107554 263128
61093 59264 282705 284669
54314 33537 228863 250329
114812 23022 138369 263455
