40
487 621 4016 4067
198 13 825 2361
76 615 4011 4082
572 610 1164 1978
431 88 1614 2276
716 574 2703 2987
512 155 1380 4001
167 386 937 1187
475 107 3196 3896
589 400 414 3817
9 155 1310 2871
408 384 1893 3103
206 675 2633 3697
619 486 1120 1457
183 675 335 1790
171 46 3178 4030
717 633 2733 3679
699 70 205 2101
523 502 997 3379
282 552 2352 4003
492 24 299 2866
364 281 626 1849
23 311 3379 3940
525 456 3589 3594
527 591 3571 4098
556 644 3896 4025
532 104 1798 2195
588 172 2972 3628
485 683 4019 4034
235 34 2625 3023
658 290 62 2869
62 483 2453 3463
455 294 1979 2225
211 120 3123 3155
620 32 655 2823
154 329 4010 4112
108 599 821 1157
705 318 1241 2822
333 164 713 1733
487 514 83 3692
