100
2593 2369 2276 10058
677 2331 4554 7473
658 1473 13185 14540
3516 3940 1409 14978
3605 1831 17380 17395
2322 429 15925 16730
1763 922 1626 11342
2300 1221 14187 16115
3784 1654 4520 7200
1684 3006 3147 12005
3258 3586 12707 15177
1064 1579 9899 14657
3795 3090 10960 12208
3794 1741 1903 3153
1763 3341 16263 16266
3739 2094 2027 6337
2991 1020 2899 9284
2855 3002 13777 17004
409 3078 15760 15869
1796 1225 12470 13291
3193 2890 13670 16417
2843 2206 13183 14534
2339 2886 17291 17298
571 3192 11743 12069
447 1420 2560 15598
4070 3079 16422 16960
3193 1257 10870 15048
2632 622 9946 16721
527 2735 3669 14961
103 3681 8963 14913
3628 2608 6073 7687
371 2916 2377 4730
3678 1858 17196 17260
2639 897 6999 9177
3178 2123 4973 14337
3771 3889 2319 7019
2827 1145 7430 11139
3825 1023 11603 17175
3255 3074 14497 14508
570 3118 2297 9689
3365 302 12866 15938
509 3863 13808 16857
1437 1808 13712 15410
184 2131 13311 15566
2170 1666 3098 12310
420 3203 7793 15159
3964 1557 1517 7110
774 3680 15269 16195
1405 915 9338 11302
1790 2380 4987 9797
22 4051 10920 14115
3033 3884 15033 16739
3615 3383 13319 13817
3101 337 8228 13417
3343 2603 9289 13726
3330 1007 15728 16107
2523 3181 14546 16372
1474 2632 15880 17047
874 3041 2735 7196
1087 3975 4827 12850
235 2642 12857 12990
1718 2132 1030 16053
2508 1376 14234 16596
301 446 9511 13741
2479 2991 9168 15389
1613 3440 10248 16788
4082 1421 12617 14204
504 2658 15451 16141
1812 1070 14245 16868
1005 2247 9343 15439
1700 3283 1947 9202
1999 852 6194 9831
2618 2043 1996 7229
3228 928 12447 12793
1498 1779 12449 14183
1023 1942 4140 14357
2415 222 8237 12417
1963 982 4695 7973
1947 3236 7135 12143
1807 2 12692 13537
1526 2204 11558 16433
169 3343 8131 16647
2063 1568 3161 11756
3683 323 8204 11464
1248 1002 1053 14098
1977 298 7195 14188
3570 253 4295 12261
2416 2755 11243 12260
1973 2154 2005 8476
2416 2543 11696 15864
3671 3093 13075 14705
202 3563 15911 17308
2467 1200 9686 14346
382 514 865 8867
1074 594 7075 15046
447 2309 14818 16996
231 1325 4689 4738
2279 1267 3418 6098
2911 3692 10338 13989
213 2739 14833 16797
