1600
108229 11595 313110 376033
13620 146707 427439 482071
126331 157600 403156 530800
18227 119209 536836 549674
167345 91844 172799 462751
179435 238542 68361 501229
175437 146120 138311 528489
119390 167582 291342 329469
151311 92082 463651 542911
94065 166205 108460 374956
144597 104485 379155 505991
52374 8552 555362 555860
93343 2350 250470 535494
213807 29973 273409 410370
20123 50224 529706 533846
139335 38456 194776 295514
64646 135831 50005 116488
255837 39019 406454 406856
41719 12120 104789 507507
127784 40569 227845 509215
234213 229058 181666 225550
52083 155605 212176 267949
21471 243606 348251 556267
240632 190050 510847 552885
88681 253250 456264 501939
228938 101919 270250 324001
175228 142345 341780 395323
96481 164333 30563 181614
224540 173820 549981 551834
228664 10929 539414 545567
20015 249435 534620 538039
11410 34098 516173 522410
142195 115361 326425 468296
223491 240614 105582 126843
112777 203291 327225 378833
113951 27799 214991 298495
125515 142662 139907 535054
13921 29863 212770 440567
68834 120864 344902 413110
146072 10099 505249 537185
167385 176691 354413 419857
22755 157614 70995 284943
8304 195671 527655 551969
68999 99793 37398 117337
119298 255358 54791 501155
244705 6428 298354 455408
6789 172235 301658 374224
176531 209390 138945 256098
211886 16585 447991 515319
62030 206912 104089 111586
223519 25742 52691 277347
87676 193157 59578 487704
99314 211524 220576 286297
5262 234121 308373 509868
117653 76218 255237 397416
93386 130782 519381 522487
6595 184461 207176 532483
44470 38881 368563 404403
258384 159152 331757 412930
245382 224286 112716 203357
249902 100357 301848 452294
169364 103604 185014 253651
230750 83809 186419 473157
258586 134629 205916 543847
85173 106276 282019 393667
245550 255252 249678 551468
234616 41927 90119 95470
187270 121383 5485 133493
180673 220325 80866 442969
33329 4100 352592 526687
15094 9749 221172 345147
228981 43315 138639 310616
34932 58177 420712 468601
63676 21791 490049 504002
28048 136770 136605 156667
206714 91908 447641 486124
184690 34574 458629 546814
21073 92273 373964 441350
213177 98056 542602 544024
187875 107286 254263 438947
214388 229072 155826 219713
26233 122414 418516 433540
101560 170769 515171 525499
5558 84620 10554 539663
192690 41146 116876 187478
157211 228259 275131 427300
146307 121917 539441 546991
43228 123880 83889 246257
251268 206803 426878 528265
197374 20818 273000 465966
162877 219651 202404 374603
147149 112281 208628 489870
94706 20917 147469 418861
34542 187379 495056 505169
151024 131373 251764 535312
237115 82139 476214 487866
36457 222203 253884 476443
176746 48029 500879 542614
190130 216858 481922 505711
222564 35854 183091 347052
94403 120423 543389 552933
5616 83734 257572 357183
82073 151837 339411 484460
3406 2385 160093 256552
90349 93643 353510 370031
48047 231953 217345 519695
172779 203163 313600 348111
97050 155347 434888 449895
17790 214664 484365 541004
141026 4182 355182 510754
163946 251747 464421 545440
24282 248403 113799 275698
24890 12152 551561 553042
33995 123631 430343 555286
109319 132671 363802 470076
215483 79223 165047 225553
44920 66515 488882 505491
84191 240916 370689 488907
51565 253500 309040 452079
186998 6102 439044 449641
190359 252105 417597 422299
183454 82327 553008 554199
213946 396 194250 520593
137369 198986 274851 487123
62 188132 7751 16670
58181 73 43205 290953
99178 83984 160427 404225
181655 261805 82214 94681
50751 67623 192769 331491
196276 97660 520114 548879
121548 25832 406901 507421
224327 225571 159796 240567
107349 96733 129009 398472
20236 238295 229558 398315
171321 63296 129786 231290
91113 1447 522149 554296
28205 248283 234003 456515
139927 27891 18709 147196
177748 152425 343744 514292
228910 45566 220046 506200
163571 197241 333921 450934
182112 238467 455973 529330
245852 185502 43393 443218
109452 197571 289192 443398
162577 167437 348537 487224
220776 141033 99861 247304
210836 224879 417159 520725
136744 135969 303886 467938
73789 186165 114653 487720
225024 157422 551128 551691
94545 91729 271465 488788
5812 18936 25509 90730
213260 230719 18869 258001
35137 252247 79034 453465
105862 248030 357059 372786
172172 83033 195503 440581
235946 166717 457913 521131
236752 114082 531167 547840
191620 56410 488020 498237
243073 49847 102401 525234
183650 93833 188980 270958
151085 174736 241586 286774
7854 162998 207506 454424
214070 87877 129679 306986
215738 102591 392823 438336
116448 56491 230907 305862
149493 11782 62756 505945
248798 156008 389335 473397
260361 132386 80394 181846
128273 129200 321778 499724
168813 60612 45228 281303
55489 171794 30049 524665
61811 252520 373880 501216
202235 106244 488102 507225
228000 222260 534132 545225
201450 87778 241285 499953
242639 248705 354782 466603
34065 154389 370302 557054
211015 107976 447778 494485
15264 214193 100720 204364
53782 77742 115190 422544
71852 19942 148529 187331
197870 94959 170775 550983
13321 123113 176322 391191
160200 31662 31110 153040
150562 184486 382498 451551
29899 180991 148572 391936
138300 97605 342045 428482
221840 195582 401386 457246
26300 166149 421600 519023
258711 243842 431673 464615
28245 235717 543029 554979
88482 44290 508864 553372
44105 259880 54633 551589
159883 152011 166571 255037
11972 35272 82611 465199
208693 65063 105124 505466
257848 39625 515961 535950
114440 190594 284413 309765
195217 229761 342625 468291
100546 146178 248618 486448
88374 112499 203207 372036
46623 138326 153601 450111
102582 67369 27389 144158
135820 52673 281197 507207
214940 84272 223961 525950
186385 250839 273810 330443
51393 108810 275340 347831
170048 164795 485400 487674
23323 34471 448913 555084
77962 198563 135519 229861
37969 109468 62856 460071
146232 207258 238178 329491
135995 250786 190616 352673
114370 198497 46697 506691
143356 88351 353264 438732
75001 190640 320327 415837
12962 211392 4793 440687
227767 116642 333896 348881
201464 405 275551 358673
218683 259358 219950 340663
68234 80675 494098 531056
202429 55534 11240 121407
235210 208179 533706 540797
66283 35378 270763 282775
132258 192798 35700 410133
29000 82120 100234 415897
216427 28031 42304 75496
231978 230649 147822 440410
213650 110446 217063 314997
222001 6748 374046 453013
37559 57028 417070 444647
142193 78308 69432 110864
235268 168535 502560 510943
118603 128765 13557 263104
200284 206573 82879 253513
54267 259046 548398 551019
195766 36481 373862 442348
203595 141540 5729 205131
156937 153978 175220 495611
124863 43402 399352 523680
185431 110045 490126 546679
148458 118591 169652 277267
33900 206073 61041 535584
236490 30293 366785 529881
181711 164524 170645 510362
255553 156200 91131 459154
143125 231490 169962 255413
195973 171195 508950 553099
80874 39553 70903 199305
144097 223367 387624 515829
230197 110940 321470 438708
67457 14940 226490 240475
28430 174810 285096 486188
159670 48896 72451 407334
187613 186655 404323 493448
17599 19101 434398 442356
52043 101174 432391 439435
71330 41445 183583 536112
6647 162831 523274 532379
167055 122672 325059 458553
255197 19392 427558 534664
230023 115950 342474 475684
619 87075 213411 322596
122452 188833 475454 479206
165783 191411 129814 231321
194334 141446 552401 556362
40105 35882 381870 397789
184235 3722 242358 431045
256508 90226 122285 550153
118539 7291 344654 438674
210236 237300 266220 329307
29462 205895 484700 513374
68442 215693 418774 424370
86715 185978 526347 526744
164495 78236 295029 468623
145506 56422 118738 545511
245296 59363 445705 482837
229772 127977 144767 201041
118167 178503 306018 439137
166366 129410 287955 358795
246661 42597 228272 321100
234559 233726 84025 361994
113466 35366 169214 278648
171878 224964 485236 543060
97754 133368 89981 441638
79471 142537 378294 425311
15939 72041 396516 507877
38410 137026 32188 86022
99556 34577 503563 556041
52618 113938 52309 457694
125041 14066 356676 357861
247030 61413 215669 499860
227887 232427 407439 554386
88038 51243 552898 554455
1941 254074 437525 486126
70087 164008 152233 471357
233237 27259 351692 447390
26698 242972 250516 253004
109896 172452 543378 545493
59772 5330 233926 468928
169770 260635 147820 314978
220646 128980 48855 192533
106482 6772 458616 519910
115446 120011 354752 391966
140571 203396 137252 206880
73383 155247 82684 446253
148151 234417 203300 382311
218479 102711 291559 526214
160382 199792 9796 226799
236461 44672 452271 453296
228354 224136 26610 503038
43373 65315 152329 486900
130386 68574 89930 251986
246787 169025 521632 543460
73558 29656 60528 441498
215031 66844 496101 548655
96039 197162 483034 519679
150529 141625 425674 446418
51318 116918 12276 370592
35575 241965 556227 556875
173345 5112 174455 310600
57249 127441 273476 554683
151512 190193 428912 496061
41174 186115 219772 320064
51743 195752 323598 481194
253932 192474 430257 513861
179320 246178 451872 483346
104147 247686 171944 359602
165768 65578 280785 393309
242594 260151 370477 434789
104377 57187 112252 309703
83797 138746 72975 278278
205346 129018 474834 487698
27286 188876 364403 371929
133843 65872 531133 551584
48301 164945 493383 516361
80333 3658 384685 511896
204821 102387 196701 433110
64959 193997 350401 385737
167915 72202 113307 239365
206562 131515 340164 434140
124612 202618 219038 269498
232509 113147 174472 473315
180317 199499 236697 304663
95656 150250 148618 335529
91685 21375 183664 496459
109368 56936 464345 492386
116929 36776 430211 514404
60017 16358 260144 434435
13130 208296 417170 476253
242397 124709 93986 323713
100025 6053 453487 471557
73790 221494 112284 243714
69634 208920 191509 407569
102676 181297 85013 201086
242775 117411 490267 496411
251820 26442 409729 477927
23150 65135 105849 116518
133406 26186 104802 213005
78170 226402 259176 342023
184308 159624 450821 477264
214579 122681 429514 462368
213642 189704 205240 505058
110098 19896 151657 359136
83293 35211 443264 453704
120716 250479 64394 383547
14770 69278 336445 364713
70487 1925 47320 62517
127672 115548 122586 406421
103761 175257 490413 554662
22942 174139 137957 196704
130079 41131 321125 537713
199489 215881 365978 515576
166716 168834 196133 464035
29857 4374 494388 524752
227349 84146 395517 522644
197802 173964 402174 541106
172150 157987 191778 414200
171167 133003 167927 286282
101878 227879 157343 236027
112939 161320 474798 517218
159762 202737 437687 540957
99315 154023 467445 530230
137338 113336 93066 205331
10556 74250 425921 471313
73052 44969 411668 470597
58967 223932 416341 552369
52847 109235 508250 517759
117904 16436 64920 304822
93385 219028 100066 459672
13780 131915 322846 465050
218752 33117 334594 489944
241476 6936 40988 403005
195255 136571 391527 400006
221204 2185 255270 264372
8315 9872 18353 147539
184510 231727 74543 151934
170280 64515 427705 493246
234295 191726 355798 471677
145851 130770 352172 393623
185544 115391 223140 321583
83609 200535 1308 229856
66129 180552 22829 547528
213026 20285 148873 162732
205255 240859 247082 267199
64593 83831 266050 309880
80929 45675 540712 548915
199989 202752 535533 546103
45650 134851 337356 541965
190907 200453 435851 469758
210788 201180 376074 381422
119163 36009 521740 527549
190215 29998 380706 450499
170504 222448 329621 350320
136755 198003 331521 421016
72481 20965 450975 490520
50911 145894 470590 509949
156750 250880 61707 171748
109965 130695 440505 444523
218575 65118 340971 519466
178233 91731 299933 549967
145884 81867 515257 528035
12434 161278 53188 387947
229944 186617 29285 63909
107316 145438 320963 322499
253758 24007 526325 531336
5791 216607 220026 529482
180872 140794 250751 325025
120554 171484 63829 247472
17623 2346 534693 553941
91404 35529 445264 530617
214881 189168 62232 410319
75782 122783 44803 447462
196051 71177 253124 525244
243853 18394 421330 483632
81211 258500 81577 171731
25859 239384 61410 239382
172788 36204 318886 549287
127303 232853 429261 457902
98113 239524 136837 553085
126690 183652 86095 257228
7390 6944 77988 121387
223376 191035 513342 531556
152820 244294 13388 440213
157199 258304 235715 418825
45734 40141 208599 268577
189378 34359 396508 512058
166687 65806 495823 510954
223047 221960 345356 346990
245227 8352 180047 438858
17428 244175 455612 539280
11045 88569 102915 284260
168285 108695 464913 539747
187448 29749 15513 533214
188394 152340 308078 428844
154286 91819 119353 311666
136880 22712 301150 348954
227096 144082 294295 457912
8187 5898 267572 419517
48724 47679 135269 137521
258007 6790 141092 218670
73964 231216 300316 439964
368 210182 496437 536174
124627 125800 226692 351041
55270 238609 189110 211597
62088 128270 529962 531773
76353 230887 487049 488369
236475 58404 371605 472527
112447 259614 400700 503989
213164 76831 450684 533386
234601 160851 143702 411335
160068 37426 531750 548707
163764 56541 335018 490149
196458 203507 233219 400230
95871 145384 133358 368157
175252 95610 165345 252297
227486 153842 108365 497591
111295 245581 234916 241530
190956 44637 517440 530399
168765 199414 8288 358927
147112 194152 88529 271584
126369 208092 500626 539014
62577 44468 377477 479764
33589 229230 480292 523334
283 129581 368952 369576
100417 175261 465496 549079
212057 91803 67235 342353
152570 172757 343215 507291
72914 129431 248901 350823
180374 135950 121989 456465
15196 133050 481529 507972
63667 220764 394418 493110
210966 199539 46904 516964
4065 120686 162569 290926
234081 132980 23509 101197
21514 217750 74396 394757
136118 191307 426913 502967
199799 259262 290293 395359
45029 253005 374659 435631
131029 133093 318577 515437
220194 15452 264069 302144
252242 3109 261898 389674
26201 47926 37450 104735
179072 169340 347697 434585
158051 73501 484708 503636
117376 17650 88326 532066
197881 180224 217085 291266
212410 87053 409719 539038
94973 79109 548631 556868
204267 135507 91386 104093
105916 55205 143694 435823
87723 124829 183457 416450
160715 210455 125087 375850
33253 57215 136669 501098
133486 188939 386251 509250
189843 105532 316120 417487
195927 12934 311835 473041
95353 106077 477509 482768
68411 212667 294076 320701
96970 99719 469666 473847
116095 193600 72912 516036
132305 79094 452873 545585
9928 160773 327548 464013
59577 40298 181718 202242
158744 150410 524200 539299
159637 253451 488034 507569
55834 261455 79028 190556
105767 29778 136037 405520
199649 5686 402929 537670
73040 228367 44574 498151
101400 80139 58988 401339
234224 12490 406784 471019
194047 78135 429239 519851
159134 52102 373121 507554
66010 69272 142907 341228
63835 186066 285350 416422
145421 6610 443334 549964
85473 192613 468834 477115
125707 223326 167401 376236
41666 6574 56007 164043
236086 69749 39344 86315
167096 106993 420746 428877
198143 196612 290900 338167
44319 46544 401232 505823
113876 14888 252821 453701
27580 232932 401999 516150
9987 62102 213778 471956
99887 71842 301868 498950
166116 61764 524510 537421
135846 209372 399883 447979
147358 228900 219149 254685
79649 43020 284541 428692
215056 116837 364098 405495
257807 94601 296138 435217
52582 210934 283453 458385
168081 174281 267333 503822
156697 107596 139910 161183
170380 234912 83558 99928
134693 10877 433479 464509
170663 140066 113220 209174
132330 155497 491299 492681
202060 227683 197761 367519
248489 155872 32792 548377
261522 260557 284297 341770
76949 40992 74563 159675
36800 215436 439500 527037
108301 147974 318335 370120
14597 23407 19955 355740
176719 105911 139770 275572
117078 131530 460385 466713
74737 8667 172716 402388
64227 192983 476605 517561
218973 28661 406048 444037
244632 241648 1554 113784
202241 68272 454467 523783
162383 69378 197594 431104
181970 145738 517756 554853
262124 68959 377350 538528
93025 136745 377749 479022
5728 211373 306926 543615
38024 119159 287982 465489
184096 213982 275 432072
209203 105216 9140 375497
118802 126442 132192 453595
191089 50988 220584 358038
176926 200038 489683 540292
233030 172149 46877 170724
147348 144403 282154 331046
150524 868 436571 448488
191346 183511 119544 349111
104433 81436 548561 552972
79611 138810 298258 343013
183828 58291 34550 495037
215654 211482 285310 438759
72645 20427 204794 276426
191791 244042 534147 554774
223863 42220 518425 524257
248848 67471 70219 471000
216304 20549 469585 507735
233225 241396 16205 346558
91661 187539 306139 526049
262113 187510 174586 524763
129649 252771 347567 456608
167217 183757 16699 18971
236803 64866 399402 529219
150143 96356 50068 456270
171779 66620 515669 555125
20207 258667 219796 443341
185584 146258 187750 518899
80150 48108 196616 431158
31913 170474 89097 388493
244453 105607 219113 292972
246868 129363 240365 297869
104409 21372 63479 416819
129425 210872 370304 414913
255193 37548 452841 542914
130458 129090 182894 417864
129119 89483 56621 80340
257629 4558 306930 501042
183725 61352 92260 409979
177860 68437 485821 509796
223899 10642 276568 331913
5671 126104 291602 348372
201027 22914 314868 423992
78003 116813 261746 484011
177097 255463 249922 452364
153113 190563 28 70881
245156 185114 228466 365828
187197 180470 358205 395971
117752 251832 552716 556727
131935 183404 253249 385606
39810 12687 107562 311808
175722 167266 556406 556934
227511 253179 279162 475275
184019 245870 342872 371727
91722 44659 531289 546343
120977 37479 434355 456460
91169 136624 230876 342003
39028 8710 144385 333683
112903 84613 14486 24523
109125 221091 412158 457274
245578 106602 1198 502267
202452 88389 445965 488534
180285 2598 196260 356483
225917 11420 407881 459631
145794 181662 292748 487331
40309 19756 487439 545611
86831 28302 494514 545988
48865 220056 319032 507516
62628 124314 186304 418500
129121 188853 386338 453241
185698 51814 436557 501737
196779 43093 358806 497298
152388 113396 201730 481674
235074 208908 107914 388911
130866 51976 217938 381637
213228 13236 297026 437101
120015 92284 504101 537540
239935 40777 143746 352119
34926 80395 540435 548166
111026 33701 448529 540873
229396 195267 391944 400249
94142 59989 171888 425105
188651 234354 410153 455495
51474 238688 467806 485972
60663 258576 377080 555844
3232 239941 404998 461676
187546 206470 167643 446438
210487 51820 140757 415128
123772 150433 34842 318590
160607 44524 117596 358138
78487 82681 395415 502520
92293 164218 305028 511988
17059 82515 508601 549401
91785 46807 483095 515541
168728 541 75517 469438
25785 185393 75877 299205
171772 87767 476981 504572
22701 176608 103374 540404
163725 135998 273211 326638
32620 120256 534501 555263
48599 85720 323671 335112
260187 32640 339144 365793
88045 66586 32295 474426
162551 109902 400834 547167
104490 67324 413703 441602
243266 219612 57482 85550
70079 156633 218374 404268
192779 118380 64023 72452
144513 239268 268221 492625
201954 64144 216705 439702
89808 255394 298138 400788
191317 9446 509068 523717
132564 72231 341230 426569
74335 106571 287556 428113
147929 224270 373892 440760
216133 152874 127444 208713
5346 59224 439392 502191
124859 153277 232073 377347
159603 27536 246056 544118
132663 117763 135126 202905
256023 109228 35141 199783
32772 199549 306639 426203
225560 157015 292072 369817
115594 97043 396146 503700
165321 219603 229155 420825
63042 3622 183703 409603
112689 47768 212090 361574
233134 82996 399460 549965
89303 139994 11773 73396
181267 25011 486551 527871
203021 236962 47890 424351
180174 128474 468858 483850
250013 112255 394493 503326
198285 184544 65519 149445
76996 96563 524574 554589
207178 93334 324504 484728
57550 247398 473564 552984
46472 115991 467635 507079
242658 232142 85301 201822
131144 207102 462523 554205
105168 19025 101506 143205
131008 102006 278604 321962
153886 112621 258468 383591
114053 86670 230142 445084
95514 199576 386274 403889
60984 101715 426757 547086
195963 28073 148292 250190
252324 186876 462874 515689
225597 122032 494624 494824
118 74620 13774 216562
98812 233081 150451 521338
107259 170092 419976 451549
155101 74093 54953 65672
82938 235796 351786 458114
98970 187962 508831 519151
132018 145613 10066 274028
119950 212288 78005 526705
62316 44119 490716 494769
261001 57168 439948 472471
251828 99637 130289 383112
115623 179201 377965 553239
66612 81267 228675 346389
83313 208006 131593 255643
25086 132894 458974 528743
60032 47601 331875 542290
119195 51761 416472 509742
216388 217989 393977 504473
144970 18211 334021 521707
225600 260825 33248 485011
234025 223543 150940 285651
140867 127982 109307 507093
88108 94671 47038 325098
73672 194922 245910 364138
71187 206181 503449 547008
67025 41640 254882 257087
127069 144926 531459 541152
221696 248025 525616 552906
22206 40821 169571 392556
21154 57384 12220 254014
32365 243799 344069 507217
172728 229295 271083 287557
177354 48817 445714 488401
160799 134102 105202 412160
37893 231637 161248 509205
156555 205922 93959 534227
19798 153290 550147 555149
20360 144580 272166 490228
184764 236061 375297 424278
106147 115622 40780 425495
17346 7166 283536 406182
171851 218595 35728 410748
58314 57278 332081 436135
87016 151181 337822 503866
156857 254217 147917 446212
62214 19676 184957 393453
179606 44031 405259 478990
193504 139825 373747 442537
38150 131271 312600 507540
228049 67762 175019 393511
256039 1007 431454 515047
17899 60470 68532 511477
188268 142541 231532 382306
129596 207815 382977 486590
26223 179391 174812 528434
197261 84938 114744 506847
104489 60471 437953 535831
85474 245575 340273 479708
163155 33548 32689 161223
245336 35571 295816 373612
195184 51391 287194 408579
36544 247908 394159 507789
105097 190632 101091 423457
43732 228152 75764 420866
190083 134438 479719 517439
48553 241218 248457 551951
140001 137592 17827 274986
222287 201971 514908 519655
178770 63078 548443 556572
251032 131501 6487 142214
207364 230640 328850 458126
29544 103228 277074 280522
216030 10182 92656 515316
65005 18208 556280 556943
149789 49405 13423 380068
8139 220488 542330 549482
186492 49257 123606 299527
27535 111280 472808 517746
132527 135173 403567 533711
13917 57318 336656 367037
18120 226694 87565 379611
175623 245731 229171 467664
113252 14597 131266 542263
166051 134252 441817 480431
92167 73818 321366 402710
135989 226483 238484 315972
101230 179435 236794 499917
48964 171715 61781 529222
163265 128704 238979 526781
202093 31894 92025 425673
224303 188215 225151 259721
113625 16941 117684 385527
120564 32112 43749 333888
199582 60627 537168 555677
17965 227211 187912 410576
154910 95803 138538 458490
237656 144907 503238 538222
59040 248347 136352 349018
152055 90582 219948 549750
92633 127872 433675 435297
251344 135125 510998 533731
155751 124719 523509 531717
61580 15184 282113 442440
69719 73675 49969 149856
200372 114816 451440 537797
19431 97526 43584 137364
227095 193305 210368 520127
33545 55693 404137 517109
106633 160418 307917 380537
252611 155617 198294 244934
100596 117971 102697 411324
13642 234911 504160 527951
118295 221549 375906 522640
133130 133365 151528 493572
55435 141557 277403 392573
113795 222189 554743 555151
151197 129536 59444 306634
126778 120200 261894 275386
191516 148030 527586 544943
72760 140408 166984 287312
236824 160421 125846 554931
154168 216866 314891 442410
44715 209139 236400 353071
180905 16211 246370 554032
242475 56482 389863 412538
110568 241123 337071 366474
196155 175504 115729 359514
122834 64642 86926 149757
6775 190390 218985 316631
88963 99555 511045 534682
247196 144426 211393 282703
253532 120866 540071 549462
219521 189235 166424 214408
148421 250957 18174 265535
215986 78257 264576 401938
10565 85282 224557 417650
28054 233498 168684 291128
45884 133066 70256 515811
257513 258444 190094 425117
90760 88619 141584 364129
32684 140017 333179 534156
208873 171264 52599 493979
169314 69383 218626 520627
200824 103181 406508 527935
64499 157644 144999 493285
220797 227693 482524 531881
240783 28787 300249 529051
209766 82554 169790 485705
166672 250775 8463 203364
149293 211395 501871 527639
111669 30881 359760 398507
23256 167060 163501 490074
171488 87510 148500 392927
230012 170333 77154 231804
12652 131530 320342 516706
110549 207450 231456 391358
64104 99882 57519 206529
251933 134682 281034 404236
174628 174931 36032 232770
201223 39508 489490 534163
235323 17271 397334 444069
150775 210408 43941 421223
38545 6326 151824 422159
72615 110446 436025 541992
135938 181469 96967 389958
98465 214047 227758 423194
397 108165 534111 544166
231397 33559 283923 384314
231311 194890 141740 526115
207533 235748 532375 544767
247729 162792 105173 254678
146066 210398 102530 395878
162789 122535 101975 370022
56313 153753 158348 258412
161205 52086 341658 545132
156677 217328 196384 509466
68337 56818 237868 397312
104712 151311 292836 318739
24373 224952 365983 407641
53525 180628 151320 197400
126785 122000 64228 354156
30815 149920 163051 314520
11250 166000 210200 324841
210836 251367 343833 344177
214686 84190 179894 476607
215236 69604 387091 503314
200815 115374 246648 296973
255439 8146 487124 505403
3526 41798 18552 41742
239741 195901 901 255960
135299 231021 84695 425460
220047 18902 262027 417565
134207 146997 297623 374181
165575 3760 502888 537694
86729 71409 509074 534031
32881 95780 373256 464325
68179 169636 5897 281170
58599 257306 286141 351050
157972 222307 25922 192770
208308 106952 170990 548914
33044 237615 489388 501130
34892 43691 285264 322423
257390 157521 47913 281609
4433 215376 122505 136720
65054 15412 340214 432406
159700 57097 439843 498242
42648 24918 282224 380182
84220 177302 495091 531139
151521 178622 442248 505739
148076 165532 269116 327026
151006 209672 532504 546120
36071 73438 341790 540121
77910 98805 206902 515888
209574 258742 529011 538066
81948 145978 215278 514387
242033 169353 447801 458746
213666 36671 409500 470115
67585 48270 486134 548601
59047 188491 475723 492302
26938 211450 299339 527959
37773 214153 116342 410904
252010 193964 320926 518142
122235 56830 140997 484508
231151 76019 473534 539385
173945 13980 141360 515922
45026 218857 52748 297759
71586 34745 429675 526432
91152 88964 514597 555216
180490 190965 297 233923
199438 68613 273202 404937
180818 211811 95922 511323
237833 221304 468060 530818
218390 117544 218867 231613
229408 91863 217609 308604
201140 208621 86420 330188
169523 2199 283142 412613
231942 94127 388662 423868
71504 19832 330161 332220
46583 109195 21596 474331
37352 14533 353731 420543
163588 85742 525430 540907
224137 29571 495171 528850
248264 80811 195795 420205
149703 115914 164375 421118
165524 175712 469064 475596
222074 154519 107286 541098
38481 166664 166293 434505
240303 153620 389420 508808
165192 789 51494 75713
237220 215754 420526 478431
11392 41789 470654 534256
1553 175180 350254 403165
71315 174385 271490 286686
1566 37993 408132 515435
206562 195482 308334 376409
224229 63467 480093 517395
36116 10851 140768 461784
170817 157716 472078 496009
86638 115218 543432 553113
194415 81394 359296 405907
86550 245226 45207 281743
203571 203173 240193 261492
193663 161134 129704 436884
138011 39540 422550 434478
164467 127734 450575 468688
142811 9485 226964 492517
187595 213934 240807 370169
32876 256700 451710 540003
85355 174346 231375 285052
2946 178620 120 415981
151557 220600 21677 25522
227337 185744 515295 528243
106318 77232 117412 346763
171603 194083 366886 397145
197977 205596 206469 410358
175576 158510 151784 464295
208332 237819 492568 514927
99567 60682 249257 456699
215412 180889 530868 535395
6565 122245 348122 549802
226283 220759 302659 444822
225660 165984 141638 408712
178815 61956 451413 506656
169697 50879 191662 463280
1339 235112 75720 271054
261094 140917 169754 278376
82027 28984 442523 475076
70103 172844 391088 537805
22048 83322 314059 341546
102354 259807 482669 532985
168093 203117 409540 449805
124029 137154 376205 434106
247933 115316 90206 527059
113547 118486 305587 472624
214976 208506 431131 445063
43508 150008 423826 535986
71310 152619 54210 495278
187021 73913 406820 471188
107602 46867 360733 489104
112677 94243 9841 106686
11106 24244 539878 555402
6856 249529 280635 291542
241612 168769 380360 416227
212851 230065 400991 452607
84953 249240 170233 264710
14202 111505 342104 542037
254456 15848 260513 381055
8674 256340 535071 556008
163506 249681 50364 396369
100855 63922 330568 345527
41971 130075 10549 25408
187555 55869 376796 400189
104453 189962 126945 334058
27293 24660 57391 443589
7520 202862 268569 332070
76381 236487 354991 513238
221320 80616 202786 457171
33758 192465 298295 461895
45462 170538 92755 163681
188693 40342 320328 355874
58682 183098 270240 365910
204562 9773 491120 509435
56903 141 207627 283357
13240 247873 157065 306069
172769 33086 189275 316402
205958 8700 65926 284629
33007 233432 354133 377090
71120 18429 116044 262828
225680 192382 208913 384145
63220 218721 523023 535582
141695 139656 434598 495966
16768 104530 280404 296968
179368 231730 254817 534291
211814 149358 402311 458976
155577 132288 277915 379762
1872 199485 214216 422905
137617 236802 23762 134614
236356 148219 527033 554562
87871 218384 271081 300291
212812 245496 500415 525014
132431 111762 280279 509451
240176 132449 48742 293571
44456 73337 328104 406858
150109 185835 467424 520608
44829 248078 228611 246155
148300 188954 316714 504104
102497 188548 472339 528578
89924 176926 124480 363242
141366 184651 257083 508959
200265 172205 533429 537572
238937 17975 514989 554707
24599 94911 400372 468469
185122 210312 103289 418764
183366 176265 324579 474199
184376 178525 226135 252173
220400 185685 391554 435643
189341 151134 474867 539610
120718 22262 60181 487315
137054 223512 295527 532593
247865 31457 346950 511194
35561 170872 336494 463527
218550 52870 104401 228964
71198 140754 200872 371276
172987 94407 212358 246706
61813 246749 537417 541317
160458 155860 164668 478922
99425 240058 354470 449230
34191 56219 435945 489174
81680 177074 442459 549251
114453 106157 273765 428353
138916 113157 397 202525
208027 5086 337918 547985
65920 139642 54901 388888
205365 116041 32517 68856
57106 226781 383262 531452
77546 23111 171825 456167
100055 147524 367748 503735
161726 214088 423990 438501
19231 234668 326096 472714
155601 78229 285237 531663
161016 33626 461563 540569
26092 77337 339745 376603
261252 200759 21381 530739
48891 143127 388417 542941
189319 217994 40799 212642
78639 131390 26726 112002
257469 199655 296493 339594
166875 173091 452309 517042
210710 181414 62657 479421
181997 51457 130228 342868
137622 180844 415650 450539
163907 135052 335978 433719
228763 113540 369082 396552
168617 186352 158858 382395
29058 90234 409908 539701
215936 224958 375592 495886
2008 217087 515338 515697
57232 123782 554960 555228
56366 101967 499286 531982
1185 126037 93444 208361
125606 232973 539326 545340
206666 124739 92463 139570
163806 182412 240059 365563
29327 67799 24919 212761
51032 136893 516328 551038
87362 26077 421052 503689
33716 150780 121616 213317
140981 35915 45841 186980
55586 173485 480212 494789
128005 35141 308805 521323
116270 56295 391467 482345
193590 23560 211438 551204
212053 106000 313364 535145
116115 101945 542377 553852
7 182170 88614 258327
211094 259657 273628 502814
102629 226364 452009 488926
2138 181655 409713 460746
143345 101110 86866 265410
52570 34999 75825 114036
181220 145265 226989 478678
219891 155467 190585 212998
55997 225136 10582 350330
199042 36366 459302 497558
162196 215982 367531 555938
194442 189616 140817 278242
41022 35555 449099 535289
242023 111337 289131 392725
186317 257655 25671 214249
206277 253424 363175 364013
126017 29459 495736 539176
218085 197609 128336 334679
251730 64359 418139 550590
153030 185107 441291 521300
60033 31095 551693 552035
121044 205654 360926 545989
243921 116277 73314 211879
183383 62249 141578 229470
192894 188881 147253 327190
108375 85448 425474 513638
53507 116501 105255 235394
92299 257375 54517 468164
63776 85933 370393 469316
165434 247050 245768 417883
254782 85526 336834 371238
195271 254966 331783 393261
246970 253176 325683 544482
122659 159034 196287 384426
212311 193545 284025 293838
174274 180557 277135 436895
239584 157098 276492 500649
58651 163249 220287 404067
96023 164040 51581 67048
96271 160603 159700 351638
72689 23925 446771 482970
19024 219655 284831 457331
230930 251996 171782 327447
143934 120443 180559 369898
146680 181546 8547 411822
2609 185026 416865 438079
149896 183544 415113 524801
147275 150276 67667 124178
62816 106589 317911 369536
254271 238858 281613 525306
161622 147221 382340 543853
212380 189747 236852 437969
59746 233144 285164 354973
74976 168819 248156 395646
167629 69439 538588 553105
99194 114917 171913 517402
50249 58619 278494 437467
217105 15648 70020 337169
99721 122741 30300 172058
249694 139109 151597 212962
194940 136931 292911 445411
41656 138340 337462 369299
77103 38285 190066 204258
197630 158115 187964 263918
246526 66599 376775 523715
14678 117234 547698 555815
190991 255394 175000 300303
42558 118245 199014 486183
162612 133032 90901 512152
47502 90919 522483 540869
188208 32312 90687 234193
185860 75400 175550 502658
101577 228929 143336 195016
102711 47670 383690 405874
546 153743 247199 432417
43435 72593 413516 491206
208152 261223 264695 461773
156844 235284 109512 509569
109537 97947 5778 341905
48379 78122 210181 234545
137239 49542 480434 516013
227730 148679 110673 461512
130843 88495 262968 390420
221429 127576 224310 366265
200308 192041 22414 430616
111955 61374 226713 412596
161836 59565 237881 264394
195220 142094 141194 207445
39064 34438 489907 553985
165385 235670 160500 454710
117582 73027 288979 377639
120820 165627 173909 358647
113556 199040 402781 548212
2114 216449 23643 217896
104777 208617 38647 414817
62461 257337 151606 224583
34490 248751 304918 546157
86271 6938 217969 474165
71118 69003 26584 373503
10457 239854 96596 221922
44579 114340 473695 476655
113032 124949 377598 449355
47698 122548 407322 511278
45367 121621 384208 405638
253993 25909 313629 359552
135099 190920 90159 204714
178858 14138 356631 545263
50417 86355 182126 261588
123379 85721 117939 239826
179259 30360 417612 452620
185473 16830 129176 508746
224577 248987 146211 412771
24319 70436 493039 513604
98226 34946 75004 169048
135447 201334 225083 425667
170610 42908 473539 486597
162073 117239 234307 283954
84124 193321 367819 381350
161145 154470 416585 482640
114364 46568 393469 554488
36161 126894 351731 470823
170861 149218 379623 493961
190490 200418 132688 157244
43679 196299 515905 554677
243183 144875 326875 543643
132490 88824 553546 554558
152829 182911 219209 518710
54699 33258 251971 504495
200419 208711 545169 556853
84578 162987 94709 120261
40011 63985 373596 509977
33214 84845 174405 543009
156435 255722 127113 158271
57556 225459 406637 456239
261437 137213 539746 547439
196343 183547 239545 470315
195283 133053 455369 549655
204836 243673 312811 426922
177478 26677 128533 171176
101686 101542 2536 146222
261252 238846 532399 532569
8927 148337 147554 417335
242473 95881 298468 459167
17730 259098 2758 48033
132002 104794 355811 483975
40536 33280 370393 526688
102885 33698 362851 384485
194311 199215 165098 507687
247533 163692 350682 407017
36460 229358 441856 511531
218941 128001 34375 401561
167718 75966 431812 550305
125904 246112 477834 533592
34023 132992 281260 537336
93802 15244 194027 308119
47070 249755 332195 428571
225762 169464 217394 528224
164291 45995 119888 456113
236638 28465 510333 546928
63641 133628 148205 327316
224184 152404 282695 507976
60639 232691 428626 515532
178196 126346 489178 496187
55125 71948 21693 520917
71608 188388 72775 424072
129134 225914 529292 552807
237428 156723 471885 529038
104487 106438 424873 524249
260834 205706 253332 289189
168265 108050 348246 522584
127591 4721 292405 536616
194211 36389 186397 258686
87292 33200 210087 466785
246096 115736 230557 233142
30498 209220 243924 507242
110827 215351 86053 267634
21044 112321 121106 183053
4326 190508 334576 502722
237818 172092 79030 306786
97508 140564 395184 443457
82030 161595 121541 519038
23974 95810 279725 447960
173503 218883 80867 129761
549 123144 261202 532315
69413 14675 116032 263779
247025 165952 429689 447909
239020 256188 393758 398636
136687 45424 311313 343207
5714 153033 81315 367343
61324 36851 542582 549048
189733 155275 204231 437426
25785 80219 326771 535200
245703 223103 378235 393493
254074 112587 367929 412363
59348 179444 368768 481718
190297 111817 255808 314112
236885 157065 324402 471417
172410 211575 372183 441440
175800 207073 45443 331066
233262 242649 95691 226679
37929 18392 267458 439703
157610 210238 203695 297760
246437 27992 255722 267937
4286 219705 128017 309303
165895 67818 400378 451461
120322 28121 538659 556394
134161 40139 205477 512541
56611 227639 229480 553564
20725 98804 172386 350177
177548 12579 145507 537792
168425 177382 129737 202316
54902 79893 180611 306282
153489 12199 65532 437592
159367 256483 426224 521673
50041 240697 445186 489555
220585 147362 89529 124307
51928 224685 132831 396481
108792 67292 65008 253715
70473 102488 523336 551887
22273 198224 109884 545592
93548 258758 438770 479623
204319 134471 43364 322884
261589 200989 82633 465322
179078 123309 521358 547758
192295 9528 298760 320332
230665 49058 165676 303319
170640 90144 381806 509440
248434 212899 404174 494842
94970 210873 348960 511003
56359 176743 224968 425671
184034 211271 498421 540292
227324 44345 78108 158965
207576 12923 442285 490105
190863 94866 548055 555457
140978 250456 194 437975
214118 6329 159619 335068
37352 155538 49880 395712
225013 149631 106984 263743
260381 97248 494654 539588
229435 134780 491167 524773
208010 153681 123980 263913
199583 114457 237384 503919
731 162655 285734 494768
21177 225459 32709 283317
67544 8062 506599 541162
180141 17910 44326 483085
152732 142052 263019 412399
109218 9816 142605 365954
134900 101916 217334 541618
181064 101544 181930 285564
23620 107035 39768 360231
29446 110581 384721 523037
150334 64835 302372 472241
82966 158129 116771 353663
180655 229527 232937 273676
260535 97780 423394 482054
85206 19487 84333 425868
59356 134700 278302 494562
148049 178563 544086 545198
158654 139528 469411 478406
107586 70549 84093 375176
68086 75812 543938 554806
174506 154315 412973 461384
147627 369 311094 399718
43156 14195 372132 480981
194531 173313 208696 266045
200055 134931 398406 407500
108927 16011 9724 447358
230018 212917 184175 378146
71015 241238 370279 400935
128216 232556 284886 370085
52091 26310 281567 478595
221111 162098 229772 409066
107893 215139 370833 541489
98185 197487 351213 475595
46967 84348 77397 117020
173063 52715 435791 470891
14064 4968 407951 532147
177565 5455 252794 451055
10691 218416 513451 537575
83801 70856 465614 472427
149924 220054 429507 556662
53794 17435 181842 494040
124226 180203 466712 489602
176694 122439 544808 553426
203543 194026 425946 481471
43534 230130 342448 492216
142854 18945 551131 554384
67327 152902 126122 514046
244893 89834 14422 494923
228167 253271 160155 198790
132478 12277 183794 346220
94797 172350 157937 550744
140027 130257 440067 479253
65582 13132 185001 458585
243979 195621 357463 494759
152841 199925 129208 464358
198081 106278 81174 501149
225308 156541 253758 283135
105777 234724 3552 554016
222966 259936 7507 132954
47907 220244 356321 474465
57804 121780 102402 531953
204651 203672 411212 463261
9734 103080 351366 369856
31234 7822 513238 551535
108041 25277 44609 458084
142537 239420 246033 394331
59985 59736 408479 467160
59422 179326 336324 382027
136631 98085 192673 501094
118428 5729 505986 516790
230871 224030 222592 315573
122666 196213 238318 503693
14456 154754 191917 482662
65651 122337 309139 407944
3777 78360 549944 552744
227820 208047 408751 451444
42802 8122 339783 380747
89574 92475 161055 266540
48067 207146 318157 480262
71637 157456 142123 200430
1814 36994 351654 526230
19680 167620 52831 311570
17416 213934 541081 551798
141126 10690 224448 464568
112814 95864 318964 444013
174514 168637 456749 519889
224797 169976 271551 555019
186234 34271 367557 382735
121778 42565 300612 410346
47627 158439 366710 444487
44937 95568 472373 488490
194180 115115 51 252558
93008 174097 387996 548874
62931 28743 543343 556170
76446 249156 138933 217330
198339 46771 216530 292277
208201 12983 492993 529622
43717 182376 353853 461575
90853 232064 500147 553149
104495 166946 203866 414374
119012 197232 123332 302980
110168 5951 149878 188170
25114 55993 505318 508090
135026 4816 72317 269450
147459 115993 271447 490082
155876 91265 457600 472969
83347 181975 116005 116703
152325 73015 40706 51568
81008 246399 333253 431191
137501 62286 163912 336770
246405 213281 370124 442892
136903 141033 440947 496090
146341 213679 166672 528903
144468 36792 129001 383327
170642 13220 428093 470581
181779 64073 529721 537375
198630 94020 18390 503489
241320 203502 225272 328536
10519 27194 57979 142337
121044 27656 414059 501626
7226 47350 124322 465104
156321 34944 271622 299469
88204 36872 218445 389144
9193 238669 418066 497536
11596 132023 134873 446911
143169 72579 2769 200566
179476 197566 33187 59483
159736 46384 301310 461936
110187 146426 502545 529415
8296 188222 270250 425932
79950 179546 553446 555846
212674 43631 15548 272574
174748 189308 9599 525785
37875 173358 451531 501582
212891 238708 333547 378553
51229 26521 201842 417542
17751 81872 186860 216034
117992 199215 272911 413003
210158 205758 540108 554554
122899 63618 502374 504706
254176 226430 25205 490702
35141 26168 20747 467959
237667 124786 400716 510211
260536 84817 178218 454916
235937 173389 92840 280355
253319 27618 346486 494324
61625 181898 299595 304917
39385 150334 470300 515401
35929 245803 115026 513888
154985 230197 99356 486181
89855 66527 57809 392092
197677 78529 270410 514992
12428 142718 454816 546825
164039 161131 355074 411409
40634 125262 252039 327106
31975 95568 547648 552815
162370 150853 269830 312870
232843 89452 366591 492851
255228 113171 215743 457697
109447 52629 227325 372177
165349 199074 29153 364515
121400 204690 458541 538137
193879 149586 101111 257671
11162 117816 224353 411422
164340 55613 276205 304601
120318 80734 2139 444665
81432 236288 464760 542258
238507 26859 406292 439888
128705 1211 58248 297583
197473 660 547211 554271
84244 108171 373449 399881
260136 113635 90060 232234
187262 248095 257059 535061
170114 214416 350033 543978
39407 163603 357446 554325
180157 74499 355139 357488
112431 234616 106689 158707
199794 197922 374373 391062
14579 39668 329555 415200
15062 139572 267814 364197
26897 209830 494431 499621
252739 81601 547540 549194
110892 159044 445775 532551
229870 34245 306863 439862
169218 110471 163689 172984
47291 111765 291437 469977
72127 152498 287009 398857
226907 8580 108876 364727
1203 206144 93515 387539
149253 239366 197045 307289
222955 194620 82788 405392
259334 106163 147804 309864
95744 240890 99463 177844
2013 137367 220769 402037
40835 10585 33232 362763
97707 205262 456906 474100
243478 163967 405333 523208
152181 250901 37207 361884
169818 58729 397407 551870
204187 11291 516482 555768
116161 128659 142416 468450
158206 109591 312044 394753
166609 118728 204052 437814
5109 148535 68764 365291
186785 62913 429403 516616
220078 166228 457327 522361
11516 34098 68049 180994
10379 53552 29668 45668
88947 155907 221837 523127
90960 209308 42385 365153
35388 96101 459671 550390
28748 248177 167874 228728
82320 152230 188980 343266
