2600
199486 465333 802198 878008
202507 88627 129448 194602
33461 402906 757144 785236
285743 113431 81579 395346
385435 525590 708596 932962
448084 33300 471632 523273
445403 404992 739276 949468
122528 37407 47902 790682
425373 254960 611325 793662
310933 182734 429212 455886
284953 355435 482462 699038
236314 446318 455444 928781
166132 176222 783088 864656
353718 458939 244876 524302
446199 183780 67428 336771
501799 164635 588088 992815
283848 34986 260907 408573
235837 319744 459359 994079
99914 270042 534587 945219
457819 18211 532417 899162
93912 55254 763265 777792
251586 117416 227625 862849
389450 438777 606550 804723
189576 526659 500172 657743
323974 87401 774816 927878
269653 88881 875134 964148
98847 443576 214919 798408
237412 62836 849760 932537
515693 119693 775791 907195
188945 149447 832109 991533
472192 97677 538218 612089
342500 487093 577249 880517
218311 378895 25083 167525
152415 362190 952210 974833
244769 487565 105963 901428
259464 523348 810937 972628
441879 361274 412885 851016
281580 302124 769231 859819
246409 506571 796482 893763
363160 1988 228386 817645
425027 315036 670471 754323
214253 376706 497988 943153
187001 329144 917790 971349
80886 458783 638542 839206
525382 277088 323242 722736
426570 23543 710544 851830
450032 207707 947481 957807
477300 491079 256160 842573
356775 86142 888417 955711
77786 155992 223016 548285
423409 85135 810465 863710
76543 78181 746207 813435
466437 132651 947881 953988
463966 67290 325373 760090
80242 480371 895030 920427
146976 183463 807430 808575
39726 252883 582488 694992
516270 59009 109838 941234
521634 220825 164875 226978
202068 217090 734166 967580
2715 307241 922457 942644
26661 403805 600019 664977
339728 112585 959563 994240
266365 508739 769420 856838
231044 312235 177833 605865
417028 417790 700286 944481
431321 361799 176411 852981
439011 342468 114533 310777
338966 307881 978619 996627
29108 257702 122251 457962
189690 52904 798235 814333
265422 352182 40060 247316
139708 269573 195799 960829
393401 414905 245327 546712
300888 476942 609850 904754
486038 96121 8775 808168
76725 439220 170381 410243
11603 49188 486376 943542
340654 186506 313585 695149
12013 436264 676044 857961
295864 40767 32809 753056
322200 432823 38451 687051
12423 240793 331720 983562
332946 200073 699050 792954
424204 35437 675786 847704
287835 332337 163 112499
149837 4389 116511 383806
68848 104280 238479 813130
317230 79304 862265 907628
221419 165659 315524 991487
32175 425856 977444 1001588
338912 107389 193223 203136
295851 322844 131076 752795
348321 171918 422315 539186
50371 20039 403348 820419
168949 258780 799656 952593
299212 428999 806628 963895
427626 160727 962349 982833
250783 302712 12272 860926
527378 408383 297542 494390
224976 137988 801739 921483
194605 158301 525787 552169
308158 411100 358659 947250
356354 376651 308865 930652
105016 91547 215158 449112
361423 419020 43089 330152
430481 88058 820872 869795
518214 109410 483046 578663
241616 144237 715956 906015
457296 449577 558999 905908
33445 524931 499871 820671
397193 276132 420914 630193
1966 293296 67749 638621
243773 358939 470106 830227
88712 212151 226062 546062
159449 262849 768159 880452
167825 195706 263184 641914
331790 111924 267836 955508
149546 15496 895341 932883
374347 170085 15881 856085
47878 26912 184948 333846
436175 67533 710307 728208
445817 239131 749985 820461
36340 476062 184563 395603
306547 497000 807214 883019
529747 250823 110155 682654
152864 469322 998640 999968
98629 424561 67201 784078
39867 337905 404969 635255
302912 83105 517208 844554
365356 299341 212416 534899
359635 111255 116292 761737
346272 196110 137122 527077
93874 394511 779481 804361
6647 224933 687641 810474
110671 31841 553383 783081
139545 195876 984077 997830
197755 12579 375102 804262
451420 190827 235834 693518
139179 313281 148340 857579
302802 228711 700045 725523
316044 445032 367910 559547
175538 335693 267136 850959
9710 263689 9073 110788
472183 134978 635046 711745
52832 59214 240860 766564
202505 447518 458820 670469
265988 429404 629521 677492
241970 397347 312879 769252
390887 112367 827998 982944
92941 51787 424993 779490
88641 248698 650562 652661
113266 412505 971726 971834
127642 341596 53587 448620
388144 176354 408384 814844
490630 162541 963229 985545
266826 111062 269460 609489
304748 38851 873509 974532
410369 248167 423720 535959
524433 99307 2663 246395
461111 259815 488479 757804
199563 163345 220217 691192
465007 118649 106192 700691
315556 460513 139440 238164
327865 169338 224731 388049
399550 403869 698166 750220
138915 57418 171731 189615
34320 48864 254899 462060
469947 236814 245554 362930
240746 261314 748876 758006
170732 279744 361735 641253
229355 486736 91445 956324
274981 69237 399578 506865
498357 469861 732799 924601
23581 225638 575714 914790
526724 15674 944500 983267
155255 268354 188891 970508
50734 456823 142178 470585
431230 97786 947868 976141
14642 278710 615764 647496
196178 260924 235674 967374
140782 272230 591735 868793
348750 174870 930648 938127
431409 4524 110231 659542
123383 184985 716656 772157
247477 479460 278436 692735
213205 263615 15058 794480
346850 432529 600900 834352
448146 524738 380598 1002356
101990 11854 594929 813734
208893 34809 361258 741476
335179 252816 351362 830763
294516 213812 476928 675152
314353 5421 187926 444352
239614 150651 590108 908631
56419 518079 95190 876317
394521 301246 487837 540395
81024 256608 282565 910027
228155 510421 734592 953658
5105 56790 880636 974293
75331 299588 198343 937782
51613 402390 824558 867423
259903 475506 334666 892009
257873 250938 177753 589760
117290 266478 996409 998941
190937 269892 260255 428997
470988 374257 722460 838789
282325 157449 157710 376190
284833 237524 751234 899374
44289 182351 654615 932310
283895 226601 17458 519062
121899 3785 967005 984615
20148 258158 798907 948059
251014 23197 691010 851308
17478 459221 967587 998848
464614 373391 645835 928255
177729 478729 775659 906183
110782 303385 177349 947440
85423 504762 679789 898551
411839 280812 15485 560791
496385 173354 836955 981088
334987 377305 751622 917448
132766 366838 823320 937652
193506 456711 780256 974623
270683 64614 590135 963902
494671 310256 512381 857786
277549 348805 301422 888994
376145 505792 82904 562454
520687 171023 494841 635867
475751 210579 343280 375951
69060 486884 161042 661308
158760 348774 278974 690622
457199 51160 331585 603570
521289 2716 79782 371779
250970 187669 513922 538469
182432 120730 210982 746060
43438 122766 770006 773392
50454 151025 886240 983210
128716 147005 404271 682269
356994 10332 327679 781951
476676 385164 406978 890356
103341 254683 63456 832242
203858 50372 333771 691564
443369 480272 155365 861526
13455 35315 877171 929062
338426 327327 876639 1002454
76952 520190 538579 953592
491589 55707 719325 901063
301395 469943 948334 967817
306420 5531 803667 896246
404747 434580 692967 913151
176620 167699 751571 944646
154850 71288 769902 771818
308454 180510 823952 946424
207010 46707 610091 839248
130232 6783 557178 716670
350880 240865 385372 437801
403420 193891 364900 863228
373404 474528 998592 998905
415687 250475 411895 877338
244917 2917 91724 317043
27899 291269 559135 997698
21840 45346 81687 884122
87719 113176 495824 913149
231339 101367 76680 863956
31157 403904 680670 774949
296306 151893 705179 800491
42949 521568 946318 963664
351533 425248 936509 970173
113139 389560 182699 902070
125856 122470 877536 908569
147320 161195 928878 967090
50565 194105 631590 915694
467413 90962 96436 975117
343721 436436 225565 769540
480339 416327 799335 948530
14387 64280 339968 742818
132837 355024 600563 796573
523451 184008 918354 935347
513502 222463 915121 969507
455314 408374 1002189 1002931
270083 115770 83532 934599
296564 123414 25905 27715
496071 359976 484892 978127
194815 191891 865450 936220
105681 423860 818144 990488
392372 529995 775133 848876
506440 290623 744172 856358
38466 285196 511431 628960
82796 446460 119694 358084
153718 439798 136243 822033
212901 125756 590148 697765
420005 46594 752103 833349
200127 161166 767806 821266
192609 479589 387818 830478
18830 114732 222409 873444
168064 159316 392321 940948
32754 510163 666460 764698
497177 379248 86261 401597
272713 360714 183354 203448
66272 241840 388142 593485
330752 169748 561062 708215
286187 315799 671172 876779
288591 429710 794534 808443
258308 111814 880725 938908
477083 242169 827763 876178
269740 292060 245059 301891
477510 525683 774437 963685
390038 207770 350693 792329
156105 520603 130963 562233
57277 235255 40438 396905
206807 115086 484867 591803
138583 342234 403198 818067
464501 37559 254832 586550
115209 15035 357270 394858
234273 510577 16944 182695
80021 524529 573329 577204
111547 174732 553178 772651
160670 143933 537757 760780
485132 191872 417810 677140
270860 209663 610364 618846
422914 351082 454368 568907
440933 129888 688148 876549
318783 264756 912173 956392
38339 518657 546594 807802
4940 64316 128322 315940
329835 523363 947107 995115
233147 123852 881646 947920
46536 444647 187355 435934
81748 480323 484088 710791
383573 192080 898037 970066
277788 134984 535786 540442
382637 352757 825633 878098
170309 199033 567422 922717
267693 434979 563369 586574
262213 126309 557770 843976
496157 200292 662607 698186
479393 79522 666708 997247
140466 178366 629457 791354
348771 446647 910568 983966
454065 321791 250153 630087
397505 482191 161399 707011
529035 476469 908672 954149
364519 253725 665919 786237
8028 149745 851997 870909
193064 291603 674058 963038
263276 274064 641999 779732
100089 178106 205319 217927
20169 530331 984539 996830
105133 240460 813049 985993
252068 92743 26328 391102
436843 209735 383989 942415
247625 501655 428695 812380
433853 216023 36488 238424
498615 160259 30032 62963
127502 466095 68818 489370
518721 395759 951799 967622
59434 119529 760043 839327
95539 347137 139602 792719
44745 487427 42438 382054
485509 6424 560301 564026
14788 200272 538378 835520
239260 447664 881245 931782
529291 127084 227501 809665
55697 229250 162340 753862
206846 177302 458780 743327
107429 401892 35324 941805
314218 384032 939 182914
412003 520115 434890 597742
411337 227486 104483 418697
169693 448157 595657 648008
93609 156122 336478 899785
215034 448408 171010 905048
483786 207455 302649 690910
7792 397302 893838 966378
155638 15610 804087 913018
58494 154445 275646 280228
45723 414731 61205 830077
508128 189006 759621 788946
57268 138145 983434 985413
520268 259851 415277 659797
101647 28529 329257 693113
480763 178908 949980 954063
358360 442417 460676 627827
349948 167293 17990 171765
133847 190354 876431 920784
3920 255849 213908 994782
204275 197874 852838 853699
196123 20593 463381 479536
292241 80906 713226 830204
357322 491587 242222 984826
189434 244880 22119 31314
114292 319820 781763 987276
138184 475132 320755 428083
122776 517192 423928 951816
351320 248144 573916 925553
446674 220362 462014 536592
263325 19327 830537 941011
239490 108837 769401 968841
217346 413390 979602 983300
508365 82991 469027 698847
250896 52430 594092 718132
507217 197967 955523 989027
311458 365573 496210 639514
252626 240369 780786 927308
150332 235688 177147 583171
464040 14563 859594 962889
317495 520469 127099 252995
288662 474673 775669 905659
446875 141811 441585 778214
13062 170388 613596 656808
31878 18165 155642 427780
309258 520496 249498 492526
254858 411587 247187 999184
294913 272527 924028 952742
26052 83493 803903 902213
70996 222627 788363 810746
80610 322565 613144 987434
68803 24145 120662 914811
455479 384905 677440 768264
463078 62768 485562 995870
149122 306220 165924 983080
329472 128978 547222 568852
496152 154666 238009 992522
346651 142283 332914 530621
330745 417080 382026 921018
484585 12682 744014 911422
339984 452233 427583 620462
63213 520853 792402 800152
528964 178 564150 737685
65008 297077 644800 729823
493297 77057 753619 940849
120211 419164 110711 224757
70753 108033 133338 374592
439941 438881 644934 836694
69662 182224 371551 521994
403028 51775 603856 725140
27306 404733 825703 895894
504919 157297 183109 990415
34690 516592 42533 873103
229544 414246 803151 907527
1673 375534 398735 616544
415144 429389 889254 956275
350861 263844 279690 887900
23653 451508 23291 530780
65326 7431 95993 190973
66239 436793 906163 918405
171824 39496 508149 688489
332525 277915 742703 791056
21336 189490 194937 689506
508359 279341 583530 973786
458539 253688 907690 908406
479030 328560 983548 997829
278184 370799 252829 310288
362771 204259 490761 920662
83801 479050 111715 966711
375895 133055 429193 972607
310116 334295 549114 819551
122765 477867 641389 777240
416557 134919 988522 995373
448654 206579 402893 975195
89112 195626 49395 592365
3935 2057 558322 733358
217573 17386 641628 958970
7897 97583 554968 759326
441050 516328 280392 418712
514745 384949 249005 259859
391574 155913 939856 946340
499976 280264 87090 838656
434770 366552 563173 705986
492999 346283 885068 887986
163703 454384 959303 990310
479964 108889 192091 265493
286340 470195 763985 929141
164563 29701 116155 505740
243935 513798 834752 932792
265967 386026 12179 281245
111334 502916 434467 925799
119051 134405 558904 805379
505754 348386 451416 840371
329394 415228 880582 941049
412245 504935 893183 992440
525078 101471 289754 728842
281040 102528 923488 998791
130779 512209 279003 956143
416406 215206 140785 864680
41908 97799 548360 849725
116794 368474 751035 924112
333808 502479 580323 974115
314940 95364 997852 998732
304907 307423 278998 949368
496804 292126 775449 872152
159185 325948 630141 900350
465848 439832 721343 898735
88122 345856 769964 974817
49429 428920 441795 492034
421264 185518 700593 854342
191800 29396 353278 483377
92421 99735 160068 835785
36594 139359 995333 1001100
365869 86608 706296 752945
312357 235839 710244 814253
455050 297259 185620 657300
234616 60202 475277 985522
422333 374743 455891 461368
392247 366098 911557 986110
427187 63979 121604 711191
298852 201670 804521 989908
69066 520663 601339 764434
102790 506293 5319 87546
144111 72845 523239 580131
234839 176441 682540 832166
25107 108315 881943 959029
235276 417939 3235 956853
519019 474427 728209 914100
265521 26448 266161 302056
179699 392460 317829 794280
480379 528848 681868 686714
86723 501098 856498 941562
219696 489229 232561 274291
240916 400413 412708 820068
377476 485000 406201 807601
157274 398482 155476 991337
293829 450078 29534 101134
826 405685 853412 872666
448397 41253 990635 1001691
459220 451002 176220 886583
142722 27471 359022 707738
498403 110278 789967 943422
280290 236228 314750 376875
135802 499878 577548 698029
442337 320265 504771 635821
35623 244062 716867 850612
34116 328243 347266 602335
445098 231516 296033 926944
424841 437824 789199 791293
231150 448267 889781 917335
462549 24094 522828 744692
526593 468565 596376 886634
51576 154102 868906 957923
365832 391650 954925 978659
463562 112310 725468 1002845
174187 23193 661984 850053
455954 45629 228971 882083
7382 502386 755017 940395
92226 336904 948273 997220
499995 386504 234323 489918
525261 441780 584925 766686
232721 255558 139470 745879
436547 32148 911906 944145
306319 38146 617857 669149
149952 101888 656641 900671
222549 400156 69229 679738
204858 476645 586384 848920
329853 191731 32162 528417
128756 197403 466847 856913
383144 500145 537345 817169
515472 295460 736618 818289
450814 323081 310286 929577
41408 135159 632219 841031
253070 171080 939196 959829
55945 47851 412547 946266
298257 462630 306726 992856
86424 482610 730500 903923
422962 365073 589468 841426
479675 25438 13487 625684
2320 520799 934224 941356
252318 267837 535137 864650
504098 384812 256993 522042
35850 367788 783121 802891
413702 407113 132902 201075
277372 440129 524097 750726
466898 400750 481537 944459
119290 57243 723657 868403
24391 77059 996882 999893
121435 11223 999929 999941
216613 174647 667410 907953
136764 412808 534909 923911
481745 527178 855743 934941
357238 482086 154604 704185
65498 187201 173448 439494
432391 290549 129035 234204
473487 22424 105567 544858
279606 54776 464049 849394
202266 481437 28184 556779
466148 27195 570824 908841
164094 515383 414354 770792
29349 399272 862459 972535
620 72984 644728 983121
250098 28437 294409 638397
490344 346663 609147 922659
362594 315561 703600 716920
154005 24640 498670 551956
223082 168312 740117 814980
446386 266137 135726 235917
8601 511330 755974 923193
477321 206623 865951 931905
348372 455452 866956 885947
3217 529350 457575 894963
491384 347677 872782 891921
126376 105289 823256 856701
398661 200793 349280 591381
150262 481950 616021 905527
83626 105209 880861 935147
330419 392396 542305 938590
287605 371124 980789 988644
176888 352332 14405 531721
483447 15366 45305 231325
66611 51149 823144 974200
506709 204648 33937 549603
204361 22363 566629 608615
140710 10372 398935 712038
248468 133466 80926 915379
481736 206810 318103 534792
292850 3409 817985 877018
429766 308015 93726 621270
404020 359535 827442 896330
378766 508496 964371 988128
332554 484628 988939 991318
86718 378427 820619 903623
243489 227715 55923 300341
24463 245311 579675 902135
359733 279200 172784 473429
473311 245195 553221 683768
494306 328836 464928 585175
159745 270785 635600 659643
363509 302332 87755 370007
148134 180291 817712 908829
459242 322587 157910 366390
470481 163247 656550 903997
518592 386635 841895 919420
392678 219640 214496 848299
491348 214590 495300 527705
371745 206355 869449 980463
254024 179642 561234 896314
162163 456701 813540 974009
1914 22489 977420 977598
388074 106003 672264 963357
288243 99952 782978 862420
306596 394454 565966 765884
516445 305769 858435 939106
357417 45904 725511 937723
18508 28167 407740 533910
494417 194163 614697 900198
148019 368597 406265 561007
333102 368614 723366 945336
395448 507153 278310 709275
451167 423411 816477 968428
324248 143222 183457 653155
181107 170597 151854 331696
505607 158640 652886 972470
282208 136146 650458 909405
459525 263971 1000511 1001982
395898 29103 882169 968030
92678 296955 853723 908465
523943 61668 342926 960065
389686 148956 830532 926663
317069 107040 191968 992782
380339 399267 148852 399688
4714 499196 953601 964973
377800 268450 563658 766559
164286 125035 82145 631193
94329 366120 572922 941235
125322 42410 42699 120879
529095 517834 268597 451730
278368 236698 240978 635274
523303 208569 210399 570300
531207 235334 579048 907863
80312 764 794844 804420
160906 237479 703948 926875
22936 272239 912164 933567
42097 9745 780944 794758
334210 244656 262108 816325
167651 48290 895225 956868
359653 396006 790780 885846
202762 117823 361402 367263
524252 226208 994509 1003219
186996 95270 376661 869006
107865 353317 789562 839982
278049 190592 587142 637497
126390 468721 365682 431982
343933 380193 473584 583846
512282 336994 972127 974073
26936 292774 799747 962009
131118 100307 689035 774982
509912 120430 617692 849725
486081 344590 228596 909911
337514 181923 953910 956557
452739 291311 401156 993283
427004 423470 575726 739852
436655 324700 21005 49750
228884 382049 478757 634460
255652 439873 376078 622841
68472 28308 984587 996051
253348 149662 850761 900468
340786 18080 925801 938492
101865 76423 930655 991754
521348 281147 510794 798548
397784 293992 812949 829544
366651 229691 928784 939109
95241 414230 218410 862039
501861 221114 968861 998768
240624 419870 718505 820201
85931 323300 658089 974830
358116 426940 978126 991980
514343 485512 180883 966477
279503 205324 424438 869766
181689 472462 12960 237961
49523 176090 359892 833456
455950 145627 199295 982748
224798 330608 72452 403508
271271 193346 764362 775474
522049 70189 857983 968679
135415 451828 843528 871936
160444 357553 886204 889250
298162 61396 236795 515316
12334 452338 538072 854832
403647 232021 23438 922199
321986 484538 257290 624105
480552 484070 255365 836607
92542 309941 781627 964040
231513 523659 751972 777373
188136 184641 490186 764304
167146 29874 967780 989802
57813 427833 802355 876529
143493 338808 197199 767351
282136 426397 295850 492144
125186 109194 933596 941524
399490 122414 642519 675737
513853 207573 42120 462922
40355 436718 646135 792604
367633 372676 182795 708374
343560 386737 270050 804428
278396 3827 534842 865111
50284 450017 175425 311914
157582 477258 1001283 1002339
145989 528239 371092 957153
513414 320975 773677 821733
138179 252237 245796 932684
179100 42618 708720 778396
19423 170632 831321 887476
233863 264639 906515 942935
472568 452168 569016 987173
516232 246636 477198 722135
452704 309169 536984 793374
392406 132327 608607 611741
164459 283073 379391 769470
210450 441437 832773 862343
379876 74787 840169 943944
444270 190294 471210 945380
117364 380840 832494 971606
316293 304864 731128 804380
343278 88143 990813 1003534
5580 90706 672160 971699
471856 299360 271067 964835
379439 283810 145129 825398
28203 118686 554470 695498
54908 212086 826279 885499
282944 84373 116459 229719
348534 156766 192970 474129
413127 197377 208332 859278
280545 199883 55092 172872
264293 317271 578461 904396
331059 529055 777901 815919
389530 207263 752379 842494
491958 423183 779819 1001236
473311 423282 646145 853462
16279 282231 323972 356841
437343 317606 881816 895846
3510 195474 240209 921297
66592 255270 6531 781513
41916 439965 280421 842219
299599 126844 422537 844124
526197 96868 263842 326277
203625 516469 603931 782937
17502 317344 20128 215746
448943 446050 726530 741972
522392 465082 650021 898958
62583 58901 210788 480804
464660 308652 782917 984923
205650 330929 1001162 1002961
292477 322067 214707 691973
114798 252926 377427 480871
12447 415888 574222 872308
68435 28785 43604 823389
358512 66773 689320 806636
412562 502755 443129 905091
465861 18601 440445 468157
280094 299909 722902 823698
424868 310371 143428 607103
12443 83345 795788 813769
526697 394633 429848 505726
388734 230064 355036 922150
90328 188541 160016 205249
315466 331838 728800 793907
480066 251144 772287 986453
478923 103612 247286 612448
1531 10190 552148 1000428
86023 137137 783619 812172
309097 308878 684406 886265
148076 84888 965730 1001064
179983 70319 944943 985659
496580 52134 443121 960832
147538 49466 488824 887894
269697 104295 97793 410873
264997 28086 450943 705414
526750 371581 492623 846650
70762 77194 846945 935800
28669 485687 362688 731468
406546 171797 526090 727634
376248 313272 1707 343274
46855 6902 909947 998750
396175 400848 392034 964510
227072 132432 587500 903156
217430 202476 704051 732916
401287 500991 865759 922438
381723 332785 344453 984562
267389 27849 586832 870023
93102 377560 464542 849016
378398 212829 537478 787109
316924 330133 253285 662848
245603 266852 875112 953669
412638 159205 58648 425676
183518 214189 371703 974484
291302 389499 938747 995002
114621 285873 190336 870096
22523 340876 434948 990492
384922 510514 553399 870395
318487 388744 127136 186847
400196 135800 993775 1001556
363910 5509 367247 960454
237499 188757 475774 879208
405789 519278 355369 869453
466603 228190 722573 993417
446756 224093 504116 981971
150534 145614 978641 997664
283999 475380 462396 532368
242977 337359 873085 930836
237881 411570 601515 948254
173668 321017 575513 663836
348453 133272 593511 904230
449956 473880 870577 948351
362199 3769 280850 696018
33196 84415 491338 822794
55009 526327 339139 745032
518926 288886 44114 179677
399071 52591 721299 743690
293975 355048 200048 684071
453760 442704 375181 558460
71485 92203 945305 974227
350014 424935 167836 276932
477053 456168 342842 635005
367476 40281 686583 693994
202514 120708 821986 880080
222782 466565 549134 671779
272052 26706 948447 950589
74048 90222 133743 569388
272512 515404 161011 324944
152531 396277 425129 856184
507668 484275 991513 998563
48978 474907 425827 653291
29358 465940 855886 986161
396582 213419 636652 643311
110679 368507 719939 864928
270736 461841 690371 749774
111371 528378 494794 956119
444840 363394 976239 985507
178330 374095 808439 929031
433538 206575 251436 979793
347434 171362 711974 905724
296244 37364 96089 600087
466875 319900 558117 635286
434832 174299 822287 839924
310421 235990 508688 537001
360125 129428 561702 703242
273357 329240 617337 674772
235233 119281 43812 901938
481396 5741 231453 755535
408765 171155 467386 830857
434580 529492 923308 1000129
495053 57974 466432 629300
316965 305281 564421 617841
380759 253360 28545 920237
478625 376946 552120 980538
529833 172010 531444 945017
224522 371815 357468 365263
242047 279036 278361 678292
264999 11458 648314 689216
512221 345220 141946 498388
363568 371310 400841 764816
434907 3921 126971 496776
215652 177166 827545 974375
154327 437504 105336 718609
283351 514437 704089 951038
260579 159056 397786 924002
88056 269605 721512 782183
476903 394158 269380 947445
427463 370358 531724 747089
334359 174963 816816 897691
104309 249023 174137 795693
427360 50486 95138 152884
514009 292484 374008 398133
279776 396082 368997 687952
326973 8501 205354 341690
261487 459170 632150 693521
296051 453226 131805 257814
268550 527444 932896 995358
483499 294244 883303 940150
529981 506699 370598 910093
75829 202130 24178 168872
4744 338277 113510 272596
103100 273096 826262 842881
250667 106321 610139 847930
179280 364821 134702 845447
57360 114790 927129 954128
412420 467802 327448 801783
190756 162252 544009 741175
25085 300205 542811 932005
1801 94820 308992 700577
504685 525178 317414 529157
422683 140921 99830 357672
75766 428899 992591 999375
31850 159788 653852 915545
275675 469260 397182 659231
464221 471533 467828 633214
150044 206047 175689 697640
219317 376906 424506 668813
294186 339955 693073 758690
340565 147288 989575 996782
76442 235214 511168 515572
138063 138736 714554 743581
509017 509895 518295 962755
164747 327669 589621 976291
135391 321821 936239 958653
24500 7035 398222 919319
367188 468880 814809 897547
188761 493770 625778 713648
295168 512338 33744 527613
249879 158918 894067 939265
408512 117095 641572 960872
220540 196303 175078 860025
446633 108163 390778 690386
206086 466433 280496 468076
255965 451549 816728 920766
305762 207105 782129 792892
176839 382839 125206 630653
442518 373094 107430 731231
305288 163795 942211 997946
519114 436499 526133 691607
402570 69069 964602 976461
363438 107446 538325 779988
157435 138024 985715 995374
110597 470347 829789 936909
219409 511237 898192 904530
280759 115631 683103 973333
251247 155331 860352 905794
526784 421262 195964 320690
221652 449074 493044 937031
347442 336317 477101 595592
182109 201611 263322 285269
425634 39473 424529 453753
454302 463244 405869 684638
460284 180020 811528 985832
362905 156411 142231 393305
244397 336661 857647 877196
253403 330064 608819 862326
527573 8863 360069 933478
226613 282132 432149 804824
483000 170381 620869 744334
123737 456577 636394 906670
486961 63514 418836 930793
210899 391749 313416 623284
196411 18187 674222 810242
299159 386888 583709 945433
35539 296535 1067 401119
150238 423462 42081 953224
484898 421854 882462 989338
432918 121665 362237 668700
387460 362862 21910 652959
437560 301543 87083 837994
227346 510002 177138 503872
53700 204545 173145 392992
128123 362362 918358 988553
395853 212901 293609 348093
424239 142399 198772 888093
494042 115494 593717 800195
351438 43173 952196 975115
497695 122820 831223 831891
465137 504885 639266 904605
67078 99838 558599 659093
321317 31626 502723 886306
274174 452278 818955 944771
95141 314838 144966 756321
31108 392712 72732 390786
393510 451158 641327 720950
339351 206488 96969 991352
483110 315930 897125 928477
232039 248737 148160 432386
442512 337931 100785 395637
501113 471630 54712 308838
122109 485265 467055 731182
311481 245702 451203 669720
503479 227990 915638 992378
149754 240987 802471 849966
209021 107707 868667 938387
335959 437673 447326 961306
480330 184102 96669 427681
324836 82901 622810 667126
109330 448904 390569 752859
303963 26944 894646 930012
456781 348328 120650 937123
111711 477156 143461 373116
181344 526565 379484 799655
490456 227741 289502 469653
114228 423868 593044 739617
449480 453207 1001163 1002643
51075 65560 368715 730062
223822 424770 100294 356252
28285 244535 719055 850312
413672 384078 229318 848112
468209 404188 490729 815897
122481 80818 538539 646560
239117 184029 982647 986075
268357 267865 4357 799248
469086 360820 501325 514697
508394 522964 665635 688856
287170 335462 952628 998910
377572 476428 475267 611678
185919 109790 675808 694538
328451 240081 443714 783648
430111 174803 795179 856544
73228 336477 293885 834914
78024 235290 452480 726345
169877 372984 403904 754058
22179 279164 527784 748047
313616 384838 953333 980820
260508 427293 399148 647669
507724 243380 380192 905086
126576 497743 183259 771783
301112 487717 9371 832364
74029 129130 794532 900742
222828 196382 845255 932906
118329 380886 186316 460990
190323 243178 307055 480846
510765 46464 305625 959357
172126 154167 842732 891015
179796 352095 670496 833046
123849 153604 904304 971641
181731 422973 968195 998424
120963 496096 579725 763645
241220 8137 462330 696753
285608 413165 704427 788244
484303 390906 685777 932752
257287 114551 153235 265570
155839 301150 224240 588535
116328 98182 96470 764674
517579 274527 424215 904006
496858 428553 198300 228304
315058 367080 773934 960880
355547 54166 436185 765927
340307 332560 615689 857164
257664 14084 675985 937058
110963 470566 618664 696881
259667 407075 177622 579485
134330 91784 326553 789289
300904 69302 590490 763785
194800 414995 63151 860892
135951 102437 208234 582026
99051 373395 407465 678055
316587 354860 959536 1003039
72665 365587 200105 422937
313984 266563 414167 908746
100190 193491 225827 455393
433233 74983 596266 847279
421096 517209 427509 937594
485576 450403 107882 109462
81071 214031 973540 987111
389638 75584 811539 835029
366357 403861 857459 911187
172183 360916 101734 465727
198591 23932 99864 757018
226395 341044 875859 885656
66797 364908 616573 872079
392237 1147 498721 961662
376789 369034 763384 773897
528095 247653 731047 879142
438085 478418 576746 995721
118969 331984 28272 883720
502562 157066 488451 812640
449918 229169 577705 917959
245203 334390 830943 931875
285110 287449 121323 275589
451312 351243 933644 976999
146958 405480 462069 786189
188415 204460 884198 971162
84410 220575 274752 565361
258324 90822 420715 602223
196257 38398 479468 752809
415419 518431 711013 843029
10347 88323 713189 996581
422482 76358 980404 982534
73026 181023 632296 929117
342097 340386 283947 582308
75698 39193 711630 894091
157470 301060 532933 965211
355653 261041 411478 460381
507257 519102 299894 925355
164004 436870 68588 192928
498162 446068 383561 559287
263132 137925 385206 751191
65726 120344 43630 634964
173569 5714 814505 902431
248594 141413 759238 771829
131339 156572 594873 910490
487673 293678 703336 796381
341883 120031 863025 926618
393349 30570 651622 821285
97630 340032 922416 998440
61254 281256 889780 990998
151301 281957 986751 1003183
110121 112427 167843 953057
374271 381036 519446 849584
417531 38538 713873 725858
182251 15561 892889 1001451
176111 261473 403541 435946
167699 433796 361381 470558
57118 50281 679289 942580
20034 68958 202702 980159
514847 216509 915393 923604
32341 162761 543082 654079
521917 69098 499892 524899
183545 374175 890984 892182
33321 526312 595489 942965
228563 51976 751385 974906
394839 57578 904540 974072
463487 303616 674457 791606
330038 243553 168781 791791
86094 145295 977981 1002722
212999 139056 241277 474444
463814 321636 92488 794855
465475 36373 776783 829903
376402 426663 77343 141061
244139 94787 263444 618386
230729 87943 7260 655465
26358 170886 949410 949447
96368 319092 144196 742335
188651 206477 601205 703037
355571 509726 353532 484754
12961 7288 889482 967937
174247 390932 908322 984981
390833 211540 262538 462787
485749 65954 290411 529715
373543 305168 64674 644592
417475 75689 178146 744953
202924 355337 746045 936772
503542 504516 671827 908411
312795 393303 126767 350917
378070 196961 604212 703941
494882 398534 814848 890724
373520 18182 444772 800845
330921 210106 659744 736273
316263 203260 436721 964430
131226 156873 586975 594011
399699 500649 862945 915504
55767 526158 994603 994644
362641 466183 263213 490511
304377 452598 473462 654006
264463 402709 326111 463391
262421 46 161032 751874
426224 328791 690327 691631
65877 240825 734196 862758
522379 409946 38643 703352
443734 293827 763415 822679
123842 107101 282409 738439
260723 501203 369100 619013
478235 389601 230051 918583
43701 31274 904409 935862
188836 168973 707171 812827
282953 387180 275331 407563
234717 313512 50019 921393
243937 294489 442926 535916
492012 52206 31759 782289
333470 93589 603364 835641
111039 54866 781346 921698
189392 386664 760253 818501
119153 406452 569895 963579
427627 445397 692973 904290
381751 195139 225636 839373
19567 340606 658703 889152
303921 139587 840532 904430
278313 111799 350632 588301
56295 62371 762349 872206
82573 284257 29016 93419
24137 242304 699235 788369
16992 95827 21767 370734
96174 434120 309962 616423
314509 384429 968662 985953
81077 297120 242836 517894
105791 264192 726964 841378
90312 524469 47111 183913
183804 372329 40409 480904
500261 34755 167186 260648
138794 334222 359101 418485
173808 16604 225265 413396
279293 90325 539152 963654
184650 200962 677793 793342
381995 269273 177713 228014
368878 445501 232526 975120
238624 300082 933758 996834
414393 136914 597128 726083
110375 477838 729723 981014
267349 451355 380232 783390
126746 183746 679934 706618
448156 311795 272980 861413
96773 28628 593963 976931
290412 221355 197635 816104
441759 243850 547957 871897
84471 318464 804594 863965
526904 408790 693210 744389
5916 435814 113643 978696
95963 210135 185615 764460
20811 424849 701405 743600
93492 416065 243634 422417
329217 369556 622114 669375
435879 125343 149448 872835
222312 409286 147953 790473
147280 313092 595838 871470
266391 530942 82929 994341
137203 108798 298440 571142
46846 433594 36120 893232
308932 20944 551920 682562
65307 191722 53593 518437
178553 153223 867468 1001939
525680 40199 720577 898993
436561 37811 599218 946215
375749 219544 517573 528204
216008 447839 250776 688193
188867 222518 718280 955726
341097 246846 941759 973556
222706 310610 20985 529267
232486 225701 608551 691792
225124 387194 678544 708879
252732 398829 371597 398947
67727 473977 34299 684828
386894 493885 449345 732257
402516 510507 428373 521556
93531 257078 879262 962786
83258 234389 566319 848266
163584 178659 297638 665670
168135 292356 630175 911143
27063 78947 791679 849007
111089 219718 259229 895527
247839 395496 131780 858315
226846 437509 369704 759450
292048 205158 485315 977603
146281 405337 804741 851236
138873 496271 750562 862176
357316 489104 77392 337540
42910 474373 491801 795515
217211 448622 958468 999709
108170 83039 643347 827012
453855 442515 312752 898938
101412 508987 167385 415472
300865 463629 845255 924215
142570 31725 284226 606782
305926 389429 278884 724619
263041 82919 689499 718315
58208 199018 277103 781680
500851 51414 365258 693039
160982 454292 204637 586790
476162 321572 561748 782961
330384 139321 425849 553404
494835 41467 598145 941056
79302 242474 200266 833857
110699 168524 11003 541775
464791 185815 231610 418065
25174 272240 958467 979209
227554 326631 81593 1003268
439688 124988 818891 863526
502612 8543 601049 819922
71748 27036 434240 868036
202629 200493 664066 974627
181279 211442 826400 924946
524953 450290 456727 863895
283371 460149 431462 850933
422493 93454 871611 877062
321419 378253 111910 193440
427199 304540 287614 668764
112941 455741 855555 949099
32120 115154 30483 98992
178401 293264 229452 578084
522903 363209 864403 933086
169603 114530 237571 378792
393423 316349 211323 439287
316697 230525 855116 868115
291744 401166 300969 473083
304201 255686 508317 985660
482502 345983 53128 744044
114653 384850 395463 647336
519012 85978 804702 877744
198139 488481 762698 898643
246490 503346 624379 819038
505930 99900 334689 765709
469797 93949 919753 980081
281983 231287 740781 998653
435646 193045 821552 981783
385588 277380 451126 719257
65649 507582 765601 915135
209424 317125 80250 863947
505411 246731 714266 740121
501175 120775 185729 599770
155699 471647 147657 674552
407890 203104 565980 834948
151377 129619 849861 866097
319151 243439 163062 796668
232026 438699 434368 501060
281104 515679 997010 999975
145030 37351 468577 708618
467661 143420 210955 354439
240082 117173 917579 932981
142781 136294 518705 836584
334530 27691 548799 615886
519516 393274 853914 980830
51267 431703 966172 997013
71547 400320 34949 557586
340567 87784 360077 492019
379242 219469 293679 862848
281903 130268 988540 988591
473054 471183 502133 623257
354317 368236 180289 917031
21492 279951 901347 999102
531142 485412 815252 922480
425395 392378 810745 815732
379912 368738 733874 876476
147608 70806 183930 833506
274301 288777 81834 487764
393578 79791 691298 929019
82915 272781 201648 662890
335902 330970 493238 996280
430571 453338 764561 863127
335890 66223 572204 996641
19215 70176 65351 155722
497849 376666 857783 941748
72249 255413 156799 405020
473079 484151 756970 809815
240151 240135 344677 863830
178871 338160 960037 970259
430047 190952 234051 279540
469751 291009 512443 932811
306253 11336 873423 962147
327424 244675 78188 250637
207710 380497 192321 317358
431923 412505 164780 460101
133134 160124 40703 358561
482088 329884 688333 737463
144852 116955 479993 624606
133998 266932 74536 196512
230814 92232 364644 936522
220229 502071 897092 1002270
230586 447128 131848 388606
251309 254973 320987 468749
205320 50201 504396 927593
478195 76386 823658 1000225
314320 84033 898907 965635
329951 444143 538982 925127
369220 352687 861000 875124
465704 236588 323796 730948
169260 496721 494964 555136
54918 41515 29714 878870
323010 221737 8382 60550
174052 322842 640944 685818
500588 495271 943017 943364
219433 62128 400015 761299
19860 90957 612022 867993
92048 208122 176439 881448
444557 326222 192070 767243
285793 18016 118350 492694
44449 499638 998584 1000488
355791 330575 639067 778436
294732 319363 25528 776196
40229 391220 611939 759440
69910 431644 200729 892517
272571 352375 834868 987481
61298 505219 465011 802134
321511 271494 1003664 1003789
290795 409890 237788 937605
252398 451919 228157 826267
326738 179113 554088 607548
132994 411396 811649 878820
507476 326986 581741 634157
374590 526206 949123 962747
121407 524880 931170 954874
218030 415552 228429 489755
186146 167457 314738 670851
305138 422052 944270 979905
124697 165425 499536 777631
459849 385849 40223 778396
369319 162965 861559 880393
522581 391550 803138 840284
519982 118001 966587 986057
400921 297829 409790 637330
361342 474112 498128 903523
527970 367006 645710 703563
245577 339101 625718 707833
256400 434849 213581 307740
17677 25542 619998 882074
21716 229581 852664 969489
62634 396096 781040 938054
451622 242966 688802 862183
303648 468072 396158 922118
477264 375204 93921 607957
306393 224913 717696 872096
520805 139250 306481 739624
432856 293974 459106 825793
362987 465858 844127 989588
489246 527596 238060 770112
224871 316799 655684 849061
193246 299625 605909 663865
389140 482609 722806 826394
112959 270868 636171 656045
245631 489112 767753 805725
191822 89281 157412 977084
102017 372005 795186 871404
456188 34169 954320 1003340
503232 330547 438233 965855
143785 119369 639998 695528
286512 266626 219641 817490
463214 426042 373439 888773
35522 409930 658145 1001696
51537 366476 301485 448215
26689 464808 566018 992391
310267 20920 521709 671363
401117 358678 533716 663372
259264 24371 469292 688801
183994 214260 825850 966166
311616 141036 833466 868305
223547 310085 914189 925387
407139 412368 105307 118637
111910 175838 150005 619918
42314 514503 508819 812852
293684 522652 704414 761708
99254 280047 683081 758721
223821 435069 848506 985506
34495 244740 10665 265949
71750 357089 277430 480648
437572 313841 84723 910335
186656 470284 468924 617857
213011 227265 92363 964050
283282 470461 526586 705377
92311 339240 399014 537186
356189 379344 443533 465182
111840 367638 386865 447599
426575 196148 367504 456772
161856 326805 232752 636753
373274 357242 767179 910797
528441 323215 292385 757424
286414 393684 274590 626229
116741 347306 967671 994588
296833 153824 64971 576587
243554 209536 649773 934394
204568 375013 909288 962006
290013 258213 897173 990693
104991 486906 87886 297537
272220 489462 114400 758401
345228 212691 360374 864959
141228 33076 845287 871380
198703 453783 201131 609873
42178 431368 610201 867972
226956 258976 109735 495680
500491 524496 18383 959665
180349 527210 743992 831551
205329 470002 915609 983750
152200 20355 766904 987135
472450 433595 495323 853464
132839 236751 303055 959532
142668 306007 403845 781081
70383 288326 24703 821986
292382 180597 434869 928638
356353 438380 520272 620283
182334 288772 366994 639464
427010 105339 89810 496435
249226 330872 576242 738539
489022 24030 911062 948162
309 210511 3356 706402
298236 46925 550460 933443
216233 332365 700787 953201
178726 465993 282867 816554
296957 273980 874839 930044
34105 487398 994237 1003372
308505 242977 841005 997778
6562 52213 203795 708096
14091 505441 41917 138661
476081 195578 278043 324942
307877 180424 326001 985539
54778 384449 519769 821341
379300 86152 454619 859525
132855 503215 328771 475926
364500 322842 720964 899160
50012 236929 791611 949840
382744 303956 850544 946275
327657 253888 308059 695331
465779 423145 670632 714261
315524 215815 332756 923914
456914 243017 970449 976840
5852 335762 1003029 1003559
488405 517033 294101 438585
153712 89239 525753 896239
523289 461516 987464 991488
328149 255147 229829 517760
368814 349204 22987 329924
488011 277784 437095 882871
492397 102639 612771 716157
267614 85063 288308 333754
521543 412897 591725 912075
245289 232218 936412 952659
312553 453303 451592 547757
190377 278047 986770 1001518
477338 162164 382791 523166
235450 329090 151651 413475
171309 208187 689432 943929
204145 172769 518550 854179
508238 256375 561651 645999
222469 530594 122808 284127
490622 194308 469176 531577
513326 418257 888897 916121
236996 217908 201750 333966
108686 299150 763405 960041
97452 85408 624598 671292
292475 214359 358482 643105
467526 163585 486197 615930
449635 503779 487672 818835
375613 222024 830399 909653
181620 440291 650149 765383
51031 303337 948142 994474
107007 229391 708859 750481
352576 63705 723691 796335
250635 443871 529923 940500
311038 67965 191960 583768
129656 524350 184274 469165
203318 112622 628773 666653
239360 87481 712521 771369
249503 304857 743561 810007
152746 276882 360354 593082
468098 200535 244494 853603
444530 480126 380844 872067
457725 266918 722113 905557
249356 221451 917238 1002855
258069 106977 704923 956751
514453 116649 440050 963431
126176 180703 906428 907032
525629 37335 437024 690184
429964 398147 954455 979912
525097 192308 623880 866128
19621 129201 558925 626243
165814 475048 748824 914925
232102 97175 357493 566411
494333 327705 871367 974966
241896 52921 277946 985677
157324 24425 132607 558681
159836 439542 275214 489509
16610 277254 779791 950812
202328 142246 194288 517859
11973 201119 341400 885405
187625 441574 339719 398889
341875 350651 289267 959669
331724 485298 791168 874573
387328 305991 570568 652095
336476 137468 339879 824519
302895 406124 317514 954495
333894 185957 179548 211073
398900 399783 130638 222161
165083 447648 120532 1003524
183468 157084 272532 715128
374234 387937 884278 936363
486349 197469 686762 730860
425807 492505 339684 955494
141344 393038 866049 898536
355220 246499 62247 303479
261454 225357 563127 750820
503958 96929 444338 479258
448302 476540 115011 952713
141927 525482 167401 168224
366638 272064 41395 926588
444009 351977 906400 953203
403958 392689 673590 766188
27237 84807 982227 982486
196464 62152 46297 859845
464822 253419 167392 591419
382842 80010 401747 453673
136119 130849 422215 790927
232847 46183 250245 493114
357649 414014 448749 629126
380841 257022 695625 996109
156388 219388 156242 566830
465983 9614 283515 288424
185800 497279 788718 858988
257601 468565 773616 776981
362009 523663 114221 464108
495962 11771 171467 244229
365216 410113 580825 918849
366282 390011 219247 304958
302167 149302 726193 871033
136337 175903 674188 815364
278985 15019 299972 702734
82925 194090 632838 735741
452758 196040 8950 713091
400779 31714 700075 780847
339592 338015 396332 715339
401294 229671 652746 692828
440984 511856 77443 685682
191727 57361 830994 886228
256 196484 117634 747106
13852 305695 345667 354442
349800 520281 96795 329480
491698 453850 347135 812846
471914 358783 910574 970126
485806 46648 582451 938255
392511 212722 304336 866309
419804 476512 139071 839081
434299 97220 258315 579353
529516 460769 96918 865406
418972 433608 352861 885760
33319 295027 918776 972822
155595 476678 518851 917381
523210 468119 639283 780070
265650 369852 992271 994653
169998 158585 681015 807472
442898 184020 642098 929288
468256 365613 982756 996863
370131 352309 722004 968888
453502 31226 635395 886807
3056 84777 765802 784916
435172 22030 698021 784344
426734 410128 909432 982747
70137 121719 59634 422025
333322 284474 267298 346776
482869 13869 346576 621277
61003 154914 681165 858691
33627 109281 672741 1000262
323589 231012 870100 1001818
352965 393664 194473 543592
41491 303510 472182 873517
404340 296396 91808 175213
463969 9455 1337 166666
190839 496278 699531 964215
182592 524744 373928 920667
303381 285337 985782 991041
439830 495264 514683 718821
151007 133459 806118 997397
51595 450159 293295 554461
102619 362813 991805 993344
374141 492097 505210 761939
150615 497554 691898 843515
378898 26300 622029 785766
409128 330358 602935 937566
491022 338734 725640 959321
218204 241222 245236 960069
148602 71383 87082 431313
325138 152283 155613 867433
189465 446726 225477 781534
312420 360588 782395 849359
226498 7331 910847 933282
106503 150526 707334 780715
31250 138005 580960 749863
289320 31653 544489 744913
65218 340864 365672 754689
42552 145517 386696 593495
447686 522321 648303 919046
161668 452388 248725 940133
405274 363673 309283 997420
488792 376752 63668 654697
523332 345614 477775 943886
3544 485535 990577 1002807
449593 196637 432804 455993
270691 298052 904417 995816
388756 2294 754044 995273
164415 297549 72642 634792
377612 131565 928035 949998
202072 64872 777381 904550
170223 181372 870475 957717
307033 179671 931377 995685
255438 431888 551147 659099
177186 83240 357132 473521
92338 21406 756404 765172
178235 136311 673503 830553
106221 318890 392577 681960
132802 440795 562174 652129
82628 375695 770982 935591
265869 236721 389713 636641
135119 63602 658526 879962
180715 267763 793346 837073
102146 209457 897959 898359
353450 401025 149213 803011
236578 125943 689203 745232
447077 25416 82574 149009
441797 393875 632245 1002619
179455 203260 1002039 1003413
210599 277277 413364 860498
218656 463743 326449 392057
139612 310579 122376 517179
385102 261208 955214 999642
248344 32297 359301 506602
319456 196021 699326 914570
348160 174913 514418 662081
366048 299010 171124 744753
114696 254074 163582 622018
430732 230856 422144 839951
44006 425874 744940 966636
5229 454657 655877 668483
140300 490235 235840 457441
203600 212509 901378 913623
343646 339929 946432 993562
176419 60572 805490 1001518
308454 88663 278618 542172
182714 458332 455061 861468
277885 293198 986698 1003568
393857 33578 242495 265407
423593 525382 656580 662213
10929 217240 411857 830480
96949 178546 796242 920683
246689 418240 874794 1001976
138330 243275 924467 979371
75684 174016 802429 846344
116718 402092 584358 773976
210214 274990 820315 892294
186811 284925 370533 402854
4764 412675 353934 615230
28516 510770 191315 730249
153113 74098 418295 531548
49533 486772 899108 919275
482641 248159 230411 465986
334888 412298 248422 458360
482977 485485 749072 959623
219297 62409 379118 851415
363919 213819 380315 947804
128349 126490 489459 800323
299299 119253 893876 905710
251788 529472 91486 808743
446961 517432 441095 587254
282921 33323 982461 991523
114510 526117 576335 971743
275091 429868 876370 898433
264201 486083 455082 634458
527422 152507 227579 989850
152024 87954 48822 451393
238033 421584 336730 811846
430673 86460 216374 413150
107520 24846 632402 822949
139335 126521 38887 935697
345183 245518 711636 980929
132539 501805 643906 869586
351832 7624 248304 819675
177912 357193 625239 872567
81849 144525 986206 995409
409914 248978 228122 371022
495223 353194 902972 972723
80832 366967 449993 948857
11675 156324 882781 973451
465070 89103 57975 312620
122162 220948 137950 380413
72480 93520 883703 955245
87123 480792 675364 981307
507134 15983 824124 892046
260574 160172 619187 628930
154280 96971 88998 996304
271926 363944 859848 930494
399542 236851 744209 929062
370637 73309 258092 609440
14904 367344 198100 447057
497958 150948 871628 974406
119071 329083 991394 998122
119788 362440 84174 454768
79937 114175 520669 956863
262873 288651 596346 746391
214704 204262 650174 877857
410867 471214 453887 739353
65352 110179 601523 784300
171264 173903 70183 575605
92701 333641 697401 835324
224806 277805 61976 737555
145881 360350 976273 989151
293076 178710 953874 958351
255144 54190 694673 736794
214036 473650 865133 945964
529238 476862 351887 587609
159776 144751 575772 660898
188990 58592 831269 972399
140451 241902 491680 888455
48103 232434 608248 733625
259355 92693 888533 994120
437141 301505 274693 714333
87140 21059 366307 969374
390697 383100 582895 694891
347546 223605 895583 907755
358381 272213 238851 675568
77847 177627 909205 924356
55283 149495 163681 175238
38032 58328 746063 782800
25762 97112 388430 405957
254849 412676 531765 591629
85408 62495 437985 722629
67913 54490 265283 411965
395208 19397 328572 347719
51513 331899 63838 988406
125485 26508 639567 910200
45552 65310 376023 755849
218966 456926 186603 245853
96673 92760 44975 801551
506816 79571 741671 799944
352713 289227 642832 913753
110431 204994 397316 696128
114759 350884 651303 654304
51462 5936 426691 983380
232812 99567 275445 311340
448494 25726 637740 749127
40276 143607 725240 782899
252397 529495 982426 983228
320134 445247 880330 981651
514574 493626 158153 627692
16334 476728 828043 888294
233371 349866 268082 684719
444317 391994 654200 904092
61949 284233 94941 126833
137264 120385 483723 757226
344824 239069 192680 734133
468186 65675 934719 975569
333084 383109 735756 754340
332597 443911 711867 888579
286555 348725 402653 515908
174167 224019 456051 746484
36211 413346 696990 760383
444732 506418 660270 799730
71257 65181 416019 909896
133080 158892 114102 647658
409029 345422 949967 1000828
208243 473147 512870 772329
110182 215085 715930 881059
122170 35942 749446 927060
386743 42159 233341 278407
481084 323597 785033 990040
322846 478226 376473 962109
182619 24321 351973 944204
237379 354275 333931 411790
278640 440294 224853 855991
412879 259458 302950 414858
263900 11686 51176 153055
520987 99043 518493 768870
64349 364297 640099 699747
54156 27596 693960 830598
366195 344244 96052 570872
517499 122770 274124 498147
159831 52424 884996 903684
426926 253648 756633 822595
350500 327737 864279 892979
211279 204072 212869 894597
503655 282480 846492 923503
314790 348476 114673 900760
510545 256405 964432 986870
193689 118707 378315 601330
482909 60968 549400 925997
48287 216851 417781 720621
55908 439926 240403 380244
349174 424920 608373 878015
295331 219318 166707 988999
397680 209973 361981 796925
115475 177034 810079 821471
286900 304380 877289 972338
276185 520018 878544 999809
37679 297480 337049 977339
256838 474415 949784 982560
232509 437350 510845 645256
8106 14927 525521 911748
325081 480270 176994 343667
196984 215361 418766 980397
5206 469961 32963 559066
208942 38134 25631 359676
462019 95552 689661 840630
446657 429809 863569 926033
208925 385792 872096 873495
498312 345475 457173 927269
383059 229198 661054 911959
322666 358765 462774 774976
427899 428218 766203 850373
425381 115037 1000327 1001677
172437 510453 946594 982509
57621 111499 66668 224853
150801 400207 101927 167317
225002 166392 236367 618708
502053 479333 125284 274158
120582 238439 733761 845814
243321 78251 451481 860777
253641 428943 344979 418272
29291 456987 94274 887326
464697 488746 218906 955909
379482 477510 439206 645317
355762 506463 813044 984519
370973 252272 72510 192980
72446 373593 214685 542672
172700 154206 572179 624951
363673 441360 381362 848311
526501 6557 680763 797348
354432 198551 170723 658418
462249 257446 129657 454701
250926 180973 34879 229901
86996 304603 355091 974294
120727 321238 991241 999277
63053 112499 41535 529802
25108 483879 336499 905633
423353 411180 265939 356060
350655 141937 55265 724100
513359 136301 851490 874575
127011 312627 838471 893723
105732 362959 82162 146601
421072 174658 770678 823676
461735 453916 306130 803818
382442 521079 6349 97425
94200 375340 226949 623382
96730 428550 932734 969782
467111 388234 982084 989926
251076 177408 872480 879890
199110 96284 703543 730601
223740 519784 95469 130979
211530 15251 114212 615424
236138 350022 538273 753049
208167 262018 600770 715232
428000 384409 93807 656127
530595 277377 78657 265110
343032 477627 171248 617970
320518 475018 443599 584004
398852 156325 211610 550562
516999 181548 338302 357731
526302 287786 351108 362049
165731 322350 94835 216605
172905 522258 607092 720970
204206 247057 364825 725099
282180 448042 522454 607976
311988 461730 514146 944230
197182 271541 719437 945550
517369 320243 229789 761826
223160 150514 305977 983596
319466 145220 925539 956402
447895 232173 696932 729047
221155 458741 697569 961930
40995 474666 759275 968815
20608 520841 217039 769397
310170 294074 11400 682743
148202 108269 22526 615363
339129 392696 489468 491336
411050 423632 7957 347490
269556 245711 562474 764740
12019 461773 682260 934021
1721 373390 649886 739122
276616 299984 155705 208945
173455 119794 430033 715628
209684 133288 937348 973479
31890 38643 83538 622804
344000 54297 981714 986021
439032 319053 245109 257958
41313 167582 334214 986293
287795 137032 605097 717124
58688 382502 355677 717060
334701 91756 816178 871455
463667 194959 831326 917139
434814 389201 864110 926348
235623 497539 594486 833272
84667 69232 255156 843324
378628 25853 256443 410831
337314 506490 145254 599895
17095 76338 272832 286115
426731 312489 264981 481633
169459 173021 913243 928666
504115 68848 815931 981128
105514 523232 574639 917035
171202 252984 675776 690207
38798 257511 772493 969208
78628 345683 979801 998504
9389 99387 552346 644191
462771 66436 621624 908708
121262 287059 569322 656204
338184 491140 699799 778664
289772 84401 903864 978050
204052 487106 939952 951570
71444 329164 887467 931252
220793 277959 866994 995699
440897 311497 520835 823522
146586 490726 952388 980439
338300 203145 164470 741664
173352 349473 957239 1001816
368017 122981 419451 743464
45083 507977 483696 816948
302759 100526 954036 984585
216992 404714 904952 912437
30291 517322 218389 262677
146051 103156 459828 773905
444084 200388 385551 811148
354274 254434 47328 923592
477580 318663 965733 967313
26546 105879 662441 848283
48420 194947 18425 750843
65313 407096 37755 891820
489068 318502 244257 507719
329425 117037 915375 920436
371255 401390 871685 925471
240000 208186 510539 755707
335383 481539 472425 739929
256305 452263 422016 469998
405 506632 706794 876992
241385 486399 288815 618914
505941 462461 528021 665850
346589 425993 631826 817605
91650 103560 503812 905992
442052 237388 745106 849862
348465 356670 530888 704798
456381 46011 666365 880858
90532 172916 422933 807076
245083 353647 471240 825935
278940 513262 158184 938074
497966 390657 313259 422259
416217 169646 784097 901439
418042 388058 915725 997186
391787 21738 873438 979711
431413 12424 883591 996399
5701 139994 106392 217072
81326 137441 926553 933344
21058 31907 375476 648646
403879 516046 664684 739125
1765 203812 387730 950456
26858 228750 446935 704994
451227 190250 549350 893443
332758 309878 882109 941650
277793 487240 352013 482036
332468 382721 203359 789402
430593 371317 800755 934688
360981 37768 38607 631403
141751 513718 100959 507346
421617 495439 378433 896980
340585 127792 67665 442500
195543 368711 182939 642824
53915 326664 559838 709078
404623 189107 521916 850033
439294 35394 12177 500674
206582 46221 441788 880357
321746 79357 926479 949749
251138 355613 945031 979266
307880 106661 270035 598719
384722 393796 10615 542772
511163 201449 189120 916457
356679 490204 190224 971188
276607 79262 142379 425498
142671 231597 665048 754861
11659 370464 875551 877029
490419 137278 648120 879301
277291 101777 845352 986278
159691 216846 780193 923614
237920 36956 668826 789115
55138 342253 303810 449151
211119 205905 158812 771819
38315 432394 935643 994091
49495 163966 534235 887135
362761 479176 468734 919918
442283 367609 778546 991381
445237 130121 712373 764035
145586 433297 846848 908118
238579 299526 154628 915337
496189 528095 272383 881759
387399 353545 920817 988032
175061 149194 476077 947227
334862 60468 787039 972582
203011 102303 475760 616048
276468 429932 981400 990573
30105 334328 602427 814719
77197 497744 679349 844980
207874 501753 1002826 1003601
60692 123392 464081 637052
314241 289064 304240 776643
477649 338329 333528 478387
287971 162297 267337 769513
108939 505756 373269 910936
482915 107381 623683 908329
425217 90446 130082 373553
462095 271880 968353 980741
70935 222976 928209 935082
341126 162924 480556 577979
462452 469246 71112 126329
29613 112937 911871 937934
220855 488106 24400 531960
315936 509003 189461 724135
435976 344467 460295 936422
130832 321541 700275 808569
43715 464469 27755 979505
63168 406862 497108 523326
106895 439118 3857 703716
282880 432377 267250 534120
171018 331552 540950 753414
17067 472673 675650 793282
303517 335175 162950 990187
504485 430139 774798 974392
244892 160575 811962 988508
237023 509154 349123 835309
105470 512708 662788 931204
338467 188784 384824 479107
507046 211769 845321 934412
501985 463227 401452 916580
523403 70788 150848 519632
519294 348186 650560 715511
346842 476127 169867 560601
207767 517876 141487 884460
72972 492181 688228 897858
178318 460234 88675 214290
160583 129291 31903 751810
253341 119905 361876 713849
374992 440912 153695 806824
447560 295234 80129 171865
337797 48799 508360 718983
430915 370571 21822 342222
2616 347439 484613 486368
390051 274789 805538 836144
319548 439554 466535 854819
616 188776 561672 895439
205299 492023 35467 654000
440147 250641 791522 900158
227385 253185 336151 852976
20282 460006 764518 844638
284823 71202 746805 828864
363901 197846 142610 194069
27852 503151 328243 809920
140543 119450 129157 898168
352286 8880 968781 985319
460243 138628 777430 890723
499314 38444 467563 742080
123111 138567 778492 783642
183637 94501 582871 979262
281347 288356 592605 933689
508421 27369 629094 712460
232187 456805 476583 987907
495013 389207 741356 940734
238295 261356 812617 954829
282504 21139 982854 990816
400181 302192 832957 1002926
88929 264847 241648 661160
494422 11362 473935 908668
330760 212426 787702 813644
247347 497884 939676 989693
81691 465169 213959 553966
138582 417437 741380 889459
333653 159534 876094 954412
51632 320103 392002 815512
123310 527376 410136 818234
366658 79048 851169 958068
42595 124238 809821 960848
282445 178426 904655 938567
19285 113372 957825 982248
289762 33770 279010 772137
256441 90648 954261 976130
491577 477945 565811 912164
26103 7225 212215 720395
227593 508356 731814 804384
498274 149995 329615 641917
475780 15930 250726 269664
252362 229449 573460 941923
418036 373405 473043 963617
90742 400445 501138 517098
327009 527394 497447 556391
380584 97083 643264 828166
143406 322906 371920 771297
455228 193291 610950 768234
312738 224808 901649 955065
512336 201647 63013 917776
60265 48770 481635 894296
39954 290095 962117 985946
81704 247500 319156 583011
530521 121148 805163 971968
434320 60972 701023 759126
66181 7655 550223 577215
190077 397036 104279 130837
96600 510843 899208 1000650
216020 57941 907506 949222
466222 333681 49049 867601
188321 434638 32311 433202
113272 275963 151369 660674
210083 417370 16806 624035
255058 129084 623819 906561
484701 398815 51564 939184
92686 148784 322829 566442
287190 266627 161622 702435
133316 93585 652016 951329
347630 425181 733425 829215
102213 1647 498450 959771
421240 448761 370321 455646
203164 126412 25215 566302
357464 307899 134456 256199
367038 384176 858652 907692
109809 230806 9095 28395
507682 384514 461091 931171
467271 261748 61785 398105
279775 444025 726844 806407
287680 279252 178412 934614
514758 180941 877809 931180
69220 132256 280759 812085
414307 458361 505570 595366
372618 319616 331419 331731
508785 500252 234571 253722
159048 184814 452513 800906
153515 267221 462715 666563
47049 501145 975439 1003794
98383 378948 962174 988673
213533 475461 706737 765800
141984 69665 142242 690076
136681 141403 868060 950182
191030 406069 505927 730286
218226 181129 770346 998394
450428 292512 651264 856773
389288 119721 345747 914573
295613 460788 988257 992965
312777 326103 834699 903064
124471 265190 705268 933897
135538 284271 784905 886887
44712 395783 695715 698832
415413 129544 361280 391944
144775 496768 159514 571426
430531 178531 427374 932748
349693 422205 923487 963768
495346 360256 590087 721887
112740 510525 325995 612224
74348 315029 441562 655844
229683 337091 176575 420131
530525 449545 282485 459308
405865 413645 683728 792024
280072 425925 316504 618068
527810 269014 80116 237821
423876 530109 197171 252028
514324 201243 751557 907025
184435 190441 712974 888833
58354 365901 420194 763364
28023 22252 519535 685841
181541 135842 300194 710271
47959 429109 147093 761342
390572 409055 639703 798460
124690 54946 676524 717641
456345 158335 484606 624304
340289 58479 632807 834502
76619 340490 925982 941922
333976 168964 141552 245481
101644 524275 211620 272330
313742 211047 968880 999571
151829 280563 739428 987938
26777 122651 248177 340712
531297 314714 14119 533465
57877 266455 719924 834468
458266 215806 178556 861185
352936 240544 651979 883874
242256 73397 801424 931551
357534 233461 258199 966189
260703 5111 702158 955961
349807 461596 667599 795025
201067 123474 97175 809940
132508 278466 565359 771696
418861 48309 989099 999458
104536 355879 629318 839970
29746 517355 553484 986515
187835 280345 179116 865317
65999 219199 608910 657774
312834 290121 729791 970903
366327 526368 288911 667184
247760 501637 908789 938353
235916 240749 624012 986386
339953 384601 935095 964314
429926 295081 307186 380604
441901 43963 970769 994438
380285 450092 243048 903496
196215 272973 64213 533961
234320 429481 378220 459397
347527 65961 204392 252233
310702 126230 73521 118276
101477 395113 886746 934886
171353 468069 747350 904966
235071 96772 524698 880875
15868 223115 103611 557549
476398 361958 885086 950509
527874 527296 96763 630333
310015 276312 86590 522823
101356 522029 404419 545613
294419 318401 679189 721241
337772 502129 115384 830033
340613 154818 1804 736943
217807 410536 656999 736870
352469 506795 284636 703536
61797 398532 50255 891473
161929 109122 109057 778573
5618 185977 245108 331791
521772 201007 812092 946368
110054 85006 673776 771587
267997 139414 164505 305736
189304 69195 956264 969755
517098 93672 450587 834685
156183 323883 702099 857378
194881 3599 50687 546532
188739 406302 676049 871620
259899 243853 348074 505080
168902 155584 656690 983544
346465 264879 537410 635061
192856 517843 610037 877310
18967 339571 580854 949855
243193 343723 234613 272196
394954 114390 449450 635424
359114 87776 808865 879641
439116 421491 792516 823085
166558 454812 348200 386719
428180 183641 605710 968165
67965 127349 197623 269071
330219 293761 940920 961440
243472 45823 401432 980994
301261 488061 540470 784307
294256 472920 327671 998748
295514 427739 348518 688745
2658 412751 670906 773567
431698 267496 386853 558552
99034 424519 644622 973142
57010 494241 277270 481865
214836 493248 444359 729159
171125 458260 544239 688177
327328 405938 124687 902276
332269 113854 37609 274498
335032 382242 913124 974301
329656 205704 384701 906590
518817 448744 446278 670422
296092 158949 609681 738904
269208 187657 590035 786076
289389 439193 263785 982318
182682 290223 307736 740360
1760 269319 925492 943599
414083 190486 818284 899941
455463 319241 220235 388226
476684 309935 638639 844552
69173 457330 286367 853475
14851 241397 554791 918505
79158 46097 331460 421062
487396 61350 433977 847543
406873 525813 62109 779160
241527 168388 571520 679984
3570 397235 470260 712319
393517 333717 465641 957608
474054 88420 347375 899276
485350 78406 154016 552466
477433 498949 167724 548111
313579 54000 21654 234352
477986 117192 362095 694394
117912 483895 327742 421190
41428 446469 365584 983819
297608 229768 32482 474137
5761 493828 877629 966718
188014 475991 171293 874395
406112 363438 501799 601599
364998 113957 620670 967885
264843 422370 221034 894812
459349 239862 375161 580301
134333 513553 573747 634285
184497 362843 90708 554801
420290 11144 210567 948940
256388 516894 740639 875137
354792 138881 349193 720665
260685 177703 42909 603005
82941 217144 825557 940276
126390 188973 841177 978829
387468 332127 459567 732499
29989 514607 493870 610538
520730 330097 636475 866481
313796 237672 78421 592876
161223 351974 750862 879237
10141 129669 215983 705133
72734 40008 801718 839941
401729 426379 99914 374230
463534 161207 535480 929340
389028 286217 387816 860759
316216 438133 576975 631341
13207 319465 169739 997410
6802 84747 775420 781118
240395 80409 687322 754815
63344 499076 305414 613815
422106 145458 304529 999000
111833 17183 206358 419183
401758 317541 864628 943940
52875 508007 911670 970350
58868 285854 912301 912961
491604 316002 813467 912951
7976 394749 37640 930973
162124 520160 811770 850742
430144 453438 927949 946814
461659 145971 596563 809946
483474 260682 801768 911393
290845 7765 138194 242554
245007 220799 166787 625084
315947 529006 473508 767637
367970 285083 512812 791049
369883 220424 499506 608334
90014 211833 12753 180469
404890 219626 41829 685277
215667 323145 392311 725558
376267 471295 252708 263484
485005 143882 562963 742770
436569 222527 527115 952916
168490 168489 954920 960131
458210 75374 391076 489281
355960 47968 499374 630833
276080 184684 578887 596633
453998 95264 222830 388528
190476 142575 391655 473579
208915 385563 228449 569766
166872 195273 939188 979194
248804 232511 270369 458609
522581 30748 900325 908831
240122 106212 300703 791491
198929 301485 310735 695333
407098 100467 735365 930780
390964 443799 434321 993714
268899 112271 647272 793836
464018 432261 229549 697421
379498 469486 202016 478014
235296 530653 193527 238870
163595 340775 890745 960691
396884 289330 480839 585643
268695 271201 405266 518728
250062 471058 253951 414471
529724 149250 639422 699079
367568 274124 399909 909814
195593 193219 101687 465285
425467 57713 316553 540863
75541 163198 349954 891072
305182 254287 412445 602043
121326 513312 427910 760818
454659 275114 503534 785018
203624 468260 867893 904919
167609 286127 745141 769039
502463 1592 831770 938088
436460 368825 258797 669643
57845 222432 365058 960990
15205 376975 171927 621289
427788 68131 528547 609998
162950 499006 726133 932813
461308 285247 172999 240433
101019 304276 407026 892464
381066 364446 259854 385506
439686 420346 104231 725549
197221 257269 761196 950466
258488 529598 800835 917399
149281 432834 278215 586604
492088 400524 516232 588490
402260 211165 426052 505193
511288 395039 14299 714836
187690 458582 180800 970039
122089 345826 195259 620124
338977 300319 274690 973953
88038 309552 943771 994849
333041 367508 346280 472740
417411 411238 782720 882056
12062 378920 85833 416586
452475 315695 982401 983551
53547 454025 44008 404895
416627 337660 56094 648409
368905 527330 268210 530020
412521 435755 693205 780958
471827 436486 481171 753957
207379 311114 49963 130834
526160 325178 999829 1001894
70143 380903 442659 466698
326830 72027 887980 926311
486750 237226 209097 987262
224883 421700 254102 581645
177493 342352 126367 436383
14985 263675 367101 429771
78877 97396 931875 974870
108046 161413 475255 898026
236169 358812 852137 882374
244311 200102 208560 907382
139535 85728 172854 219412
456773 291034 444758 465667
295674 180312 517790 947422
356963 364693 293157 577809
433158 89027 743159 985133
14932 89520 939763 990418
31501 485700 217844 429883
205511 278526 493803 542672
191714 21503 602568 811302
115925 199652 780463 939656
122409 167940 287846 459653
253767 290841 225303 844718
371314 227759 286286 441557
378037 227891 890744 945510
29877 327217 338641 512793
1875 360615 523342 694318
197256 67051 121416 585036
353528 11764 447766 834454
302212 130586 56742 140300
245426 103500 384399 630080
490608 134884 344785 497771
219802 375008 280975 468173
169240 261633 80436 311612
139937 113500 370674 592194
81864 352295 906796 965341
372766 8490 246320 912707
417969 200460 640992 740217
230183 185618 920634 921513
73433 486531 767852 900168
516037 60272 838146 943267
333958 121242 309479 759988
485972 149378 665597 813516
88313 426632 257705 625912
407593 325395 529358 834926
242356 77596 861469 960840
21084 288240 692842 811459
10706 506697 342173 721156
2609 247810 865156 925405
41817 480837 27252 495110
388442 295094 301575 442865
245075 6692 197787 784269
131479 90858 29748 928158
514925 467589 529874 743134
507598 153903 246702 705269
30047 216651 681019 685656
518857 479983 228785 944648
468249 130763 409725 839948
383680 69342 171514 416631
264971 169606 508593 936322
327680 188905 513650 979225
109636 300031 837072 870587
391224 78638 16341 287504
28121 124434 1000999 1002179
458220 475540 919967 939697
163175 494909 583557 925975
250870 350693 368724 818821
371442 443877 332927 431569
110794 78355 510302 812738
334005 472681 572140 662252
16464 21380 426597 720076
204807 497719 718230 732561
402064 83863 116330 187376
382709 199852 404360 578167
433454 512289 705212 978643
177109 453047 73966 221133
193783 334591 186504 624622
237062 460936 817651 976272
326222 251030 104874 106141
444588 29285 435154 820121
435031 280704 632346 788935
258134 301140 731953 804466
219298 241447 211552 617688
173683 59942 953433 983904
229566 302308 176309 593919
394951 202655 306385 541810
419365 529536 340238 832540
118215 424230 462811 632057
330823 68438 814133 987452
392602 91969 421326 716484
446926 177883 366676 765651
523695 174324 571500 889916
213621 323596 383327 947328
39089 222045 310930 580856
140577 204783 390910 576217
95952 7240 65471 985064
274332 243680 2067 999996
218664 488057 339247 854402
508315 310101 196769 960539
470287 269406 803268 804467
444053 163335 311558 897951
107317 518816 196139 270654
217874 51016 408450 480983
399138 491894 614622 747841
197630 39142 915515 975725
203766 384874 441171 931049
117946 427498 470337 842964
323981 28032 662730 761544
268443 438059 16112 435719
445550 525975 874822 887974
462967 173738 200136 258088
245809 462807 643842 999715
11431 49651 122253 312297
151503 350579 815476 903603
47847 106911 568635 982731
54704 418455 960119 978817
267275 213910 588970 622844
423473 456571 512374 567155
130965 413666 699372 912393
132424 293482 237528 869746
209998 365157 542250 822606
78441 354997 692558 837126
92018 202862 147836 368094
278185 469065 344678 737244
505 93394 506091 749255
303292 224930 89633 90551
303095 371759 969261 982904
521124 23305 457193 971317
497503 397927 560797 640842
364872 489271 993576 996436
459357 325072 278203 566320
22832 499357 278331 833030
509920 290573 559769 799021
366003 118976 993871 1001038
273446 255465 691686 904346
196285 49700 992525 1002275
51819 3144 930422 946177
