1100
1665311 1795135 2167221 3340735
735729 231951 817793 1132525
2578268 2082676 1403903 3810955
2325424 2732203 3117226 3335626
2035719 1046684 976611 4173253
1460169 2066496 3144249 4121279
1057953 1935234 264387 2132360
1439540 297860 605923 900485
715119 1637917 1774477 3032391
2355816 976353 1159165 3837402
583293 2149082 1131469 2248749
2044938 2367999 3425997 3923738
886950 763004 629286 1622473
1039853 618555 924952 3720863
205380 1646394 208575 4052854
2532790 1357978 2635478 3474186
1481740 1881678 3846883 4174992
1512237 766945 3577249 3692473
2050064 1340772 2840387 2860435
2488601 1829795 4014356 4117527
1339282 549493 2758648 2938051
2768505 2641634 1995875 4142750
249106 2480863 670951 1884933
2703139 1768992 2312324 3684575
1140629 1886491 1137057 3308689
1510332 464887 4034867 4038039
2962224 1183576 363269 2395455
2915062 2456858 3393774 3777523
1780746 1048835 968346 2514059
1081976 2287990 2999736 4156460
163118 863820 1124771 4226636
1685899 1759881 2122458 3277054
250777 2863890 1360119 1537862
2076960 2570382 4023364 4179574
2563546 2194182 3952015 4142533
1002893 2408561 3854297 4114088
825365 1174812 892786 1224744
2347292 743227 999905 3484208
1446848 921265 3476624 3746397
2782866 2149278 1486312 2175491
2128847 908395 4091615 4134889
624461 1125815 3968049 4018437
695200 2169207 1492174 3836929
2385958 533957 4041214 4084139
111451 1609414 2948259 3432797
1924651 1330327 2496839 4199171
1055418 2527214 2166157 4042672
2279416 937140 586112 2693420
186291 1993317 3130323 3960741
734191 2736382 924920 4020910
2824226 126284 454670 3885651
55012 1539625 4156876 4170797
1849059 1606475 2227692 3989609
2634725 125491 2089847 3187849
1929433 428907 462583 3489899
378836 696341 3418402 4173267
1739899 1170515 2081458 4025490
2830430 521824 510710 879980
2283565 479000 1293568 4150604
2721961 2711947 1426425 2794356
229916 698378 1748338 2841114
1088642 1355880 3231260 3366270
144090 154743 629966 1090207
948276 1992050 2845403 3963752
2373609 671156 50126 188085
1215615 60125 1675113 2486272
1935948 1618877 216162 382925
624566 1589131 3647888 3674701
504037 1304219 2207357 3627497
2934195 1530402 3367728 3891051
2794657 2195395 805456 4064862
635081 894898 790239 1846235
1611816 2474248 3728982 4040395
2770306 758586 3146644 4045678
128454 1045826 2568947 3419485
190725 2681955 4218706 4227844
1894693 410964 3310139 3650819
1007596 2724425 352604 3944640
962891 1951809 77427 3242133
832873 1206493 433127 2253575
398032 1530050 1384281 2133725
2526610 1807133 4138155 4183449
315191 2861670 4161848 4174660
1300581 2501055 3777772 3822068
1864382 1981768 897503 1846427
2351395 1751201 122724 451521
1017324 1434194 3198991 3792559
772211 1804499 2986936 3724586
1603195 1051386 1546491 2405510
2883405 1257652 1805727 3102189
1638816 2081954 1300839 3681296
2169119 1811860 1446240 3122598
1855554 648682 592916 858548
2306196 830087 230980 1006141
591684 2012794 3922412 4040723
2199661 543293 1401605 2544153
1539260 1794310 1394096 1409114
1774276 1658271 1303147 1309265
254110 2239683 1541200 2762412
2582316 375477 1538276 3935562
2141122 1036106 68667 2192680
319962 595098 479807 1392716
12736 991073 1544643 1881425
2865444 1686470 2760689 3359809
145643 2368021 2413100 3785273
1863722 1657384 512223 3926682
799584 934350 423663 3262481
994382 502788 2572675 3278444
2674508 2818723 3036696 4052330
178187 1944871 2677523 3108486
1907738 2147439 3408469 4100644
1379646 2242155 1481809 1793402
2252300 573700 891187 2463572
909631 1342570 2578649 3968823
2130496 881277 1573423 3173855
1312299 2268221 859867 2497045
2974701 2973030 1650208 2051444
176116 1878759 637549 654119
1868542 323285 966603 2220621
1181960 2517625 827364 1928728
1909838 1686626 4167309 4226396
2827904 2770649 343791 3237138
2501297 590702 3715105 3796695
2825514 1472032 124585 3921461
2134852 187485 3143740 3583241
1462181 1916489 1363530 2378068
339731 1393344 4139600 4227242
1074411 1781974 3045537 3132839
277438 1920039 815471 3969168
1022841 1258876 333224 2190624
1818173 1100721 2711689 3373992
616338 763073 3988473 4094574
2670856 482377 2653530 2887583
2963333 175558 644189 2273599
1487495 2218020 558119 3653346
1417434 1913995 4182818 4226917
2884182 1509944 695983 2245043
1670112 1643521 318047 3003050
1994367 2454990 1055363 3776342
349104 1133162 2419912 3865168
756098 2424754 2682972 2784033
1412371 1390348 406765 2490812
2532033 2932013 1932581 2221955
387596 2539283 2879851 2970328
2645373 2055149 3623536 3778267
2727319 762924 1101066 2906473
2271161 1189181 2834611 3636935
585654 1858240 3803971 3976912
1172024 1109615 718533 2679492
1227988 2774288 3720464 4041382
2151914 746427 2982966 3775785
513126 422616 2313462 3611185
2051048 332839 812868 3223002
477612 402173 1900184 2434379
1781247 771665 430658 494342
2300383 965407 2754450 3420616
2424244 27088 2462195 2657877
562270 712747 120029 2501479
1092685 1619315 3142624 4032902
2624882 2019609 4177591 4186145
105644 1664867 417351 3553666
2355254 2301358 3945135 3974809
1257675 1246622 1779065 2404123
2717266 669870 2599739 4042684
1418633 1471617 716744 924929
1007923 1573448 381008 3444937
492106 977410 1158024 3279408
1824515 2948223 3622615 4055670
2739842 1733762 681477 3531042
1066776 2894104 2695897 3663029
2052230 82008 2424941 3139024
2181130 1687753 1241584 2387665
159043 1292379 1129421 2849993
2294426 112802 3836485 3902937
428822 1597505 4116894 4196286
705374 1053951 2909142 3344224
1522892 725131 3370362 3702668
740409 1739878 225363 1019683
1943879 1115201 2249701 3009139
965827 1600598 1143005 2760787
728998 1542202 581441 1193096
1575920 1082897 2107822 3886009
812739 1143389 1090997 3948043
201730 1272603 1685998 3057597
563232 1570342 4198353 4226307
1991640 1572005 942595 3176662
2175869 305421 3002360 3211737
892441 1736800 345371 396344
2899619 2930117 3328792 4184039
1904096 672364 2532258 4078099
145067 1820685 1337604 3360619
1914079 1191081 164545 2394577
2248688 1671864 4183437 4187702
143292 2920271 210926 2027324
2435860 1492781 875909 2743012
2467922 2400543 3075819 4183523
421524 832537 2782282 3231965
1176233 431093 3486308 3860181
2436666 2890843 454997 1992778
1654200 1868121 445610 2921765
1809468 389017 1522937 3006741
1795863 503204 3496733 3715357
1787813 2715349 154895 4053846
2692104 1931582 557463 2426247
1614581 774741 1000046 3544120
1937885 2162396 414726 2008670
2757878 1017963 1188747 2261644
607567 843861 943954 2262313
1481334 1045271 763148 1290335
1588632 1172307 4112637 4212227
367697 2632736 3308724 3978928
68657 2828427 237169 2786624
1268431 883267 2411474 3096085
1185589 308303 1884959 3289050
1541345 2323723 3479944 3931711
1381608 1368519 1320329 4043978
460418 2735824 3169575 4077370
1710005 424876 3692837 3935101
753394 2617442 3856756 4132679
1717729 1772083 3526738 3870040
925501 1587972 4100615 4175578
2604386 13563 1026665 2650355
2450019 1350594 1525115 3023931
876089 587971 4089291 4109854
321629 2629083 1677611 3647032
2055801 2534851 1625916 1684808
1402633 1292042 1734393 2447486
2276683 2487677 1745273 4173341
2257313 2128799 203301 3849534
396839 1511078 346165 3658796
1962127 1276638 1528070 3266228
2237348 222126 510964 2006097
1197289 2127723 3868112 4091872
568516 1209399 2081236 2600010
2131494 391792 4045970 4176392
945291 443841 708088 2259438
1940527 411294 2200605 3649241
2893250 576313 1965932 4005498
204194 2723627 3245262 3313334
2475207 171209 1173209 1779053
869558 2282843 2206262 3261030
630575 1455118 1596573 2058815
1324257 2551850 3607514 4000400
394126 2296035 2130790 2641198
175098 477495 352082 3234549
2197419 2585259 2536156 4182500
2339588 362152 303313 1149733
85495 1589745 2082424 2715209
2469888 1036207 2613293 2894104
359275 1683632 203889 4154845
1627831 2466662 2304482 2487406
2605849 818177 1588179 1606111
526656 1699874 3760446 4026082
177670 2066407 612160 2353671
570697 1634760 3786027 3959694
2191031 944350 3791453 3900918
1372364 2808846 478664 1157589
1863916 2211655 603384 2345682
2275031 1668776 1956667 2616224
2308689 1551830 3619248 3943289
1116862 2028631 2259731 3714001
2368995 193139 1894599 2865321
1897890 1869143 4039707 4052806
2592306 2754147 1743143 2866981
1010051 110631 1972988 3977811
1174506 2793063 3164091 3891765
951781 1814821 3474554 4050345
2175519 1439382 1407312 1936430
2341210 1087488 2310146 3443123
1443137 983384 2757526 4091420
1359910 2535932 3018576 3892472
180089 605432 2723737 3076201
992980 152794 2694622 3261038
163815 3128 3789688 4002814
2113462 2426329 331803 342497
1914591 914097 3937212 4045721
2149436 646063 2285646 4098491
2577459 503505 3415263 3792028
273799 2068162 908436 1429247
328065 1763083 923028 3024380
1146721 2379830 4057399 4204069
549768 884457 3765813 3864288
553441 2364444 3607464 4081310
646850 57105 425001 2041661
1760349 15356 2647324 3756444
2128165 695657 4103329 4147925
1447055 1707256 2756284 3249680
31091 1194800 492868 668580
1009319 696985 1523868 2545298
1261893 2674843 845446 2239851
1836890 1679652 2510882 2575629
476510 2750812 409434 1205493
428432 443390 557181 1265730
1090692 1258216 856143 2214696
854338 1588013 1407485 2895268
985270 1812481 1786739 2040512
2319236 1261751 255455 2034014
1633683 691104 880117 1572243
478534 1713260 1745962 1778664
1936993 1179047 2650429 3222741
803247 2436615 296000 1578286
1645748 2953759 1789091 2385450
407994 1624236 2517075 2683321
2804862 1258974 2711444 2925429
359751 2323218 436411 2029740
2325638 1713908 2687256 3294291
593540 2810615 2489630 3045169
2504829 2473692 267749 1114249
2751809 1108723 3059483 3307416
1484630 232163 289104 3818797
2169919 2152017 1214921 2715178
2913486 992424 3577245 4170128
306605 2809560 92155 4085301
854909 440542 2964971 3201259
2718912 2642178 1498398 3343791
1756409 2408534 884092 1475229
458673 1675190 1602386 2743707
2466655 1104049 991145 1514478
233341 2453474 2563185 2996967
779947 2833249 195002 1056962
870137 1722536 422479 1113049
2513035 1735855 4162063 4187360
2169080 1862209 3254439 3728334
1194860 595261 463032 2048526
1253285 2396864 3474528 4199767
1351257 2118610 1088705 3343663
871808 2052295 3304417 3361837
2472778 595080 1832521 3320131
746041 2603351 4113787 4221738
764337 494085 1184414 2630246
1171118 2818846 3409102 3489500
420960 6225 2531648 3788461
2712941 1942573 3705356 3886506
2168040 344106 737416 1202583
1354804 2485589 1092933 2636888
489114 1015671 1809716 2466398
1425183 153263 3014981 3632907
672475 332476 1071005 4091209
1598049 467293 194099 2848631
297050 572626 3756741 3916185
856782 1593308 1807682 4000640
2395564 1372950 572070 607926
2809340 2980936 2654757 2910527
373843 1508185 3618689 3897764
1633278 450212 3861816 3961041
1862248 1048808 3136395 3714686
2356633 1680125 637209 3438884
707661 693915 4167099 4216496
2014418 650894 838041 3618401
850944 1966738 2630170 3087117
2801771 592883 2535160 4081114
1555696 1548372 4011707 4215804
1602872 1491239 2718636 3540519
1243584 1931628 1920955 2195580
1323943 39358 446495 1236321
582638 1424966 3712540 4180791
576562 2146998 961154 3421069
215224 2900400 612396 2194895
2847560 299776 320098 3550728
86576 1175103 2301976 3810043
466257 1827274 1123766 1182452
2106212 1010624 2545199 3365836
1474255 1166282 3233435 4080589
950338 686475 4031495 4166566
901514 1975624 1377830 3690132
2396101 172712 417427 2385447
25374 1087495 3601318 3837853
2200242 791316 2357652 3682793
2059143 2621902 230804 2757904
805059 302293 689237 2708336
25127 1142022 2205100 3468254
984002 2763877 523726 2959232
74884 1284129 323603 3739807
1400534 1676663 3393311 3968905
1476016 1509589 912653 4090185
2422792 2664807 1311166 1535019
922196 2662158 4204433 4230137
2757032 843555 3233900 4143833
1808486 2173580 1081704 3769968
2954222 2605008 1846412 2716401
409583 1841578 2950145 4066012
2985216 1754875 549360 1639468
1323126 230655 2864194 2968633
462622 1115503 223523 1784023
841086 2513747 2053805 2521418
829721 227230 1204695 1555879
1336884 2877965 2200933 2242531
884740 206100 3753029 3918525
2721232 531818 2582606 3013279
1634464 911352 1034361 1869421
2140889 2009342 2823751 2962474
2961144 700476 2186169 2898643
43227 1349146 2354923 3783537
880027 2976877 305403 2032445
684513 1901278 3574010 3953753
394459 1279218 419184 3900881
2062554 2423925 2516886 4159459
1660853 1299331 2482711 3110371
2267000 1784052 2609522 2749023
739968 1524376 3038081 3774677
957101 1676793 3116618 3557547
1979372 2422236 788902 911123
87515 2220897 3373272 3851724
1411284 2320354 2566381 3840937
1183364 195264 341048 3196937
1743044 1156419 2110298 3259274
770752 2087558 1561856 3402765
998551 2838440 2631742 2987513
822357 540407 3608270 4092505
2660297 2490698 2624722 3939368
1044910 2499142 3224628 3993126
575006 1672956 3671332 4162350
840640 1136700 3496158 3960980
421068 976490 829167 1208416
1198046 1829062 2617736 3030412
303879 573004 1418724 3182011
974576 215909 2807197 3428750
781758 1798369 3476771 3953299
903626 8204 1938463 4136598
1278814 2896663 737388 3669780
2121844 408862 4110286 4205176
1094255 2361169 3803197 4200584
2732776 382600 422147 3811385
1506185 2166232 2456325 4109233
1127264 2549240 1105890 2976957
618889 2075113 480296 3220681
1261699 2758418 2113834 4181756
744152 2168293 3977689 4224620
2108302 1406422 1275602 2386321
1916478 1451242 4118558 4204742
444535 2524683 1398815 1595584
1388813 2972904 2516994 3372425
1373303 2382155 550069 2443057
2487421 1218473 1553848 3859674
935690 998773 710159 4135452
2875210 2201922 547639 3945518
2281633 597704 346131 497844
1651558 1594694 1567514 3680524
554224 1324550 2137515 2862971
2047327 1601154 1749215 2302032
778620 275612 3272430 3924209
2367230 929740 3128197 3557364
1091227 861850 4099326 4123342
2668467 304643 3343484 4199779
1877880 1346976 415907 1009961
1260479 496631 331436 1327678
279969 1847061 3438742 3921494
1836023 167284 2963999 3454382
1631599 2261374 680407 1002573
1114590 2788232 1834604 4111419
1495423 461024 3529915 3662487
2202665 2889548 3764949 4071908
399734 457118 3572738 3728291
1728910 976687 1838610 3729558
2007024 1134139 1791881 2317790
499066 1968972 1242437 2926206
150407 1248863 480737 2222091
1995482 2519432 4042181 4196511
1216964 2394090 3851328 3977742
2139706 191692 615797 4088106
309076 703817 1502675 2649258
2332554 1217346 2890180 3365807
429005 2897749 240871 2039065
2277218 967322 3395199 3458663
1596175 2153640 184271 3265396
1079556 2315085 716313 4131503
76736 595699 3170622 3566216
1325249 2577548 1325110 1430141
1688037 1455965 2601015 3254017
735073 384088 2415599 3269363
562856 2810925 2448106 3938819
306535 1215235 276183 2948696
2494661 2967191 2137278 4018155
1121940 1747923 2022366 4053675
1333372 2017800 3430057 3496768
1221038 1594117 1691191 3974927
1454406 1135844 3256153 4119086
2853291 2182190 1755760 2572468
2659534 948612 2330833 3412077
488327 499020 2392863 2620645
2937105 1800869 1237631 2833904
1011915 2587734 2812461 3152177
217597 94024 2276568 3256879
28307 315396 1641318 3153158
2337830 2784905 548256 2290072
2409301 904986 4026948 4162233
100470 994995 2764206 4002712
1308049 565641 36882 1596102
2574765 1399374 2174622 4028405
2187925 2810454 773366 1898216
2573803 176868 1887581 2581967
2604482 1972939 2318112 2413732
1170354 65530 510914 3948488
2836515 1478249 176310 610328
1140322 2708888 1398995 2396085
197888 131649 728541 2815138
2358409 2654159 2712654 2759921
1690785 1182857 3342123 3526372
804633 990042 707977 2864384
1136951 2256865 3100821 3723271
222671 2592987 49336 514412
2920667 1179998 2418294 3806518
551043 154000 2001342 2267667
2072307 2911998 2514120 3188430
1857692 1123804 3869854 4090836
764009 792375 299512 3434711
2808715 42091 2140104 2632517
1800697 2392919 3367639 3617804
680256 1765352 1859309 2831056
2684855 835215 3833513 4013611
2164401 784464 2695435 3785577
1890608 2670730 2883033 3744231
1969799 1175227 1893193 3146793
1573193 144056 2945458 3980964
502812 600687 119452 3692585
2768853 2880819 1567556 3881057
236225 1391782 2874247 3211695
1663597 1272186 899574 3425257
2316589 538089 1434727 1883688
1422229 1514285 3288285 3533091
1192489 2695708 2195072 4184905
1057695 1600528 628408 1068543
1266377 2552788 1217781 1637319
2323477 2580538 3274190 3773998
1401572 2927121 1573601 3721143
512418 1502958 1079881 3387037
327576 250274 3329567 4033296
2549505 164957 2027746 4118598
2435916 2718949 3151635 3685521
2193560 1812591 139999 3273526
2186870 1311849 410743 2337361
1477374 1280370 3610765 3940513
1821616 1507546 1256461 1792674
1920699 1058114 4216854 4225415
2183467 1672999 885713 2822835
365940 1211841 321301 1698448
1744698 1380283 1309253 3905339
408785 2389384 3780672 3987046
2463005 597973 385219 1605013
1148617 1805607 623310 2524499
2457651 2208020 1536506 3871316
1669222 1231183 2937136 3969695
1414643 2495898 1598854 3607130
243670 672591 2993636 3315705
470204 240675 2184622 4135620
2361924 342800 2609604 3151303
2251925 1301016 3624549 4063398
2206907 1297407 4010475 4082919
1398100 1784558 2502847 2967597
541059 2158820 868046 1515179
1439271 1806059 2346366 2494763
2905582 1252112 2234408 2415451
2406748 2495076 2302787 3194901
1946635 1098174 3362921 3624577
1616539 2968426 2529693 3650814
206772 1866238 3948160 4184374
2405802 1065441 3928148 4045685
1198413 42730 1501748 3843867
1210156 2919195 3098252 3405951
2021599 1289703 2311 2822356
2539893 227684 3924240 4169053
2908904 1447187 1287727 2857109
2435942 808175 3909543 4113877
1115836 2097625 3730632 3816037
2325494 1764913 1351314 3336544
743595 2100762 3130282 3578663
2730042 1134113 252172 2168147
664954 2012540 3981241 4001982
2283723 1021222 1935914 2149554
2424746 1372312 422783 3123896
1783880 791967 3760160 3976015
1938890 2303995 2698616 3162212
2953394 2338842 2401656 3821523
2826965 1647500 3410867 3685232
2337544 2735027 2015943 3163337
121698 1490625 681548 3255665
188245 1526139 3163948 4040853
1660791 299727 697645 3371956
42260 1597985 3773589 4078227
854849 942960 2017388 3043432
1570133 1607051 3692872 3917319
431662 1156657 2729140 4039767
313373 2720835 3748557 3826456
435018 1260621 1913768 3291822
545507 1001978 2908666 3131457
2810581 974161 145168 2417956
2661900 139324 1282611 1719742
1134476 345320 3292917 3312173
1894936 1187304 2473909 3917282
109477 2398683 3720873 4108450
473102 2004219 2502410 3631063
590869 247222 1567289 2845770
153495 425374 2797520 3153910
1043538 767614 2216464 2370088
281540 2952264 3841878 3929684
2876536 1616847 3926359 3986269
79440 419880 2945976 3819910
819852 2246027 3360085 3463638
218940 2081513 1347189 2950284
623406 2117280 1788399 4080843
419098 928466 1663472 3331505
2131829 277603 1564536 1732406
153653 58536 1440182 1639791
1430328 2716745 1990598 4111003
2508629 2433582 1295305 2093436
1465636 1898994 385680 3610628
1063967 2742430 1803851 1866018
2464999 2570229 2902 3149326
465024 559064 1625848 3256364
133772 692103 35751 1394172
325131 2083733 814877 4058381
1008910 1887500 660174 1730213
1856940 2468984 1115785 3071248
899084 2445367 1172490 2262529
1165059 2081075 685743 884979
1160626 1420983 2219761 3226357
1146536 1982629 2319893 3466898
985707 1967063 2765736 3190519
513522 2134023 146745 1991272
1274244 2068275 1187745 3421115
725647 2879392 3209551 3805299
1739899 14686 1729592 2142071
2910770 1804638 1033265 2465479
1324528 2209390 724053 3706797
907873 1996729 1629302 2157634
2406286 1259914 2712108 3415155
2333484 1740226 3978220 4006695
1925378 427922 785573 1670796
199272 1794888 1673278 3570231
727888 1856413 1652294 2840680
211517 182667 2595732 3914654
2663637 469511 1657752 2078645
2653275 2508260 1861022 2007615
2521043 1551510 1780080 3464379
1910298 964112 4180125 4204518
1898631 939387 1769458 3140396
2968807 152523 165665 4034488
669923 1803567 4102911 4136862
2722692 650568 1822528 2164514
1482704 1676614 583013 4068923
1555244 1473114 3612093 4152197
659746 143671 1436380 3701109
2415798 2038932 2780259 4032371
2444137 2463555 4100982 4206077
344826 1080824 1240243 4148622
1786656 2416193 2770393 2980472
1603472 434745 1184994 1231977
2563204 207884 3589528 3685037
2420200 737146 847124 3463119
630390 769740 3658786 3796540
1918318 2466149 3030419 3076306
1843633 2911324 1874406 3802824
795064 537226 1897250 3064423
602827 1343824 2978417 4017542
802116 1330902 889600 3405365
1498375 1556141 952509 2262920
2757544 2108134 3635192 3864731
2443565 204441 2359223 3569864
1499198 1874479 2120504 2219623
168312 2256326 1216941 2496587
1739912 2615300 613507 2675549
1797925 989429 2535798 2895787
995503 449759 1990453 3108553
1823421 548912 1559004 1567849
2542348 2189079 2494897 3858761
2012872 2759734 865143 4162078
423240 638059 1785751 2381738
2819141 961485 779012 1420333
2695862 50679 1856314 3655223
541513 1006937 2342584 2925967
2585387 196050 2635862 3036738
1573309 1926175 3367612 3694332
1799778 155683 2924333 3516042
1618553 1288696 2130268 3233118
1300633 931573 3478973 3674041
1397241 969413 3136777 3626720
1166114 2481772 799080 3797315
2257386 2614022 2620130 4082438
1325334 603300 1479974 3032677
79458 701273 2061579 2213474
1910022 407474 3428148 3968791
2102440 1398426 1204621 1929022
1487481 571553 3233826 3336409
2433456 2950183 1143153 4120657
1594393 1146284 2045834 4071796
781271 2436631 13608 3862079
1527186 1814180 1610814 1691024
682122 2176602 589465 3911204
647149 1676468 3266036 3580238
870290 2158615 3703007 4047047
1445537 2225533 248580 2855343
2734956 589131 3796820 3866526
35622 554194 1810483 1825471
348019 2794902 2099926 3508124
203676 1649339 2692322 3279413
1103019 2234327 2423011 3041185
117706 307237 162309 2822311
2571373 2413154 2614122 3601001
39941 1138172 2628335 3721883
2759018 1137861 1797732 2022291
2679113 580589 1686787 2873365
810942 1764891 982162 1234841
2540637 1127687 3031147 3408269
1466303 1671832 2489664 3571190
2571065 311428 2245775 2435486
1577104 1450717 1476087 1501437
1159849 2579216 672378 2719147
610489 1246835 3192121 3311610
2062129 234369 979835 2530374
1534509 242623 3086460 3804385
2509543 2200827 700739 3960509
554058 110956 3094178 4173184
1772494 306342 3601743 3670733
1760322 338723 2564939 3296567
1379164 2454855 3547554 4208926
1854844 51051 184022 4101146
2775412 1815857 2881645 3963442
1862033 2829941 2624373 3079205
111348 1494511 1544335 3476566
115689 811881 717093 1117290
1842600 381441 346487 3371447
2384498 2610809 3756866 3902990
2181583 777192 314992 3133349
2746822 632902 4112270 4140880
2128826 982405 1760323 2794319
2936791 1624619 1447965 1474576
84705 1275390 3098533 4080109
1154317 1436566 3827276 4164307
1093745 1724111 2133239 2538851
1178793 867888 419278 1002471
2238937 2131438 3431746 3885348
1621440 2895442 1759625 2700632
2773867 349878 2389370 3109596
2917561 2443372 4169322 4181512
2381665 2954879 3016927 3847825
843794 1136747 1965507 3115640
2891969 59600 837880 2237848
1762645 976412 635720 3709695
394680 73988 2668545 3890474
732271 228444 3115397 3730021
266521 1383746 1727210 1945333
2950171 2671593 1150897 1807989
2517873 2554192 2014312 3486491
1749065 1642247 3580687 3950744
101340 881405 3771759 3788012
2953688 119022 633232 3093974
1941858 1600505 1322843 3812491
2356281 993921 2210130 2222163
2137622 33647 920511 1444890
1006138 1596655 2230114 2476020
2371453 459456 1089583 1137944
2537409 385141 2318355 3782760
1778182 1061626 3301389 4019179
2449516 2150466 2822961 3048017
496631 2244719 2829343 3254468
415899 1863111 2784495 3417252
1972821 405140 2634930 2796654
1160437 1546595 1655628 2736128
1932553 287333 2472253 3155214
335542 860893 3360025 3723925
1323857 1087111 1814678 3638873
2229889 2765998 2767716 3654399
364028 499221 799507 2958234
1204443 2278542 669104 2044107
283577 385147 1256451 1266637
2402292 709945 2532698 3910550
1445914 120535 2675587 2705568
1123104 432613 3654018 4132307
157421 1317035 2681334 3645213
820799 188327 354302 1437601
2854844 1453696 385649 1543729
2516505 2285094 2787394 3476216
2237452 1723907 625150 2893011
2805230 407038 156506 837891
708122 2606421 2039541 3820024
2499979 1886886 1508877 2404454
87415 1181483 2330060 3327844
2096758 417154 1428833 1804228
1442961 215524 2640225 3542985
2756424 1035960 780096 4141603
1780089 2770325 309500 2843699
2259362 847791 3046207 3201315
1918389 309382 2239187 2865212
1228683 2070978 1939884 3161762
834373 2656938 4218950 4221526
2237146 1929724 2653361 3787954
385151 781646 3557571 3907943
1541871 360097 1533535 2565272
783981 792341 1940055 2226961
2889360 2872620 381890 609778
1885845 1915512 3872970 3976752
1304164 2528657 3921340 4188807
636333 1248628 1141565 2688802
1691254 1192997 2824192 2851282
745880 2119995 779008 1688199
794532 2525780 2442567 2590262
2165028 229507 2987980 3958961
1727249 2100314 1939231 2114397
1717021 1403661 630144 2933317
1026950 2539805 1588128 1863009
816653 2575800 3520979 3956109
2063395 1858300 1307279 3892769
1849710 1715868 2060520 2107725
821438 2390351 97106 3699788
150389 1921704 3504118 4217796
2923212 1992117 4025982 4183384
1187382 2656462 1310618 3778585
668195 2244402 2498661 3351701
1839696 1413261 3218558 4150421
355039 1573060 4098898 4126071
830882 1906280 1289453 4170568
2318071 409008 2967314 4114093
649251 1696571 1177466 2909328
1627501 1623229 1851055 3184773
617925 821747 1602056 2225616
2192991 763938 228041 322941
699146 2981254 3691980 4220261
1249105 181108 1465562 2315050
127053 77632 3545510 3912687
1031467 1745530 1616143 3950620
770071 866026 3810547 3926440
1866809 1647943 772255 2909616
2441155 778530 700313 1659200
1206676 1761905 1147695 3323319
913906 2217608 1905053 3405611
1263068 427369 96745 469379
1368810 2445602 2408562 2654415
2740198 975949 3756753 3902478
749216 2601629 3521987 4144672
225561 1877142 3442663 3833785
473716 2231157 4139853 4172001
1778946 1523232 3169186 3851622
2427589 1474138 4221810 4226903
2374310 1920030 3546891 4105916
2978172 1020991 2541604 3620601
209515 2407447 2614054 3948913
2573186 1465319 3722008 4084080
685200 40436 3639138 3970229
1177921 1083689 736466 2705416
2492443 1971814 3655967 3947997
1720198 1477065 1501037 2223422
2935588 2277227 2024511 2187908
1495829 53172 526180 2868252
2557250 1925495 2437169 3954449
2055863 2261958 964567 1841807
2774312 1387826 1724156 2552665
1484624 2915746 1609741 2796907
653187 1598789 1634961 3105198
1522334 1575341 246824 3282681
1756970 1118784 2345048 3651031
1781901 536243 158248 236180
1864974 2349963 2502777 3185384
2534011 2315660 4148070 4163393
2742840 1679618 1138108 3397922
1395931 174856 1717625 2589604
1375370 761810 747180 3802035
2118508 2435751 1326504 2386493
2461153 2205895 1072845 1106791
2554323 1176606 986635 1623994
576543 2731482 1305989 2284519
2032785 1181182 161351 3040069
647962 932715 1923662 2672238
1730311 2149282 32532 4103251
1886785 1297918 364507 641641
289925 2565336 3761546 4158083
557487 1444318 1910612 3699976
333775 1153599 2596310 3932832
838425 858575 3260857 3925559
2921736 1388974 184684 694343
2425396 650263 867728 1669769
1473709 368612 2033462 4055348
2560667 2602005 2492702 4064920
1711090 2056544 3121298 3981226
1535790 2159210 299962 3299180
964892 2759666 1758614 2774063
1951077 1921492 2671584 4146527
2263566 2022978 217597 3511866
2959151 2565358 727986 3460270
1051691 969083 3335979 4041928
168606 1431604 3454684 4112822
2678642 1843151 107239 362160
283466 2375183 2718576 3823433
679890 1055132 1986215 3084443
2648337 766817 1819953 2776977
1081674 2623108 3179515 3988723
77541 2193851 2475250 4210787
2814414 2335023 1271202 4083120
2881684 1423701 1495997 2633810
836138 375998 2794109 4187237
143601 2197251 310676 3500771
1829308 2372788 1095143 3277782
2111929 904432 3905132 3927782
450240 1015318 1535361 2431125
1520082 2466680 2928526 3242411
895387 346724 2677891 2699789
1054648 573181 2738772 4040488
451531 2028608 91251 1376961
972359 2305554 3910993 4177004
2524724 1327453 1500576 3837796
1313281 251313 3777431 4073005
2200387 1668456 93316 2495408
2466720 243424 3580540 3986463
1244537 2499815 3531821 4007602
1811702 224148 425050 439937
1760293 1253230 3379048 3886877
2640081 2200921 2274492 3865184
1253094 2757235 3493534 4113636
1358610 1409956 1088026 4062893
1850919 1252158 832265 2737476
2655201 2032334 944449 3386801
765487 1810594 2608936 3456722
320660 950562 2052341 3482973
1917771 1765584 1837398 3850319
2507537 897432 536759 1164547
2637752 2592991 3908389 4197267
2517732 15034 3137535 4086421
2526183 1088800 2245927 3612005
1778750 1850688 1841084 3956703
1871874 1653983 1393517 2280338
822346 1810237 1173481 2934475
980368 606645 1254918 2725150
80879 1454461 3643053 3904348
112305 273651 799095 895364
802312 1483452 1155974 3777921
142384 600813 4136279 4157620
2209442 2705691 399837 3089790
2389628 1955767 1850698 2763280
2357646 1639289 1097788 3060929
2499753 448579 3412194 3910552
1255741 2746504 836847 1878832
68940 136087 3665045 3687786
2551253 1656756 1800363 4041936
904501 489920 3390748 3791575
2917121 270624 3489210 4024403
1741422 1873247 1507019 2515651
2579410 808611 1207727 1694009
2528922 2576102 1213103 3648531
2936234 2815479 3826608 4184363
2700359 869746 1295009 1597906
2797529 1300381 289711 1386871
2700143 2224756 1569652 3224356
1880390 1425336 506137 1452543
2137750 572737 338972 1365311
1610122 2081062 4178904 4186943
2515695 10865 2138033 3668765
2320471 1118073 2306894 3881079
845179 936103 1248149 2533431
2312010 1163225 916747 3768909
955435 660402 3862005 4215616
2710325 327923 1766196 2755419
2547903 1927466 3590117 4129700
2229552 554989 1478015 3992056
446294 1486152 1510038 2026297
2086545 1274185 3110398 3625256
1454162 346888 2563343 3149874
2735044 743909 2916447 3677931
2604478 1717485 1882445 3749224
2424396 2245491 2690326 3957712
2623746 2377816 1452050 1569177
2614955 2091828 2818717 3136006
123064 988543 121961 2167302
2557290 1042275 1782862 3607757
186801 2851363 802860 1845481
1813360 162893 2961664 3753049
1405267 1598268 2338576 3976545
223474 2589264 2538514 3143658
1128907 2218274 324387 1927776
2158103 69965 508620 3395558
1776797 2471609 1137042 2235877
1532758 453697 324591 3740102
1569377 1664393 2757068 4055671
1743948 2378497 2687527 3858560
2885781 1122035 1415490 1421497
1411522 1737563 4139029 4197258
1741520 1407070 3691927 3876707
1968221 2350421 2802742 3630664
2666692 108913 1961855 2233880
2082345 2725227 3668541 3684499
630345 2848136 672756 4141230
1770343 2729601 2413716 3342016
2139668 2767077 166930 758003
1878648 148526 3248919 3924257
1664163 2317678 2230648 4166840
629829 1570383 1246234 3700159
1054091 2933264 2228492 2348348
1758894 1912329 2202713 2685224
2925514 2744646 2902246 3369937
577451 806459 242059 494795
1373826 191034 3470416 3797296
1472515 2865231 259900 2896925
183952 2748474 782359 1018635
626567 798025 3023234 3119586
2467298 1198796 3590801 3815583
2574382 31221 3091348 3931900
176982 488801 2911359 3153997
1006084 2818943 2017659 3095906
2969551 2173785 4063431 4069285
1871247 2770742 3885044 4151011
187431 743918 55040 2949860
1522424 2054440 3370814 3376732
1477532 1644158 2763600 2951674
2329640 2534251 1589833 2906153
710471 2876193 3812617 4055418
2526985 2641623 3204814 3690328
37973 2435546 928677 1680917
526305 975973 3557918 4046306
1078144 2876168 1093447 2334136
920015 1348375 2840877 3711084
2156811 1980468 168521 1613846
39101 337358 1481584 3544928
200938 197280 2068482 3169568
2541192 1116469 3155389 4209620
2546285 2625859 3057457 3064111
507883 232097 2902309 2969546
2335336 443179 552126 2791847
393656 2248688 3625934 3899541
622725 775621 3236168 3795635
2276020 1139569 497682 657762
1428482 1211313 905369 1929035
1401350 2585198 4226548 4228915
115559 1870855 2523541 3030785
179768 110671 4220213 4229826
1160894 175173 4195886 4216992
600536 1254426 3405143 3486900
1990655 2736830 1018737 2918244
1372767 1416642 2308629 4190105
2257090 507773 2458471 2950227
503447 187468 3198095 3353089
201396 1509206 1328618 2393515
2038953 1247831 3152722 4182604
2173727 641505 2827354 3161379
725278 2783262 2486527 2569659
934466 2045069 1466467 2369608
2644413 1333502 316053 2858728
2559072 347160 2576858 2963966
801370 6726 2838108 3894070
563473 2372929 3737071 4050697
2688177 279901 2084745 3194920
2833291 389047 1043019 2935360
295045 2704650 973291 3547257
2340052 1938749 640937 2575062
2239887 2421537 377890 2880371
359639 2498052 3767275 4085656
658767 807975 2088756 3751036
2414617 2387241 2511161 2956376
886275 1030216 1115233 4066692
1105837 2355968 2565218 2647046
2293758 766880 903605 1676347
2814723 1966987 4107266 4166967
371188 1195453 1591947 2073710
2231473 1650583 1463217 3991919
1747574 1094372 3488436 3532785
917696 1648837 3821640 3871743
2291708 738031 3810327 3957850
2045122 297833 603285 2315132
22825 1467781 1297773 3450617
1482843 2072886 3383092 4104663
930031 823491 3004676 3781851
1674123 2888402 4184979 4228641
40658 100329 1928509 3383148
646039 1138885 1504268 2550672
2067007 2230148 2502904 2946283
2918495 2533979 1158245 2341199
2936692 1493327 3750094 4205160
357476 1397813 1724000 2239501
1189714 1671004 2800147 3143760
879314 1377371 1875155 4183580
2781640 2167708 3616988 3986551
1839487 143732 1985052 3430032
1607207 2494216 879211 1286920
371115 1041037 1413823 1588878
973858 964939 2779922 3493003
35049 1236084 1620673 2857221
2861457 2365311 1235916 1603255
2010909 2909711 2735608 3713005
1311377 873366 2328124 3347310
1639292 1473936 3281507 4110818
208688 251082 4122995 4175801
838770 1203069 3926 3791041
2107502 1286838 2241949 2533317
2341335 1060670 2506213 3199974
961058 2404492 3503363 3875595
2362939 2318425 391064 998389
1278696 1327279 2468601 2788376
588707 1595329 1988197 3494140
1332384 732643 3772475 3778435
2020860 2425405 1522786 1785179
1858759 2691458 3323822 3910548
997332 151976 3921448 4007614
1206903 1010661 3402788 3943982
2116161 2866843 1482238 3476626
2939703 2627308 1085725 3082704
776071 1372132 2727109 2819433
1759583 1941470 2265295 2574748
2513548 1278263 4083687 4145046
525841 1454126 854272 1189395
80731 1432704 2723328 3750090
2704755 2140001 369211 912172
1044495 1249898 2613732 3650209
1297712 1556433 1529517 2243448
