2700
760221 7050426 2405799 3766477
2254529 2572310 318529 1318513
1136310 6448779 4019919 4337475
270067 223418 3903229 4881100
4394310 3519495 985506 4945189
727587 3877330 3213011 4149627
7135567 7125004 177951 4503715
6746075 6282512 4392713 4993672
647387 4833897 2831069 2973252
119737 493767 3980498 4063889
7229100 3467260 3265720 4742205
6505079 2929300 53840 2845993
1720264 6140378 2636412 4791506
3381124 391930 373577 2165272
3179926 6227730 3040001 3729142
6135646 7306261 2491968 4724583
4487867 5140720 2803746 4963176
708540 2707412 3025343 3740399
729301 3323561 565682 4925612
5415504 3825530 3185136 4091614
667722 3081247 4805400 4840065
4356032 110867 2668618 3566416
478239 352710 2533415 4440097
2790101 2447479 3583548 3998822
4209798 4006876 1651666 4108845
1142710 3191183 4016441 4308310
5811018 5850625 4382729 4496842
5375809 1933260 101655 1298781
4153551 4334660 729065 4518077
5090352 2718954 4815346 4869224
2366054 4340873 2749132 4870256
6776158 1528803 2690193 3820344
7009120 89813 228380 2624765
2922313 833443 566633 3005554
2193868 3159531 3014203 3586386
5786428 5303731 3427493 4828740
6039300 2095160 472920 1830006
79169 327020 4834630 4940266
5553895 7338211 1377208 2579209
3311423 906894 1593952 2658228
2131294 6269253 2047106 3024672
5797477 272602 935906 4528074
4831281 2100291 2338609 3885934
7358887 3974576 244317 368487
4264886 3090925 1877557 2404579
3132057 4318247 1587527 4518933
7134119 5367020 1597566 3987426
1109876 13980 912049 1927957
5464881 3134724 2590335 4014330
7340053 3187689 924638 4519404
6906309 4245835 2977174 3976506
4125317 3180422 2819792 3672532
2434043 228772 4849405 4854761
6070689 5364912 3645579 3649558
2023656 663782 111781 4038314
5267604 7210353 2377882 3643917
3806349 3616564 1456771 2900879
5158154 1894667 2538283 3094325
3162027 6382009 2033479 3294738
2394698 7281901 3854936 4439474
6120015 4958083 2236370 4900199
4237671 4576941 272358 1178706
6390964 6106480 651385 1326927
2990273 4384203 1435150 2397943
6124602 1920304 350571 1892012
5046680 6891189 1722703 3533065
7434957 5958534 4722967 4871277
2257135 7165962 2961756 3246494
5157220 4970901 760649 4893291
1582519 7097909 4318782 4464535
5472426 4744590 62168 3700141
1377003 1113391 92747 1385656
5092332 7452833 4339761 4761949
6801142 1924196 1848650 4200915
2665388 4884565 150944 212081
5601671 1469189 845121 3632916
3095897 2041907 2324372 3197517
2585627 6540468 1824449 2669557
2255306 367653 2245321 2627560
109200 4017266 4945320 4968789
1041768 178523 748782 2892555
3814177 7282781 1213821 2586698
3451698 526924 983958 1207275
5595077 2245597 4877040 4979961
3123763 2876204 356186 3090926
6994931 3382886 2879283 4938131
4672066 178865 3631218 4971027
1309382 2438315 741039 4896162
3729173 2231944 1294258 4173713
4756713 1070072 464127 4122729
5977529 2408472 4524444 4921911
1543619 2671695 1680989 3428104
1184580 4656614 4670566 4695586
723567 5901209 3732391 3781624
6994922 3068468 3220147 3823918
6020069 6398810 3213806 4955072
5806999 3059547 1722079 2520937
1734437 5200511 4887082 4988064
6459489 5108409 3678430 4682529
7384157 1178224 4876455 4981160
284706 984309 625158 2798387
2689788 6564531 3364019 3780274
4643425 5883846 3441232 3821840
6804802 51804 1553997 2520524
4875 3132057 398611 4799181
3145033 6815851 448940 4167376
6266280 7470310 3642695 3920558
1293633 3865055 4150372 4876104
56699 1053208 4573434 4576866
1407916 2016405 1030926 3317085
3674950 4498941 2578674 2667100
4598210 740105 3449588 3971451
3863105 6705138 4147101 4691767
1386816 5514892 3418847 3983665
1872988 4373377 1818097 1955604
3120442 7522524 1666006 3919479
4828644 7345559 3136656 3176561
4052555 2961759 2665056 4691914
773959 1557039 3549618 4011999
3276541 6344186 2447559 2868584
3764081 2988589 252284 3752775
3538379 2833975 3156853 4554735
6053133 1791301 2106738 2314692
3481592 3019492 3357565 4701413
5311194 1791499 1344464 2503479
441335 4559647 225679 295976
4098366 7260683 3719 4311825
3205301 3495031 2526930 3382930
2988878 6860081 408927 1391184
6007761 7103357 2520210 3685283
7033134 990811 317002 518786
5145204 7228157 469978 4566049
3708454 7044839 3666800 4292987
284152 3957928 2479583 2838087
3668459 6079320 3530604 4986015
6833665 1741482 2989377 3900891
2515864 3804245 3042097 3172436
4602193 5103496 2580871 3696519
3901365 4460076 576650 854873
5837534 307807 2814468 3350931
1632456 5623731 253349 2458951
5622690 3328201 303908 4941346
742544 7238835 1749795 2819562
3037777 1356855 2241571 4419611
2229634 2803590 3294137 4999017
148033 1638947 4922097 4924154
6449186 2664556 857972 1372093
5836804 2396298 3789779 4035473
7201380 7262219 1301327 3145489
3747823 5056863 2328033 3424223
6262295 6747278 3708789 4326581
195043 4471541 4133164 4150234
4286659 6994556 94680 1201820
5564704 4036064 4292488 4901527
2484690 4293407 4493644 4573861
4006171 4859025 2424688 3585241
3488247 4778972 4444809 4577340
4994366 6055859 663136 2695367
1314936 2627490 1548219 3025254
6230571 2740666 3056332 3720211
6013765 4410254 1729073 4699593
5910737 5827618 3720293 4878965
1776023 4630144 837416 1431008
6329525 4840254 2945568 4665953
3388918 5782373 4995995 4996916
1964688 159607 3272037 4825374
2809475 5178346 4761918 4872266
6313780 1080254 1528312 3541800
2841772 6392733 4501580 4958613
3333047 2888051 3031967 3993795
4042274 3500759 3610279 4899223
5154137 257333 967194 1380141
6713884 5492888 1297149 2916150
7223982 1018782 1676179 2525497
1910407 4771301 191536 4535031
1171359 6827072 3751140 4226737
165979 6139637 2439445 4577965
6354169 5753427 174707 368829
2835811 4528379 113942 601248
5293231 3078934 1867949 3899548
5958028 6299815 3508985 3723246
3042880 1672012 4532138 4877459
6606508 1521702 1179746 3143017
1056463 3227800 3093362 4248262
2549008 8518 4619036 4865671
3136600 1920508 1733911 3600302
3518123 7051703 4435592 4452916
5345736 5331217 3653364 4809696
6462022 6138284 3368749 4369701
2987232 7032242 2030560 3358929
3922677 687258 490434 4698746
1137181 5327331 279777 4634956
7166941 2895030 4043475 4064565
993188 5683170 3408731 4667789
7377507 2077635 4328178 4576340
1369754 6355797 3784345 4101438
2751280 3065162 2743881 3915194
1681540 6756718 3522424 3552232
3763022 1902162 4052006 4287408
3400263 1386311 4427834 4585676
6325540 5546376 2239845 4488588
46731 5413995 2752909 3628711
4853975 3535974 2716370 2723633
552328 6380655 2031053 4495202
7177409 5284819 3880676 4167691
1671474 3388342 1693434 4944786
5914576 911554 2066942 4426610
4294930 3373632 180048 2710714
2431169 5778221 4995080 4997211
7482692 1702947 4080996 4565402
5160541 7076517 4906820 4995132
3358526 7148066 3901866 4569235
7137083 7415952 3725737 4040671
5822562 4854639 3205304 4029359
500863 3528178 4777756 4784489
3134370 2737607 1362504 4612775
1573025 2790147 2845155 4281295
4279388 4988500 1580148 4480396
4050981 97971 43426 978414
6317430 682305 3192162 4538033
2244535 5778914 1718356 2279508
4510546 917711 3881722 4555107
1366994 5077698 4491094 4528039
823725 5871769 1040068 4442836
2305941 2943604 2952368 4144356
2351512 5691148 3887648 3994028
2835348 424894 2627908 4627776
2464985 2306147 2970677 4749667
3163249 1996700 1733483 2569387
7386150 4857782 482046 3562733
1907279 6036826 4561516 4844061
5641509 2034843 3651672 3852165
1400637 5959178 4519243 4896338
624695 4349834 550364 1949557
373676 1663795 4687161 4906909
6102171 2648986 1260832 4193843
2365844 3994633 463960 2510355
4559851 6631688 4028990 4815903
4997841 1354591 367771 2750006
1278576 5591259 1362227 2952372
4869959 3490390 3467422 4321563
6994872 4169193 1809000 2166705
3934266 2476829 2990342 4691977
1430089 6941251 4497952 4731419
1464490 5542144 2627104 3686085
2009621 6911152 2926044 3982418
3714003 6432537 3614582 4235581
1210909 2485206 3881398 3922453
6615311 3243389 207638 966533
3437461 4510311 1888418 4576451
52982 5599283 1725690 4825763
3252587 1851164 2636130 3249570
4594713 4009857 4199916 4764934
7017696 7205611 85089 3359671
5421254 3351864 1644735 3044877
2315152 1213664 1701925 2767574
3164900 6617725 1077795 2145142
3026153 6502389 3838207 4901895
7503779 6459246 3152978 3634403
7040934 2400618 2404139 2998384
7390062 3343650 1122566 1222723
7210299 1452329 630376 3318529
4780222 2688034 1077318 3224712
2196988 4684528 1483011 4394075
4755616 4044973 3654149 4175151
7188090 6379223 375487 664522
2098908 1695751 1737912 2368702
97356 7230161 2589982 3910632
3123649 7435269 3398899 4048734
3746186 6507721 4400229 4517715
7346812 6043735 2979570 4624779
1338622 5735866 4466948 4621553
3933283 4274485 4572405 4586529
403764 408717 3829575 3999545
6053065 5695320 4078554 4669522
92886 1978737 4538670 4978533
1886937 56278 1945210 4414232
3834066 1018831 599719 3418947
712892 5051791 3028645 3525189
169367 5366603 4261507 4495167
4276418 4949205 704848 1727673
4955954 5686443 3554048 4747408
7119651 1796970 3292618 3420741
1859535 3226709 1493625 4731127
6603647 4071052 1449960 2193033
4273918 3706695 2893087 4317142
1945288 4633406 671467 1426098
6308759 6705014 776103 3853154
4847524 5403400 399793 4420770
4413432 1384018 1412763 2834005
4263854 7314576 4819439 4895908
17549 1605515 1964548 4647218
6442127 5377952 167929 2507324
6309556 2743156 4489060 4572205
3936331 5597131 556049 1979323
6632695 3354946 3370554 4935101
6723782 3493268 3300058 3973221
5097728 4843526 2713406 3729817
2307202 6423421 3368220 3641317
1876483 6100137 3960418 4450974
1614987 7247417 3046856 3561920
3885520 3686257 1636126 3376186
6228604 167174 3593398 4990336
6365098 5936840 4864280 4960423
5856307 5922393 1625754 4951249
1320481 2266326 1688693 4555492
1554763 2373681 3489466 4898833
6917392 487177 3102824 3203486
7170943 1176563 1033550 2781656
3660688 750904 4959925 4972189
2186957 6961056 1753494 3013508
3566660 6931012 1958734 2095442
6528831 6602203 4195987 4376764
179815 4429214 3514734 4748181
1939620 917837 4470301 4486380
4006306 1213632 2329394 4791429
7429889 132452 2059280 3322104
4169244 5855765 4135830 4911441
3288375 493507 2085921 2941221
1275236 7132478 536086 1081269
6477735 5512009 378400 4862424
568069 7070985 3273243 4684957
2301760 463793 3153637 3645541
2555579 1609043 115658 3527182
6857698 4572665 824064 3364493
5535399 4293204 1066951 1784368
3248630 6977221 1830457 2060757
2543154 7208679 4256935 4348540
4515139 6994173 3732420 4740669
3627003 5082593 3958555 4088340
6808585 4422820 3648494 3649461
6069620 6960180 3927921 4056081
7144858 1310306 1706734 4669382
7134572 6436781 4651966 4792842
6821117 6361211 4250734 4876913
6411954 836917 1504521 4227208
2198760 3931171 3651855 4933380
6872179 2147467 3334758 3826325
1636490 7263517 2014302 2243433
2542491 3723263 2610614 4517536
4779975 2596851 4847251 4930653
2773831 828906 652616 2037215
5761476 4575654 4962491 4963857
5720953 4731532 4370571 4786533
3762175 7150602 975862 2557129
6688399 2968059 2616756 3753801
4305712 5366530 3160479 4010266
5944768 458171 4980290 4992805
4828197 3979731 863029 4463110
6434030 3742447 4327258 4762615
7028563 2461950 1491878 2064207
4934173 5066009 2747005 3410384
7516863 4644016 2718177 2743368
6768758 654789 3583664 4259224
5774914 6726691 1944454 4024040
6161305 1249082 2117061 3408013
7006157 1602970 1029356 1905286
5551814 813448 1276205 1444297
3021694 3818273 3389181 3862226
539929 3160814 1945882 3519351
1582001 3621671 2245221 4021500
5926333 354664 3110375 3516032
2256398 2541904 1883278 3637394
4130456 7133872 4953612 4983710
5032318 4821004 4621201 4902376
7464676 395467 2210438 4744446
1428841 2729845 1382290 3506005
498926 6698377 1284908 2439611
6787707 3414585 1077926 3750379
5800784 4687240 3744735 4761826
4904423 6331970 1103088 1742521
2667674 1579354 1678555 3649428
3625785 582723 4091344 4949944
4974882 2766790 1718226 3828676
1131405 3698897 2502392 4747244
6970344 5646941 2164286 4191476
3875240 3769961 3928710 4423252
6107079 3275118 807183 4960006
4721801 2351651 2194292 3585954
1290220 5650339 1160033 3404986
4695075 6102147 3057348 3080753
4498188 2632572 1201102 2756096
2856371 559649 4848979 4896632
5326184 5791704 985597 1605343
765838 7233078 100270 2430139
1808366 2792794 4204427 4643211
3737324 4085947 177648 3413802
512570 5364444 2317482 3896407
6602500 4106917 2442295 2490749
4072697 1827963 4424643 4686151
3889365 2286860 2396495 3128208
5337667 2262702 4601579 4973546
1384521 2310443 2709336 4572316
6349995 4053402 4245047 4656579
817166 6320063 4434496 4885533
4781886 6449242 2374638 2882957
3298252 2361597 3884670 4248486
291820 2070550 2461383 4622870
6704158 6952073 2056767 4943331
6700096 213811 285209 3461881
5987834 3124056 2149019 2815669
2461453 6576447 1531229 1574344
4633651 4390873 1234355 3592709
4845191 3709184 213924 2445579
6095229 2425781 4655215 4767785
4573347 3380480 368114 1094306
1851280 4584429 559765 2217362
1000042 6448255 182638 1149494
1820945 2737371 142053 1163517
3342354 4891024 4391326 4947497
5477524 2230590 4679423 4864502
7323047 1465698 2725545 3766167
6341 2914303 4745298 4889691
1226132 6878728 1699375 4683979
4767162 6742946 1056576 3249800
158053 3402743 2765290 2799775
2740949 1799330 1829413 4144998
6200360 242051 2912853 3644878
5118691 1433348 3618207 4116496
586831 1706683 442419 1057526
7182443 4709210 2656616 4799942
4840821 5749758 1023212 2347226
2928925 4265154 475049 3157781
1127188 3155069 1338297 1686365
4760584 100712 3585524 4343027
5234798 1836592 3682908 4923178
4744320 4720333 4065958 4301763
7197428 116900 1730946 2381131
3231581 2714362 671503 2722967
7434633 4660770 1193081 1597097
5774619 831372 4778536 4992543
6665816 6841873 4588560 4820980
143889 6984941 2570413 2873829
1999536 1815747 570867 2370466
2483048 5692397 3844054 3878621
4979143 2875017 4347884 4828631
7092290 4723651 3666122 3804771
5715782 125148 3463438 4232368
6169679 5260813 2704679 4054496
2454336 1086199 3571917 3842829
6481362 606163 4139688 4249777
4101947 1916076 4524622 4673459
5629321 5050356 792452 1411010
6826413 1941149 2786405 3196089
2691228 1313205 3633315 4386794
5814936 4615065 688947 2211759
6854826 5189792 16364 4384879
5534564 4179119 2356401 4009842
326726 938594 2293449 4850195
2225141 6241365 962912 4942348
209577 3118214 3924914 4778440
5299385 2531563 939973 3739437
5019113 560513 4875905 4888265
2097542 3590120 2644570 4757556
3569128 2524150 872702 2272600
4399801 4869468 133398 285445
5090691 4829410 1580418 4575738
1043918 2493948 1389382 1910293
4520911 546192 4994199 4999676
323952 5996790 1409618 2649099
6540708 833828 742692 2032317
6616164 2107065 4716980 4939315
1027075 5228767 1355985 4191523
321605 1319556 230549 274396
218676 2194466 2129324 3966589
2864227 7040669 371392 796497
5567814 817790 4976594 4985262
5497320 4475915 4332677 4819367
6526672 7082417 2554564 3449431
2034392 4861237 4833180 4891413
3697070 4054819 3011513 4727000
4337374 1558816 4077477 4207407
3808498 1474040 4011132 4011262
7181825 976181 1786369 1978138
6669541 6895419 826129 2063721
2380158 6395066 1272290 3464533
5756686 3160562 2035564 3311863
4005033 4558137 1445031 2688428
810649 7170798 1838319 4891989
2799857 240841 4052709 4413615
3279849 3950276 4344826 4626929
152740 1347281 3974472 4636046
6943210 5646966 4208477 4560712
1870381 5670101 4365905 4883939
4034178 3398140 2738405 4136137
714255 4201975 2151932 2785021
1578226 3377271 2174021 2759613
1630709 370051 4446938 4586266
5158952 6709103 2754218 3706754
6261048 14535 1656480 2872772
948965 6457673 4558530 4973466
1106919 5701466 557413 690918
749687 1835897 1666736 2134627
3093312 576079 3220651 3425788
811936 5531538 616118 2431874
5104876 2308033 1950148 3689290
7010870 2458558 2289015 3923937
933387 7101212 4911727 4941518
349778 5439140 3156525 4382852
5351334 1628772 4987794 4993642
6520251 1320692 1746102 4655521
5826461 595107 4153298 4689340
2412164 1598190 1584194 4583178
6528008 4429792 3298113 4258497
736993 2916356 4016090 4598041
6161831 522115 3804981 3820395
7518714 1580056 846441 2890889
7060719 5361364 2096295 4089707
773606 7245318 2255535 3350140
3010519 3114930 2033964 4198959
3230925 3450115 1369336 1386648
1819209 5446001 1691958 3135485
5739356 837228 2815767 4028284
3583353 5574526 589355 4507704
2762742 963401 2061505 3882929
5130458 5426505 4983939 4994962
2930839 1766361 3968787 4799655
7318177 393570 3331929 3809821
2765320 3065355 3724345 4882418
3044443 6727713 3968647 4965234
3216815 7121603 25457 1739721
1951883 368309 4930543 4999552
5986717 3182321 4270501 4695856
6402433 7260238 4522491 4590771
6706849 212766 2583880 3095586
2585995 4878766 2330377 4049311
444214 7526682 3399372 4619893
342383 3707609 3471690 3714119
623150 6612818 931252 3836001
1377397 5849679 1481831 2897165
2766563 1985490 803246 2084854
2507046 3589580 1217305 3220937
1744927 589627 407729 1767058
195898 2286409 4472636 4893885
726066 3734073 4489089 4690214
4908656 2047000 685259 4190851
2898184 5924908 236433 2695656
7243200 82620 3243106 4281059
6667687 5767139 1779397 4666938
5679459 3555582 3647420 3879669
6460084 6462256 2893301 3762213
5261875 3466736 1845239 4854278
1143210 285020 747558 2186240
3004052 4016707 1286014 1783059
3107956 4834226 1946406 3290787
1316018 3581458 4983092 4996875
5295215 4025634 530548 3940473
5530759 2504260 3016657 4025877
423161 2827680 3261382 4788689
3827477 5298486 435327 3295892
2766043 3618899 1293486 3210743
4501238 7489878 3159314 3630655
5179093 6238470 4703437 4740292
7320994 5876052 536675 1648146
6156156 6934260 1754165 4076757
5077071 6380041 1051150 2860830
3110356 449259 3442459 4468696
2947806 2283266 4693997 4714004
3231912 4574157 238752 4460689
542409 5759088 255680 1688385
619720 2677258 3573254 3902763
5421467 6256558 4620700 4736504
1499544 4534674 1764712 3448335
345318 3485819 4462238 4724762
3775071 5490765 3018299 3696328
3238722 6774342 2725546 3820375
682825 6499812 3223852 3881544
4809342 6981632 3222336 3317318
5406987 2433683 4153205 4523845
6000897 6092047 2296330 3371520
1977939 6374617 329479 1822983
5029319 2032453 1495115 4292819
3824994 3722068 1164151 3452482
4279297 7037235 2006427 4283616
3436652 690836 4026477 4541094
1524832 2059280 472369 3531823
533691 6364357 4501411 4754395
5953321 1769637 2223884 4127844
7379697 3007260 211763 2475771
2999639 4632737 470191 3559389
3551890 4866408 246002 2687799
634354 762163 4211783 4224709
2095386 215748 3023855 4455980
2156750 6584612 1701736 4670735
4265331 6356037 1856292 3342342
4511023 240196 92193 3461652
1259430 1818211 917233 2797699
6297286 364870 2149769 2641135
353169 492991 4194015 4833918
6441581 469769 648004 2410728
6004586 992764 2010255 4751574
3280795 7452795 3439971 4454249
3367854 7321096 3454033 4422553
241036 4770862 14765 2321873
6945991 1164426 4108417 4562802
3489670 1884306 187933 4380765
1597567 3971667 1936019 4088847
4418670 4515613 297541 3251337
4558249 2034072 4786801 4908189
4225466 3608966 4472273 4920163
4202771 3281287 2442447 4526214
7257492 4005157 1296512 3176949
553140 4500238 3626147 4512081
6981562 70526 1742153 4775739
968783 3702855 2802230 3696492
3483772 326731 3277217 4227829
662074 1308927 1634542 4178334
3916366 4480114 3397953 4545356
3858610 2209308 3598204 4187521
4554788 6588053 3591699 4864001
2099193 1588731 632172 3597172
3965137 1702518 825661 4686545
1321811 6528218 786810 4004381
3436354 7177225 2697113 3327445
3823304 3307390 1128782 4453693
363510 3949371 761289 3984390
4536696 685090 1052107 2249372
4468384 4777246 2748144 4458876
6761933 7416249 1505067 2759059
1985496 219745 2827988 2913283
4208793 5088664 751873 3144965
6326225 2454147 346033 1925018
414132 3490340 1651659 2686573
374223 4131576 3438833 4314940
1975571 4536318 3083077 4417222
1978069 6546671 3411178 4953960
2600891 6167664 3457206 4028638
1533327 5048395 617260 1201006
4080887 5528219 596267 1807521
7226241 497011 1297532 2028394
4249294 5739121 3772591 4735395
5482335 6299737 818779 1517804
2136036 5750121 1481376 3130281
5395408 4023066 4873629 4982295
4543122 3856336 4697523 4800517
1707359 6554768 4896347 4905073
6663981 7201360 3581120 3911655
484045 4274759 3625532 4723059
2560579 6364342 1259259 3731950
1636828 5393364 3640189 4567508
81482 4004964 1449673 1992710
501588 5370858 2406902 4952382
1868928 7273881 2881264 2986341
4014670 7489169 4134909 4398714
3955989 6975304 4696203 4963589
5139932 6553575 1786842 4225623
6273121 6154500 2447821 3345772
1550518 1022198 4372768 4420453
5947648 3037119 709158 1018605
6714354 979312 2947696 3778798
2179950 6315589 1208833 3673886
5720787 5050025 455690 4222753
3321129 2301859 2696339 4962671
259983 1048365 1747980 4562557
6641114 1811091 4818744 4975443
1450262 6905903 2708882 3850191
4525002 6234776 4822013 4842852
3382158 3261784 2522719 3597279
5898627 184842 2627817 3369682
6030216 551171 3230824 4308303
2610005 5470875 1199453 4590571
7076927 3679663 2324648 4301554
2063780 4223261 706685 1694962
5634035 2580898 2838106 3615864
3356846 450993 3776124 4055304
1190189 642162 4183383 4744650
278127 5032953 739848 4896586
20316 3534227 3395693 3671277
5315318 1682928 2121445 2575481
4866097 448042 4009337 4892683
7420145 3451189 3789416 4359650
4224614 1688043 3129264 4860809
2866431 6896995 305242 3136004
932025 893557 1412691 2712181
5255856 4279724 2677299 3607452
3814421 3239877 3092989 4577947
3536528 452558 2769966 4158443
6059806 1179841 4489664 4576424
3238300 7306448 4098072 4146653
1467325 241737 2564903 2737400
2326838 3518969 1738787 4546855
2696919 4917460 4441502 4510813
4066258 7099119 2270979 3232904
4620091 2140440 1457618 4807381
2308666 878430 1016386 1956475
7224693 2327144 2772006 3813019
2941817 6637011 2051644 2593300
2411496 6883280 1444900 4398552
6606788 3695231 713031 1872021
1166971 7172997 13371 2850360
3633513 4075914 315949 498340
2224410 3423008 228830 4587006
4463622 1424529 3988525 4409636
536891 7351706 4961543 4985940
7390638 3879335 1672772 4735484
5660432 1217283 679700 1899108
2860359 2867993 2846042 3243962
5186961 1512191 2681814 3416533
523461 4974500 4977732 4979474
5596386 6585332 176120 4080430
76386 4258427 4968082 4998174
6484925 7503999 4614000 4846824
1812478 5506521 1560174 3661491
4246093 5385979 2847757 3839850
1210749 3972922 4062266 4520948
5918862 4688574 4381336 4427745
5401278 632213 1435121 1743968
3137289 2135604 1516938 3227740
1165078 4807375 2582818 4742658
295923 685779 3928791 4480984
5437853 1330670 780903 3632525
865669 3357499 3485877 4835999
5019192 7081235 2862160 3959471
1902075 1376976 3451716 3476017
5670100 2329314 1612166 1661654
41165 7164834 1406169 3087935
2906196 6759754 3350331 4795575
4224058 2850321 1474811 4921248
2468344 7270021 1212536 3893051
1086032 7031351 840965 1910004
3394137 718300 633234 3753341
2064264 6498200 4733897 4830617
4566852 5161720 40858 2517749
5239381 1482713 1417965 2353538
5461464 3294014 995202 4144538
4710379 373643 3815847 4367651
4633066 3249291 2528784 4794048
2064473 2416955 2664190 4363622
3707585 4554116 4931554 4996174
5948151 6612705 1689635 3814823
1637950 2142225 1185037 1189886
3527855 6046030 2591638 4893751
423800 2777468 1840862 3532591
4516896 2332164 4982537 4991530
5134773 5264484 1932770 3739876
7019651 3762719 3923592 4867247
3641312 1862836 516812 1663932
5704307 4435581 810155 4101728
2674285 4707620 729596 1812706
499640 4904149 3481613 4472887
858968 1953401 3289940 4619556
4909397 5923008 1437031 4755099
2448010 6134578 1949638 2207417
5835936 6545211 1497028 4051898
1425435 720928 1154288 4341771
7350048 4582621 905931 3997035
340397 7083569 926708 2801379
2721552 4092367 3676105 4695963
4825670 3282344 4883723 4944435
2133382 3438740 2306008 4000803
5654902 1231212 4797369 4884857
2689638 6438017 3705401 3936317
3466293 1953576 726662 3497610
638234 3815402 1187718 2009014
5471507 6249174 1901045 3326239
3509247 1156595 4191640 4325647
4289379 95516 4182600 4644229
892903 3145430 4459886 4478570
4668583 2040875 2914196 4963407
5869509 1248187 703836 3286153
3767657 7025734 253501 4400431
2402544 7193084 874597 3688620
2370681 704096 4351643 4517281
4054100 1255529 1117159 1249728
4254798 1073420 4138706 4304270
1050970 6306782 2917244 4904705
323605 1254656 1371356 3971429
3108336 844240 4754439 4931142
2053091 4030827 201649 2273702
2390547 2648762 1658033 4979965
3417643 2725428 1481521 1550980
4690945 1877034 2580427 2606690
2669087 1827005 3282631 4225575
6095330 1956236 607245 2075013
7449442 5346312 3902722 4352797
7135136 384592 1311831 4401780
6163893 5196407 280195 3034323
5421219 4637933 3861545 4602048
6724065 205237 2461294 2839709
5593834 4008191 2822004 4910880
4950468 5399819 3874307 4001498
6315149 2989018 4803837 4936652
3245547 6647585 153326 165941
2130953 1483519 4621338 4938085
199452 5653672 345962 2134461
2634314 3394203 1005508 2851654
1112251 2676636 1127720 3696356
5454639 1603482 2856221 4288801
6450166 4942239 294878 2910958
6165294 3070959 3887207 4003411
5274870 4723986 219491 4713025
5863213 6277600 1419223 2752919
5860881 4308731 4114926 4464920
48791 3584143 3926844 4216132
2618916 437173 3873033 4885562
1964202 355143 2025174 2737845
5263208 4792072 856370 4380563
7429407 6678588 2302552 4648657
4498869 110765 3034848 3379810
5100758 4560748 3050773 4863572
788703 4278628 3445092 4334473
7306939 4676186 4234990 4941075
6601030 3232941 1393469 2259730
4903799 3516483 113662 2270726
7341876 5649730 949064 1402466
5894813 1315075 3796013 4157533
6327423 5220534 219833 1862414
5178680 998558 2643047 3053485
4785472 3474921 868661 3175506
2066773 5080163 2776007 2795858
1432280 2192265 4019146 4130783
3217731 4963773 1190769 4244509
7469897 1278865 3436840 4410242
4888048 3054484 4848073 4948716
1640748 3598625 4163335 4436095
624950 3114731 144210 4959947
7490118 5336723 278993 1958785
1585048 2860618 1445979 3862993
6805157 6534595 4704069 4847329
2984356 7479391 844212 1791059
4712351 3906405 4257518 4362823
6986694 4263953 2553246 2760685
763768 1452000 4562371 4703778
6744340 6719117 166220 182099
3173280 5097170 220889 2170168
5864611 5800061 3140825 3706159
6294678 1519851 2026855 3572472
5048805 2483956 620269 939175
4055983 894921 4138672 4276503
3847691 5037449 4898000 4926533
3403465 3383136 1358057 4202595
1050426 4242170 4564593 4888546
1068554 6377217 3879272 4980068
612324 4021179 4809584 4993620
2005040 1836833 1617367 3365490
1160384 461789 4274229 4697663
4265276 5080991 3457943 4247880
3044870 6221661 4503894 4878801
1587469 6244670 206278 928816
3998112 6824874 1931727 4983388
86430 4953372 4530724 4716970
6707008 1303450 4568102 4656556
4577454 2736330 4302429 4598829
864300 4645548 109983 1678644
1889666 6320810 4771651 4945916
5634616 6300965 483024 2763478
6551712 5884175 4125761 4987774
6447968 6656379 4582002 4731599
5605479 7123619 2815976 3374595
1651837 4587412 3940267 4437536
7403785 1183005 646267 2714776
4200231 5763865 3587388 4573050
907443 1780552 4708665 4710007
1251941 7454523 1931152 4671667
3704166 2755091 1045827 1362395
6668013 2667400 1619342 4791270
102362 6866178 3859461 4262871
667703 2931653 811161 1348424
2211073 223286 716968 2083998
3604667 2687085 3803459 4225067
4125546 5298821 2259038 4655736
2563529 6238021 4581969 4959843
5717107 5041434 1878867 2220613
2542323 4298796 3131413 3797050
6695367 6729531 4307149 4552773
2498037 6025772 2830835 4139809
6827487 7402671 2308155 2334714
3533609 756301 2569962 4351284
3437668 6072885 775686 3264845
6483340 5135299 1252675 2378746
856722 1033798 1439056 1928316
1949974 7124313 2026001 3582728
2803801 974358 1606562 4834105
2082395 6343305 2133479 4433805
433043 2019021 1139405 3334882
6582984 4214474 4791869 4951168
3218301 3396692 3722168 4074223
4761873 6641731 439677 3055394
4550308 4489159 846605 1187154
3482281 992042 4673671 4862627
1728067 907587 3447765 4848463
6158060 1333734 2978160 4196694
3741374 4647038 1036324 1573323
6577502 4188177 1501890 3797452
2636754 731890 4749773 4928619
7108100 231468 3592841 4825142
4910198 5517771 2523760 4375513
296582 3097456 974532 2295670
4931953 6262639 709297 2121944
1708566 1620549 1968821 2002683
3152318 2590327 4048321 4431413
4558095 1688975 445929 3618272
5403132 7499283 3788586 4458765
2965059 3113317 4573156 4789611
2875460 2387235 2952610 3736670
2139809 3700179 2676556 4329491
2984717 7317523 3147219 4839157
2166960 3764932 4764862 4909824
2945394 6462432 1097542 4147282
4975068 2442865 3842630 3942393
5300608 6523352 775202 2770121
7475824 480898 3778107 3961663
3115519 2079219 3147229 4368640
5126117 3908390 2709427 2861498
99615 3084852 4432024 4541542
1422307 5070788 274239 683356
1720618 4925992 735910 4896605
6869221 5334905 1552798 2656249
130771 3359611 2755427 3487767
2610948 3008718 4747249 4779506
6083036 2129927 1371078 2825283
6711184 923557 4821542 4982101
4869224 4404977 2384049 3868280
5285253 476438 4653071 4987032
3244095 2729857 2630129 4574391
5932600 4815772 920347 1890136
4568247 819737 5961 1830539
5571496 4946409 4570035 4645461
4768897 2274636 4190701 4329274
5808725 5980038 41737 901068
702013 695014 3480852 3911421
5272772 2672663 296040 4072457
7330650 6703430 3334049 4015242
6251349 5490365 4799351 4861488
4427931 5729003 4893061 4992857
3109539 4233906 2707833 4149627
7277521 6893869 1402249 4567729
3272072 3736789 4555924 4655900
915457 4214420 587802 3516280
4864060 6937834 716430 2597732
4781694 2333903 1174937 2315996
3025851 356169 2043517 2582387
874757 2936539 2020981 2335380
2443058 6920696 3792162 4479511
1347254 1391852 1706000 4054359
6776128 3454666 4431256 4554595
4270084 6176680 3068098 3374456
4322128 6001581 505752 2201420
3344195 5510293 2023796 4381225
1913624 2458168 415758 578067
5134168 4041750 3052292 3786549
5068492 3944191 211715 1647259
4538430 438163 3374566 4550091
5782766 1201510 303235 1102039
648085 744300 617785 2003931
729083 3930636 2977450 4218976
4007719 5026857 3916395 4806176
2919747 3871470 4375341 4859203
1262430 1227630 3340221 4081562
3792294 344377 4099707 4386591
5548879 3730877 1761507 2210587
56124 532745 3451427 4379889
1442433 3783378 3211957 4573614
3815198 485790 1549718 2083469
3178705 6021040 107893 2581710
1733579 2176829 2995893 3864891
6950731 1022901 816929 3753417
5378233 4676488 1645681 2989407
1555025 4101917 2637911 2767593
6063188 7383046 4786133 4849122
2077038 444737 2402011 3288267
1965363 2108126 4789255 4891579
2232606 1814957 4483842 4763361
1370440 5579752 628175 731523
2846860 4957563 1905023 4390339
4873892 2180578 42271 4734619
2699773 598234 2311 2370190
364426 616134 4348050 4664554
4446852 320097 1338058 3395426
4250965 6751768 2721310 3805533
4483106 5156846 1775708 2526986
1634303 1212357 4083631 4220577
6540731 3300533 1478566 3378103
4064773 3650645 919266 2616506
3397983 2186397 2303591 3393570
1155444 2773912 4418463 4927218
1148922 2446375 1028550 3836318
6608374 1443505 4570502 4595709
428766 790836 2127456 3097585
2251137 4196172 4159200 4302027
6666632 4149564 2757574 4898984
3858399 6741952 2806963 3640837
405537 2403610 2101448 4284398
289891 4497647 659099 1923361
2975820 5452370 467472 1274689
1474623 4353251 3560015 4075053
6497167 3621607 3682252 4991188
4849838 5560082 4622473 4934956
4838102 3337030 4816934 4836715
4224681 6026721 4391976 4877614
2693211 459019 3522214 4127688
5470188 1097937 4923904 4923998
5730373 673144 3193972 3671054
5507582 6785306 1462252 2152617
6536628 6285089 3006422 4013227
4726509 3483632 4164939 4774262
7237265 1156074 4032491 4239421
315634 5853585 2130556 4228917
2394548 6125199 2039972 2314779
2338303 525519 3893966 3911081
4126337 2386522 2112652 2275601
4786093 4512818 4018941 4297771
6225438 7496222 738053 2382454
1939122 2912555 2267362 4172875
3771332 5801583 4708373 4947248
4214843 3677275 3183123 3539371
4588654 4240109 1559779 2101642
392603 4083266 4395802 4926924
942790 1639558 4076467 4192196
3181063 3550546 3545816 4100386
1183754 6595047 2289656 3167048
5332140 6547948 387136 3770060
4903371 1720282 2419747 4096405
3480999 1839670 1265465 1266758
2755831 5387832 463439 3986135
3805083 5460519 4480393 4649605
5116629 5581948 4478933 4487247
526769 1324182 4637651 4659773
2425515 1239047 752339 4487416
5790307 5889975 2182517 3602383
4393550 3182971 840451 4765254
3772093 2547362 2825837 4410349
6379271 6806540 4388290 4469329
5760154 6966132 2819198 3290060
5067262 6021913 3173803 3375242
4540293 3243436 1635475 2273920
2267878 3658870 1471910 2841249
1260894 6800659 3422231 4478386
2580441 4686997 3897070 4625038
6911266 4646275 4810079 4998760
540041 1786454 22400 3107540
5493236 2162722 142338 4537131
4711769 6403681 4143874 4249669
4895668 121237 1400372 4228738
7022608 4522153 464561 1978974
3394872 6780114 4607068 4708730
4513769 2395009 674660 4194245
5751836 7218648 3508658 4042334
2873549 7526207 3021593 4717435
5978534 3794312 2036192 4079365
7427506 2687211 2128209 3252726
320925 3326849 415770 3324154
5593081 1704610 2653432 2663822
2410943 499384 3694617 3771031
588461 5287296 2683315 4113291
1028082 3172994 3189378 3999253
279560 6626997 2900045 3997252
7194614 6530989 1712653 3510211
1711512 7378681 4205021 4557680
1727513 523842 3925846 4406429
2682349 3613296 4819075 4952497
994351 1593461 1734717 3708824
1265979 1639963 2964977 3071478
3498290 7028775 301540 1039252
1560920 4011073 2926553 4948395
3930868 4774831 4996423 4997816
2218133 1949720 3818668 4180118
4284561 6715 3344502 3804037
3579621 4827133 2821875 4345982
736003 2944915 3647708 4551942
3579755 2618410 2203859 3110666
5825363 2541033 2803128 4981328
5589498 5786017 1637373 2621685
2438105 6989854 2760891 3091872
4913790 1158419 2955657 4793640
1091583 4223639 2340836 3079085
218521 6135018 1278002 4031883
5945585 4311739 570475 4840285
1360839 4135849 95383 4731216
7461048 7503552 3728937 4672606
3737959 6541817 2320522 3097439
3204465 1653690 9298 1454133
1365593 7332695 1175119 3533197
1893393 2320957 429486 4123709
4724015 5830263 3114775 3467548
5346319 2571326 990931 4582696
461607 6436678 233314 3610488
6857772 2324598 3989548 4035399
3459212 3206106 2945603 4699230
6397191 655883 366767 3939871
4580986 3767379 2256900 3946755
4271543 6661832 4749840 4787344
5580526 974373 707404 3988433
1263026 4323484 777324 3154491
6405180 4525693 1581767 3134628
1125834 5827587 348798 4502074
677087 2378582 1111796 4378160
6070646 2674640 2964263 3787298
3887581 5391168 428790 1750026
3820061 7105894 4525068 4631047
589456 6469412 961548 4223013
5081983 7384435 4678780 4934533
5416979 6463609 1643034 4833492
4844337 1660098 2033416 2209915
4328166 6515414 73775 1870964
1960451 6749861 2165422 4883340
20214 1720119 4258013 4907883
739112 66884 3017788 4127301
6435013 6514269 3356146 4441782
5306194 6091761 1275145 1421517
7187458 3993201 3239999 4510127
2290568 1258702 1216306 1841046
645485 284732 4199013 4824561
953880 5370882 1879971 3578597
6793776 1678960 3929771 4200490
5269191 5025959 1806859 4668495
5539833 5135733 4345363 4716584
1747158 343613 964512 4015155
6080821 92032 2324383 3617589
5825513 1327524 3388571 3908416
2152063 2800710 3367564 4589886
5845793 7363252 2876976 3868529
6528820 4658463 3821451 4814223
5913366 2030489 2606878 2622488
4214977 2286181 294203 1335057
538678 5078566 725898 3290636
4523539 613852 3893489 4041016
3603711 1658049 4411862 4658831
5066530 2824005 856287 1969179
672152 172848 1107354 1488905
6568742 1660476 1738024 3892814
3915609 3631220 2317679 3345269
3122081 1797571 1081013 2103373
1858175 4568223 989086 2522929
250668 2093198 2836124 3142495
6939230 4241972 1991994 4259833
7403755 6579212 1880828 2508465
6279797 4915183 4714236 4793816
2842376 3426964 2822926 4545811
2716276 5098895 1984996 2250143
2754308 3404805 823532 4567607
6073832 5145707 2292458 4832826
2254229 3347661 1990935 3638559
4588631 6242941 3911728 4297765
1539134 3717729 3597199 4203487
6493548 7341367 4242681 4831825
7188845 5207922 4384504 4652774
6660059 4934067 2762246 4364917
6888635 5426828 1420479 3490630
1047674 5149884 1267298 4091915
6057922 3883957 604013 3908132
7431006 3246227 4990389 4996813
5040818 5609029 435667 4362393
2241483 2300357 4919786 4928044
6330108 1053231 1126220 1477659
936137 4731646 4003627 4785150
4853137 204001 2379649 3783420
4733832 1049238 3848689 4844347
4173965 3233351 4496820 4564429
4680675 2531424 145868 4729673
1847436 5882604 2344964 3313917
1845231 6201492 1241486 1867574
5199520 2658466 1986127 4798362
4439468 5386404 125660 2438641
442781 53862 602291 2264708
427894 1763596 2282289 3127800
3032283 2254810 1180756 4986633
1979535 3782343 51145 3627132
4639751 1192940 4409891 4888759
5316982 111849 4783280 4883657
7214365 5640474 2434173 4494945
6108723 3876925 3242931 3493148
1196558 6578642 849607 2514673
7469831 3496671 4954038 4984691
2676611 7003832 1324745 2004999
686243 1174717 3574282 3649058
4739703 1948193 3502470 3732759
5934540 4818444 1192415 2231962
5175771 96418 1281906 3238780
3009476 4976879 2576335 4857846
2956399 1595888 4866520 4992331
2546129 3574258 416359 2971348
6262864 2738262 2919377 3577942
5970090 5386505 2473999 2583972
3485383 4830744 4999320 4999756
2101390 1554922 4633323 4914819
2529387 5389593 3057729 4828232
1887602 5983710 3422495 4203714
5975682 7334990 4272950 4820541
3742120 2293910 1466241 4926630
2446617 4779934 4254561 4280408
3473205 554948 2526867 4560514
5136314 5775935 4050824 4545853
3431163 3847911 3518819 3618051
3860133 2841444 4549911 4770073
5337984 1224594 227325 4267643
2493520 5540910 2038383 3401925
2764854 4385725 4764231 4818605
563440 1893534 2238119 2580394
1947975 5806251 3463628 4099353
7419730 1327411 304997 3428102
4735005 5414211 1245505 1644038
455554 6276142 2871952 4895379
2194296 1959001 3674377 4124919
2899378 3942518 2435468 3818359
6795854 967514 4940433 4942348
2634113 5864082 2195201 2841448
2465230 3632727 3788790 3911335
2130101 4251899 3823017 4583554
4105959 1375408 3638708 4151381
3451473 1937226 1044687 3590443
7132377 3739531 4551378 4660548
4422185 1931973 4609063 4793887
80162 5978376 2637515 3450383
2679330 6186277 2525968 3630962
4593144 3289200 4385251 4607487
5181289 5665903 4267804 4917703
5450210 2580962 3010714 3111812
3713060 563635 3216850 4125355
1619532 958196 1061741 2937338
456538 2491442 4810959 4867062
662819 458137 4342360 4354023
1766156 2545950 2064765 4771316
1633420 5620107 1064035 1721402
4891851 1380789 936915 1238230
4565410 6012455 145287 250412
7316273 5499503 2599647 4852456
5893752 7217184 3080388 3448546
3748495 6265530 538110 1741497
6892396 58683 1954436 2991547
1147686 1655756 1942494 4325152
1565586 81189 1386847 3620067
3572751 351922 3311432 4072339
3708164 6250745 3761994 4065927
4465451 1526384 4336439 4676476
5324409 5764753 1589617 2445253
2613734 3244049 1610253 4367951
1396523 3840073 2234122 3938603
5452862 1093788 4825157 4930018
1605600 1462254 209516 2561163
3028813 6492104 2172345 4851863
465475 5436004 2741588 4109311
4031954 2044224 745832 1815166
3729696 3102580 1266149 2654932
4950393 6046986 3261194 3989700
6909947 6535783 3490561 4542465
2805124 7104770 4069074 4940241
580428 3710284 3727726 3952029
863195 7418590 1383998 4888988
5006816 4851310 3344409 4019948
1690265 637467 1472405 4262899
682520 567460 3663440 4688450
4108503 1820539 3117623 3739402
4833433 7452509 2597141 4334228
1770285 6091020 2251738 4034387
2702168 5267253 1495194 3576380
4976296 549301 4192058 4386645
4964764 2082880 461605 3916838
4735984 6871682 4147328 4220573
7025565 6202376 2922852 4196679
2332654 1364527 437777 3308762
3024188 2123183 824248 3471524
6805088 5755433 3307760 3828252
5146987 7226290 1975116 2770035
4094026 6682595 4424852 4545034
7345249 2718715 4299247 4533220
4118348 4842552 3466304 3676762
2595830 1521371 3614361 4622816
5135395 1168364 1358091 2781859
1141797 1189407 4953344 4987251
5748176 1768642 441884 992912
4444013 664425 4600655 4708120
4510268 2971116 3993592 4305433
1375459 1750177 2599830 3112396
5512864 3998363 1072194 3277574
3349591 2069725 2369256 2828197
2021884 3221305 4179745 4263128
2087635 7098592 1321871 3660686
4373025 3104854 2136124 3176032
4064289 3843237 1610531 3858667
6127100 3977503 2210232 3372845
2692093 1212170 3750429 4066194
274106 2721374 3833465 4945593
2891552 2530179 4167812 4370025
657302 2023504 2773719 3365269
3900535 4750364 3315500 4113330
2358413 2013814 4454910 4632477
3430509 43470 2871334 4359611
196696 6339888 2465464 3061808
1499345 3740912 1204324 3661893
4715054 7160026 3992361 4684045
7425187 2357234 3926958 4139973
4608732 1004835 1988881 2005700
2416829 1721729 806464 1532795
5118221 3223494 3000962 3618179
3427686 2399052 2261139 3131595
1850362 293867 1277155 2683860
6902070 146064 4521386 4957103
1544217 2575715 4886904 4978956
4342730 3329238 3195368 4547156
2700992 4798458 2172832 3598332
2137084 4971830 3509829 4934062
6005660 2887453 1202890 4030100
573270 3492905 793177 1185405
4102530 3033020 485263 2675733
7317188 557451 1140011 1662968
1278182 3343619 1008474 2695513
3487062 4034600 512609 4231877
6086543 1152438 4887140 4902544
1456019 2989193 958145 1235598
7243370 3967796 4492382 4890786
5429311 1323076 511365 2317474
5925083 3288611 1928324 4528881
5927478 982309 3477954 4278863
5587088 1244089 1433935 3831872
7141082 4416450 2234673 4267691
959385 5181059 2543092 4278658
3353918 5213924 1096928 2978037
2208231 6684884 630186 4783936
4180343 3011294 2543940 2691285
467984 1301279 4411214 4760122
1142912 6988823 3760858 3966670
2330853 7175539 2497725 2876491
5137006 65590 1736080 2823949
560041 2852500 1833157 2858524
7433311 3578925 4801344 4831722
3171552 1802339 4678533 4736327
3468135 1439133 1231317 4318464
2685279 6039604 2242209 4978451
655158 151544 2533495 4425132
842213 1496114 844129 3527271
5213377 4452880 169172 3946504
5628586 4123695 4922034 4984124
728147 4465694 259217 3390659
3167151 2644214 218250 1002111
2839652 3770616 3408971 4653840
3137632 3025432 1564501 3513703
6223323 5290165 2963839 3963989
3306958 2415816 4768498 4842614
3327775 1080286 4168075 4783046
4887432 7271472 3640669 3894641
3859396 7449347 2450427 2656330
3499444 3858387 4529449 4596710
3634833 6535212 3470282 4008297
2375733 1892138 1989073 3198678
6394255 3846326 3155549 3316795
2391697 1983097 738908 2589971
4573233 1999430 1673299 3281546
7024813 2209615 1039355 4063029
4552533 3576989 4009665 4359266
4034190 6639926 4455521 4496366
2399417 6590152 4454716 4490079
2196014 1711330 2301552 2730193
6321345 5871438 68491 3581919
3169879 1376960 3127203 3319380
5567041 290634 4902842 4940135
627966 2826511 3466133 4558038
3471754 349833 3733109 4871092
3250707 4452744 1162209 4184576
2232758 652367 1287723 4135385
2248454 642128 1831270 2095729
2631073 2159442 858216 1229218
6416633 4470062 3993227 4895329
403513 1221623 2472717 2804529
4246635 6212622 4741254 4750566
1031093 2645825 137174 3646682
3267060 7513706 3347485 4721620
2905144 3989349 2270870 2925399
4951841 634374 3998234 4155639
5819210 3872287 2986748 4126664
318729 2169028 2711205 4746973
6344501 1214902 2432393 3080349
236132 4452762 473590 501154
951580 5872936 3452895 3596638
5252352 5941908 2824776 4758761
3885146 5246278 493424 4724548
2537040 1683496 478077 2094293
4861615 5209030 1918212 2535531
783023 3739196 1609308 2505459
5210938 2101715 3212069 3391210
3812893 6092935 1024826 3355968
1617044 5966450 4335155 4941407
439729 2381076 2711111 4537419
4283007 1977024 1433499 3908583
3587705 6747570 3065253 3096370
4197506 2280822 3132576 3676289
7384528 7455953 259530 3685232
495842 5344622 625146 3892341
6034372 886834 4666575 4942931
6206971 4200939 976219 1089842
6627455 60345 1901492 3119299
305030 2883028 4297706 4423464
4134140 6310328 1749947 4570242
2693347 1692631 4309734 4987146
2045561 3775988 3790818 4604926
5655729 1587603 1133627 3003040
1177628 7209436 4634361 4974557
1537416 1581855 4515644 4942462
1128381 6708174 236194 842623
2070172 4688635 3810945 4337024
3385768 4914314 661529 4493364
1134324 1657759 786543 4639232
4773536 2155140 3786227 4367373
1015198 6027083 1844273 2169603
522930 119671 3374359 3998838
4812477 286100 1586835 2107432
6441568 3047924 64131 1982590
4233859 1710425 2065224 3697503
4938560 6783784 2472960 4475652
2364139 1172783 2773826 3962069
4097930 4305020 119942 4974980
1148928 1816350 3214649 3968677
6081190 4922463 2098029 2769879
7474257 5447621 3321067 4329308
58972 2690063 286833 4332830
3188901 5394831 1301021 2838898
7078131 2283989 2532551 4343309
3925084 5194018 1965907 2261714
3872591 3819588 2814864 4607917
7012669 3672554 829624 993139
1172264 4890205 2297856 4893190
3950791 4939536 1135554 3418221
7010764 7367433 4405327 4583492
5719989 6982376 4374159 4402485
4986944 1702095 1863652 2946652
609196 5494140 422130 4277806
318480 3070412 155380 3682403
4633028 2800503 3789189 4356022
4468561 5294644 588520 2132661
6602658 189355 1244675 1835432
1992803 3581526 4313242 4723948
1873405 1325561 2604381 4691700
2052506 2987550 2287018 4053068
7527646 6205061 3769311 4259824
1445723 2042125 564201 4788539
2600597 630448 4906262 4951634
380220 4968718 2617026 3775056
5715094 4811481 4843525 4862046
6820964 908657 3757647 4117057
6462744 238750 4897312 4898050
1271759 7167130 620976 664660
424516 6599306 4341968 4568347
5351594 3820977 4340320 4771757
3332249 4906887 2049593 2842800
2444950 4437646 2723473 3001078
1718032 2410642 1934726 2629739
4154492 6529931 2354789 4319686
3868614 3298318 2475076 3631001
4497133 704962 1561426 2849133
4023192 1175466 2094715 2283410
1277533 5194923 2402167 3632674
1066534 692773 1711176 2152013
211104 3686725 4408286 4974373
579512 4079944 3852051 4129945
414540 2571518 3513626 4639705
4094218 6721543 4314449 4508385
1982175 751308 1682490 2466486
5425361 198417 385454 4783624
1153310 6957397 3938356 4311862
4206093 3946512 1110627 1285331
1642817 2760505 3220227 4697366
1656631 3772188 2860698 4513460
1687517 92342 2658398 3987290
5560139 779912 4463855 4808707
4365346 6762160 4868280 4959047
299915 4435041 2083224 2231130
2903409 3470440 3644557 4719798
788683 701792 4984836 4989899
3311622 1423303 3639896 4963350
7350217 2166063 3384417 4703354
1297574 2997836 3583096 4280557
940976 4860527 3592187 4718564
6759178 1263811 3794200 4331160
1930632 2025746 4835900 4892154
4282289 623285 2132255 3182301
7229441 879550 472770 4605864
6641574 4311911 4591841 4771604
2125333 2596835 761752 2532935
467071 3344776 686842 3141329
5143301 1224054 2641747 4108557
3538225 1517924 2661645 4808951
280409 2255763 1756683 2537051
1629324 4432378 1461620 3500120
829385 4507850 3099615 4224735
4798127 5158768 4022241 4974760
23532 734106 914030 4705706
3516159 6779677 112579 879701
6765109 409539 3584557 4893590
587504 1289327 1549342 3208169
1471717 261531 3910507 4533932
5277970 4706728 2000247 2359746
2329057 1294032 1251559 4580113
1855324 5005089 4182461 4320544
6648587 2404530 2679994 3434902
4674884 6396415 1415004 3193347
4924640 4317943 4536247 4658512
6962579 4718045 1255785 1478596
5400064 1345967 2866971 3829131
2457900 1033265 4587194 4621910
7524652 8376 1881801 4357799
1116820 6713938 2039918 2792018
6775295 6663749 4270443 4840252
34473 6822744 1015453 3661818
3427791 6598369 1414430 4337714
6857617 1711836 923601 1702944
5131961 7020932 846774 4704814
6502061 621337 4187681 4225847
4416195 2610130 784057 2919947
2053439 6202364 4935482 4979592
3010327 6898143 3371872 3982748
5541245 3961396 1232997 4081622
2109406 5779145 4142147 4651043
5524396 4617006 1390197 4330014
6322602 3965857 4301339 4812356
4583597 2566657 3815741 4192081
7444519 1268345 1990812 3457670
6209275 677338 3553184 4166633
4019957 3800246 2757129 3776618
2083417 2741594 3892502 3998461
5193819 4639917 267287 2715985
3971646 6612423 4845313 4913533
3356086 1322939 1798437 4888114
3272309 4522330 2713673 4410359
1199707 5470579 3989657 4125835
7082671 62999 4929424 4935819
4005486 919284 4050653 4319233
840398 62248 2837917 3898271
3712954 5475822 2354868 4482264
5416522 2537873 596619 4066617
7197174 2120251 618989 3871815
3084804 6440547 105608 2418389
5812959 1651935 773866 4165603
7245523 6826089 4500059 4856092
229844 415501 3038496 3102468
2024496 846432 1828780 4830943
6534600 772605 4561271 4664747
3432103 6070656 3495536 4434374
652198 5646315 4771796 4844793
4135420 1729618 2118859 4622823
2326714 496320 2583557 4958099
2166080 2993176 3884708 3964899
6120408 4267379 2002326 4232682
3011505 1422486 3223199 3783404
4740113 6290055 872046 1816554
3230413 90901 4909612 4989468
5277873 3740062 3726498 3751199
4450173 6224927 2858443 3686480
1768017 911850 4617631 4889801
914907 3255850 3951396 4716974
7476950 1357834 2954715 3561637
1344537 2046545 2072810 2985514
6257340 3359953 3829053 4709110
861198 1153225 996966 3278916
784703 2407468 3644158 4459261
4898263 1648602 390153 4191131
7005442 5312268 1826448 1971549
627982 238144 4735751 4739273
4001429 204848 2671384 3850133
4101856 3370374 2258123 4124758
2731705 1385846 4525868 4726291
4295953 4360416 3417387 3709501
3414744 7417622 4901984 4905724
3483780 3248102 4379297 4934463
4119404 6256768 1501958 4613053
6048068 2701780 4499951 4984896
114901 6477720 4617902 4787427
4865659 5650861 236276 2371422
4725906 4496660 1958747 4239565
4704371 228662 1795741 4414679
875738 4493423 254013 3519841
1037641 3921727 2161488 2777610
7034454 6956968 1339226 4254463
7270345 1015453 2252150 4645115
5709809 1132061 2721902 4095646
6823422 1397975 3408489 3995832
2717053 7329538 2142566 4127855
6574150 1387425 2728341 4529106
7422588 3825924 2140113 4120035
3756157 5707035 2253014 2827126
1577878 2675691 1464491 3217619
1726029 51879 3171578 4340174
2664248 2910056 4057181 4734885
5099942 2277816 1363671 4309903
4535415 1651822 3719818 4214798
1194277 6754807 4126039 4802792
7107664 1993120 1033325 1702388
5703248 5052465 965745 3601423
4101352 5972387 4295503 4706689
5821590 4958066 2801982 2811673
1816373 2893467 3664618 4333348
3264322 4555921 3091871 3820078
2122937 7230005 2898174 3230076
7417207 123585 2782688 3531591
6246317 4741969 4259565 4706746
5492012 6013415 4160042 4764665
90776 6330303 3016489 3622018
2989373 4217051 2313468 3198849
4075335 7216509 4938541 4951365
3222595 3329521 2884936 3859047
6908495 7417745 3955790 4231283
3978384 4160731 2769672 4588125
1062301 2668905 3830199 4184476
3834572 336826 2498692 2588223
3636575 1820197 422842 711934
222270 6267228 3719872 4626920
4910099 3415063 4910572 4918459
3438794 3165570 3382460 3896934
754455 1173178 4456098 4796444
5511975 5681204 2793950 4745945
4803169 1198624 310743 4227358
1354148 7454455 3317273 4146715
5943663 5975482 2407229 3185123
5993380 1749033 2986412 4284451
748793 2551131 1693022 3572963
1271921 5737138 2771535 3502423
4467151 7502542 2992255 4742288
4515670 572303 690452 4077893
1205637 4100985 367872 4319095
6110407 2099126 667687 4475622
6177375 5440456 2400576 3228171
2162045 3135984 854921 3418382
7009357 6136693 3849293 4840743
1753045 6754794 685681 3236070
5056549 7459069 3004705 3828032
3962307 4481232 1608012 3424493
6246803 3621103 722748 4698532
1038860 2558047 3653704 4704688
6609233 4888025 966827 1017579
5986564 6945189 4182306 4497295
4229727 6591459 4580223 4844098
137878 445997 4371582 4816693
3573437 5584484 1320638 4706677
6900369 3763964 129910 2357790
644923 7199387 3919339 3949579
4745083 845292 4813351 4940283
3227528 1154943 3303776 4374126
2943743 3382967 1196737 4921304
6613301 2723834 4649092 4700402
5203239 7394909 4957102 4963251
6025395 5971669 702424 3535922
5027980 5343430 3791961 3911922
7217874 4956007 4749665 4813468
868663 2223069 2613255 3967102
5055902 3710595 4859428 4976944
822650 7413311 1272041 3376586
4295106 5851034 1635130 3538931
487170 3882841 4083253 4835463
4749884 3826353 2985963 4770460
2273558 1538395 633369 647598
391091 4480378 1550556 3679450
4310904 2048843 3035783 4352374
2285107 1635651 778183 1277103
7420902 2179539 190540 3158087
800366 2168226 4830277 4953176
5514446 4040203 4183844 4979207
6580887 3489293 2659142 4681123
1252861 3551544 2063398 3058302
73459 739122 3533728 3773591
2508076 3943300 1583628 2203737
4675409 816249 4314962 4406101
5503486 390741 1413839 1501049
624886 7299472 1392196 4547801
173193 3360514 2051529 4004811
1282062 5880780 412228 3563690
3219738 2931158 683815 2625133
2964201 4959203 4039676 4859293
6068833 440029 1435062 4685649
5853726 7340376 1281798 2927352
5490138 262522 709617 1659669
1081374 7188325 519584 569104
6939391 6475337 486916 1556396
3233125 7339126 475254 3429574
2401452 3331358 1445033 3139398
786946 5647861 4773577 4933528
4426875 3471294 4669961 4797179
2649575 3910413 2214172 4721056
3302094 1815771 4811699 4919515
4838627 1702928 867726 4884496
4854878 990863 4085170 4281753
5148465 5516202 3331562 3619511
6095884 795464 629859 1247891
6414117 115069 1479191 3557345
4994563 6546982 2988528 4397241
7044916 4854523 612909 4866812
5753384 7158799 2708567 3065075
3817591 3185547 2163847 4001852
1955508 1191081 2780019 4232085
3322284 2072292 940805 2033062
6390320 4742222 4591425 4610028
2512019 868598 348840 461440
4453072 1305498 3093968 3817482
1210112 3174269 2762647 4154304
6485649 3018053 3975092 3976950
4317992 2907065 1932086 3486870
7085068 2323441 4709619 4857062
5263727 6440181 2758093 4348769
516543 2194128 2375007 3376631
6510634 324165 2019457 2322666
4555277 2798640 3909082 4576457
4841753 123506 1335095 1353788
6851975 4870582 1334399 2228521
2404109 6380642 4064439 4937854
4285414 1070185 3082810 4588895
991866 3140839 1865994 4118565
463269 4869759 4040444 4139800
846766 4953571 2238514 3361580
5482853 2965499 4436175 4453381
1743660 6304805 2082133 3343857
6063335 2738761 1965488 4001725
3971826 7149472 1141009 1206728
4572038 2693888 3577396 3770781
5234250 6473462 4222923 4660037
6347066 1840807 122619 661225
4927557 148489 4976558 4982326
1631720 3315336 4290851 4477847
4516426 2267447 3249525 3463079
3547625 4550732 3547271 4126845
1787866 4390233 1106706 4688995
3304188 6192938 360394 3697784
6737997 3251016 257091 740258
5879277 3134925 3007173 4372148
2012895 1102183 4496628 4845181
4179508 5317929 2263408 3437801
3257923 4422173 624783 3659176
7389412 7435433 1409116 3460556
840373 3982739 1859172 4287843
6772217 2415792 1197144 3758546
821365 6112403 3678255 4965804
7322999 5941132 3824111 4603637
3135289 3284202 3213691 4422071
5326097 6124119 1552442 4654437
649723 47096 3361398 3585748
1140116 710735 263936 1801737
5222711 6404397 1552404 3416789
3670591 6504947 1550144 2971633
4107608 3262875 4884907 4902226
6131349 6437940 3877157 4209470
2246031 5343204 4090584 4416921
7469002 5695140 4632239 4869398
4056314 4140514 1609058 3800290
4580729 2344484 4262216 4653762
5763378 2323061 2020375 4277949
5193205 1624293 333423 4563475
72810 6508036 837435 931975
5183208 584979 1092250 4940037
1090950 3148342 3856811 3905439
3406788 1053076 4330855 4379344
4654347 2880814 171576 1950356
2445699 2545574 2922348 3287372
5508086 2438999 1388593 2221230
4120574 3795161 3382269 3615857
4755695 699040 4033536 4628838
1150947 5617965 830380 4302851
4854353 501140 2527688 3585683
229967 7014031 629925 1081328
2942545 7098025 4461074 4991832
585884 839724 1511875 2673632
3564120 5924033 3327857 4899342
4240908 5207273 4165258 4752283
6726410 6059143 3093862 4344091
2398520 673849 3148686 3509457
3762733 4075417 2192579 3878786
6443195 2708901 2010394 3583271
477515 3707449 212902 2735657
5022933 2854434 1753751 3964228
2941451 3062715 4689012 4983652
314247 161154 4128450 4833888
5099941 6363543 1343570 3370079
574778 5240262 1217718 1685770
6719148 5085216 2734472 4107399
236520 5222510 308872 4031507
110660 6247976 1831177 4805082
4807957 4077745 705129 4481168
3926656 5465488 784968 864139
2137970 869372 1222003 1781999
1904407 3271568 3893913 4176328
913025 5028402 1698041 4832076
3100400 359053 736381 1736895
35053 6899765 821648 3068476
3721221 1204322 4031767 4520869
4930930 3319646 2036990 4379145
5212736 1439204 50571 4614943
1548233 59289 2376414 2612104
4863566 4681200 3981110 4583368
6948118 696614 1953692 3552672
3097806 1440789 812046 4559676
7440294 5651430 4770518 4814594
2799837 6218091 2786905 4726898
3020811 5490029 1285703 3795764
1720595 5536539 956512 3041865
6127668 683430 897770 1174697
4454953 2810432 2834715 4434631
7248633 2467411 2540670 4980564
6846214 2010134 992905 1402512
2470721 271810 3995957 4545197
270424 2346862 229869 2448188
3678649 1779149 1795636 3207183
765964 7399279 2219494 3102611
6036612 2212293 2864659 3452956
2982772 2915008 1959404 3704306
3803777 4588819 1679843 2219898
4624382 4102322 1949563 3737487
4017769 2580627 3015244 4957481
1206078 6817006 2049115 4763742
267338 1161941 3748906 4054916
295304 4313987 3872788 4882979
4347548 3017464 4954780 4993455
6893655 6530265 881525 1034489
4812929 5092934 1408122 4611320
4850662 5693810 930847 1045498
6538868 6641136 1346044 2560306
138400 4004903 4609389 4760472
4630136 3507955 4086555 4596880
5655864 3141144 3210240 4341351
4888267 1842590 1983155 2394962
3098902 5745500 2571930 3448937
559528 5287149 889458 1883679
6132271 6497841 4181823 4992911
2672147 4488610 4594461 4903184
5472451 5281073 4982944 4995390
6117514 6525811 594403 4525574
1742349 6238798 3067256 4276976
1759098 5537664 251374 1210208
6779381 7409273 1699593 2963507
1699812 367734 4749026 4916540
1004333 4027009 2176371 3616902
2644097 2956645 4374045 4550545
7415625 2953920 3594030 4651502
3007604 5935437 2693382 3100516
6343463 5224260 543706 3869786
4450066 474151 3305000 4785409
322635 5650942 1741145 3728973
2964857 1745483 2655858 4793238
2021455 2785456 211864 284065
1788290 2875674 4054341 4298832
6777044 2721309 4904734 4976901
6594230 5454578 882658 2040272
4522148 6213129 4513781 4828671
4328659 5234593 2411229 3819113
7465440 3508747 2091555 4031036
4931001 6398073 143576 2258376
4761142 4561352 1849266 2295287
659860 6394700 4108843 4556162
582604 806505 3926322 4448541
6553385 4716050 620680 3521230
835999 3147638 3078976 4620875
7355717 5749279 4404937 4984323
1368987 2708804 3029088 3834623
6031900 4791444 1081396 3223163
1782594 5993818 3244227 4248477
2980403 751692 1785254 1834933
2208890 5798093 1690604 3615363
4701191 6172192 2695698 4122955
7386499 2788680 4118321 4461040
6142832 4462253 3258143 4247282
6272455 3433615 257747 1437736
4885259 6758281 2416996 4091194
921774 1292584 3346707 3866411
834846 6340505 4116743 4712384
2443545 6230881 3435605 3935973
4081701 3507424 4303145 4476647
3022811 3588826 1244313 2335835
1376589 5237721 1077599 4817506
7307900 6160640 210855 614908
7227530 203748 577143 963093
1139207 4567720 2795022 4564030
543924 1533269 49517 986655
7050177 801790 4404558 4911639
3441636 3754905 1442493 1768958
6475975 4103726 1342362 3743296
1638214 510635 3436490 3920205
7147216 4707616 2633643 4130526
678899 7327957 4413363 4653121
638019 306125 3960906 4818816
687243 3554108 3056621 4055480
3204272 3310406 1262592 4766500
2077095 823146 549606 3809365
645394 1930007 1488469 3930915
6511444 3636069 4877492 4929611
4229616 5786765 1841986 2914179
284072 2421134 3839301 4161567
4327119 5832570 96550 3309502
5092698 1747493 2693630 3501463
6342771 917959 194637 342309
4728894 5228932 2315347 2585681
5067161 246053 3001281 3167971
4375000 244492 1787141 2620810
5092685 4388375 2380695 3184725
986406 616304 4350921 4362046
7248062 3789937 592630 3285003
6750570 5771408 4866774 4924758
4094010 6764442 3055097 4563230
1952150 769912 2120400 3220655
1415152 3994926 4841198 4869202
1896626 2253218 3390747 4479605
2051528 6165796 250431 2097675
5494439 7039350 3069237 3993031
3700891 5263665 3593461 4027433
1483861 4523993 4152483 4596719
4367228 217277 4934433 4996396
1601571 7028677 3659287 3700456
3445333 6196092 2157293 4674876
3209428 5072436 1292871 1303494
6721305 5280665 3467126 3943737
3092216 252060 2514109 4998061
6377770 908898 404836 674583
5949349 5337399 3818297 3879027
105728 2923283 4314435 4677717
6909537 1428088 2491956 4230022
1498788 6872335 3298317 3786506
7314646 6879138 2993790 3944449
3209260 5491351 1887609 3316966
4254843 3956850 3314893 4577782
1416666 350972 627552 1197144
3708662 3644831 3373260 3569493
282544 7164726 230437 2557405
2350308 2691780 2652452 2686550
6298708 2390409 4847054 4974556
1176155 975836 2005130 4754970
1844855 3477353 718777 4957595
391189 1263263 1032847 3565915
3441217 887960 1216057 4851009
1994990 2933768 1442294 2460729
6194300 5841103 1286639 3834645
4435333 4915645 2068455 2160658
6048348 5208087 1150937 4132358
4525764 2170684 4676418 4856394
6269550 3129621 2087894 2278175
108925 5378881 586257 829255
5117548 6931590 3984756 4742477
4369395 7213416 3605314 3969142
4929475 6697818 4593263 4826350
4386417 1677197 3131970 3267223
4763405 4091438 4746541 4855856
4518452 3181756 3565597 4078596
7455999 996775 3937787 4299054
1503711 910512 4571343 4850488
4920889 6811700 3703391 4676251
5190764 2717343 3985101 4121068
1476376 7447193 4567359 4818127
1372377 6515633 173726 1723400
288093 6745285 2071355 3021477
563670 3716280 3993063 4036822
6209920 1470841 3569888 4761734
4961871 5850326 1901427 4689657
2172732 3388675 2872798 4983943
6546691 6166107 1584398 2328915
3749186 997619 419774 3311470
1861014 3901387 215818 1755569
1200021 999764 2715692 4764571
2926439 5752636 4027720 4688398
1223252 6544936 411815 4319992
4513944 5460483 3882257 4662827
104816 1472647 4274756 4966287
7497133 2317504 4249192 4825698
3811528 4745881 2879424 4148738
1910991 4340392 653764 4081508
5913922 560439 3648331 3688475
6324897 3087398 1583707 2809213
7309079 3873380 236778 823769
114038 2749142 1613724 2197212
1452150 6161274 3079662 4870256
7331988 4012581 2967657 3261884
3280567 4062642 2025054 2139381
326921 1535942 3894123 4915966
3783859 801811 507459 2245815
2456384 6891560 273948 2968213
2529024 4597826 1938833 4001827
5530944 7350983 246228 1701685
2597034 4013105 1877969 3140996
5692718 3391244 1552021 4162899
5345721 216538 1358845 4137054
5998965 2809199 2105242 4453370
5489690 4046558 3229584 4694640
5363616 2790478 446236 4763922
6029323 480816 292522 1275898
5447286 3398304 3258848 3306137
7511394 4409932 2705104 4234144
407336 5796146 3624527 4208938
7338987 5418456 1095437 1794282
6471214 3731644 4767550 4954280
2406194 1910230 4904685 4912121
6497122 5782413 4567084 4674672
6570536 5321356 2344767 2937094
1210870 2600618 246423 1235173
1140391 4906081 754884 2960752
1470740 6903190 3047156 3622255
1935502 3108663 1343906 2587283
5710388 4046552 3672340 3752838
6089758 4933785 771494 2053955
5312075 703286 4255143 4613570
558158 6004199 3292390 3632442
6715429 2159558 21094 4600555
5402571 5933433 2758825 3206294
4949867 1008032 4024651 4931204
1190497 2048836 2740739 3966293
2118786 786558 3940654 4261939
725217 732085 2787534 3553943
6375466 2876524 17971 3684221
2605344 2804019 2809133 3732512
869442 1487505 3316401 3953176
1394166 3175779 817338 4188682
2141187 6100653 1572147 3488727
2911964 1875623 1617327 4327655
4797204 5195606 327760 1938648
7282100 5885649 857012 4296981
6829915 6704692 17515 4772366
4786552 6143954 1686927 1971337
2107723 3678488 3456759 4499042
4717474 3988867 1715127 2413019
4545156 5317740 4391632 4994360
6262646 2978323 4825727 4912598
6493519 5728211 2170558 4784080
5573390 1473352 2763792 3248013
6451676 1383808 3618530 4771386
7232383 5007516 3666044 3865758
6567065 7308788 2293478 3307640
6493923 3329510 487138 521384
6691681 2100463 922466 3523633
4550606 2381972 2759942 3565820
4954489 3487357 1608225 3812189
3796664 5824765 1711325 4001997
2689857 7444838 3481084 4775555
133362 708448 3652286 4994536
678726 4841608 2921433 3824883
2010184 895260 300639 550466
7338713 5411894 3963153 4945252
1348641 7366296 4882198 4988252
2351385 5647770 1982540 3308768
3236376 3746293 2583162 4387135
1091459 2240636 3917084 4627389
2515874 6576375 354882 1127733
7073031 5517920 3035973 3919223
1748765 5130019 2645578 4655640
4515719 2085265 3663191 4097963
5039238 5126703 2675609 2744842
4152957 6144463 1751467 4071600
2219860 4697711 3267616 3965317
4963812 7502364 2343038 4154418
5345736 705794 2083080 3433601
4657357 5824174 837343 1202947
1818710 1380123 3177339 3432081
256437 2613124 601903 4891587
4981764 4030779 4869705 4909969
160702 3545286 2818735 3848739
2975974 206282 4242960 4573097
7005064 1760557 920235 3660134
3988221 4307391 3148925 4322484
5891053 4332551 1040416 3889176
3450991 5356496 2921444 4602322
6616095 5125582 1573935 4450384
5131505 3979369 3961470 4380436
5447183 1999722 3640958 4513427
899713 2840454 4741828 4921361
3259304 2964193 1233515 1692676
3594027 7215231 2357560 4756133
5723346 5941476 2476034 4765735
1100049 4063141 3293662 3537543
3351326 7460645 4697537 4911492
5576446 2975317 2356995 4839116
664452 5816005 3550380 4970390
3294016 5016884 150047 545557
4527901 2677451 2549948 3102680
4890649 6405317 474323 4351503
5362549 1782013 2004651 2130248
3878945 2013018 2219632 3022794
7419108 6926544 3610226 4097872
2979216 6316147 1226176 2424342
6242522 5326062 288048 887210
7393487 6336926 367233 984919
1804279 1430882 2032012 3828641
1910962 7245847 4881144 4892914
376513 4072408 4281462 4528229
7057612 235151 3921766 4255006
4387006 699100 4597256 4714175
1143570 5265960 2840590 3937961
3532005 4698844 3385742 4150006
4896211 5580920 1042501 2287158
3157301 558351 1571805 4418522
5034535 4977838 1100279 4453983
1105562 4585102 1742965 4682403
2797067 6993140 616589 2409436
6717619 4825600 2171153 3080886
3327666 5523470 3620633 4447622
7311978 4309025 756642 4059494
6556175 5997328 4463530 4799625
1662433 3123044 2219612 3984340
5288755 5562321 3497636 3816924
3228077 5135543 2675423 3424735
7342463 7113354 4227422 4720928
845065 682317 3865864 3923077
454181 3770216 3196791 4926215
6332437 716723 2893878 3261161
6742780 5902398 1772938 2629474
5771184 5644703 3351757 3912374
4407474 2268792 806098 2672592
953074 6649487 274231 4239787
3690589 4048373 445484 4654329
663914 3431490 2228304 4072885
592052 3549421 2697988 3049802
449594 5189406 2212024 4443837
5774036 3034469 4612085 4919093
1091905 6460197 4172432 4889173
2464097 3756996 1560620 4759965
324691 4075123 2110528 4315642
4318021 2726393 1541023 4539970
2039385 3666579 384553 2976284
1425193 5620373 3134632 4613918
4951571 2235583 3681303 4247931
5072218 5021513 1319511 4146298
7005280 6142156 3826904 4797275
2484895 4608708 754043 1329864
5037099 4544609 1510176 2841889
3418797 3493220 4964277 4997499
1106884 1299387 2389386 4385909
1393967 6361825 2716217 4504464
5075399 3782572 180244 2528965
1253157 4696227 3980702 4005048
4368273 7489114 4985341 4993406
5209294 5103324 100630 4851086
5668438 2527979 4523564 4774360
2252557 5382563 3649167 3965325
7323802 6895294 2015049 4861430
123354 2482236 1141095 3233802
7525117 4846874 1256495 3984278
6314298 5226734 1023676 2759734
6717859 6035737 6654 106459
4467100 3485084 892014 4233096
5722008 2968129 3412564 4289559
5702099 6178441 2605394 4445124
5295734 412037 4714430 4876564
4643480 5732507 4757852 4895768
3075349 5466723 2984156 4971950
3212066 2010245 4152812 4951980
2201904 705081 3821607 4797709
7454958 659176 1796403 3215712
3950786 2556359 2303518 4623819
2712763 3839746 4583322 4830311
1282539 1609376 4085022 4355676
5328843 4433189 3890517 4176714
3334940 7125348 889081 2675613
1003628 7420652 1106713 1550720
809526 727960 442097 627592
6146386 223873 3609253 4166406
5191200 4857711 4121968 4664377
2798505 4065185 2612145 3656240
5675520 6144020 4702518 4867044
3432419 545405 2001250 3571067
4143201 5549356 4799123 4954387
2801609 2289437 602504 2673831
4957301 5799273 3129278 3387370
6703689 3281481 666922 884507
2998513 5169205 2787876 4591503
2429226 3871868 1979461 2969380
151359 4420771 1816760 3920786
457147 4877726 4515286 4709311
253015 2015121 1031732 4750629
4568507 3352881 2829786 4976856
2796500 2391311 123782 4910619
717396 4883325 2158579 2516241
3126845 4919792 971045 3558446
6860816 4857554 1945716 4931573
1843613 4695633 3018068 3060415
4296765 1978274 432605 4409942
1967475 7020098 254645 2530841
5702962 6466058 334404 3694115
6845957 4413451 2952144 4973058
7269319 2993855 2296544 4611083
1078157 577128 3920038 3964552
4033896 689093 2183580 3134768
3807711 5510900 4623350 4637940
5167218 4561280 2849959 4490750
6846914 970525 864502 3661255
7419269 5376707 3658186 4036215
4311033 6643714 4101839 4434661
796058 7471463 3070970 4782057
6506133 1745840 2403449 3635305
6042172 4984487 599083 600160
7092985 958226 2200517 4219354
948001 2195552 382332 500957
4490525 1334798 258986 1627870
989807 4786240 1007213 3282966
2365576 6234838 4800758 4888039
6444520 1440302 1228767 4921394
1550176 1463288 2325560 2634364
3013613 1987123 1154288 2458179
920089 2721313 4677634 4876185
749838 5472551 2628003 2836558
7247465 91381 4726874 4854986
6794065 375463 89903 4912099
2371690 5786123 4610163 4619979
2030217 6316136 2176026 4045647
6950321 1936584 3759547 4331409
1918140 2898870 1480503 1761647
6115902 964242 4999163 4999806
2919850 2180001 166473 2472693
4524032 7313093 724735 2706414
5377610 5272626 2135427 2228465
1506346 4192550 3985863 4381037
1095344 1591190 3836145 4302269
5362040 7129316 902614 3747852
7255396 5234309 3599396 4532059
2709272 3340876 1288322 3163086
2873835 807022 4149849 4803164
6664132 4475377 4681607 4704822
4828215 4832951 3060938 3570532
685657 3723845 4281900 4540777
6934346 924643 1422103 4568330
996200 5870713 3650322 4955690
346860 4033367 4061263 4307364
3228569 7269429 3620626 4321151
4458883 4390521 4554766 4699710
4060375 6729165 3437584 4054456
1695486 4357060 843674 1136970
5511930 4681084 2973008 4949022
1797871 386076 651079 1624354
3146647 3187857 467538 2415518
6213375 664916 692204 2172740
669549 4238796 4319674 4799375
1274334 2869945 1710953 3628439
2623643 4165524 1694047 2908676
5712852 6681528 813154 1047544
4901066 2315778 3414087 4213592
6279871 2622824 4669164 4711655
7143129 4769329 777709 4908140
3311066 6721438 1858092 3647420
516128 2540611 3463151 4664067
7422136 4245393 1666114 4596255
4217449 4059756 2487208 3270386
1099698 5056 2447141 3604555
2387256 1620781 1117081 4283782
7493457 3109632 1187616 3086193
5189341 4033517 3042952 4314053
4511357 691479 3936014 4607232
613346 7104522 609687 3355562
4106508 6310737 3086309 4233784
3390693 3052116 3706975 4061824
1463082 6262659 917342 4264059
2262995 2234553 2178572 2693764
3523067 4538790 1727633 2417990
5685606 6451084 3460637 4211173
3802831 118389 906394 3168799
792793 4869298 3076871 4198784
3880257 4509974 3020876 3849031
3924398 6722381 3551985 3790004
7049176 7433821 563704 2753962
5813551 1593983 2272553 3817478
1900718 5107397 652196 2020435
6736 587895 2217299 2514490
6477232 2946778 4599897 4608585
5224686 5963241 2183024 2239780
2587239 5298465 732926 1182523
3190444 1024671 3317733 3521962
6860634 4770094 3546809 4972018
2229216 6095594 329021 4973824
6214073 4869409 4938886 4971327
2076997 7296168 68937 1490912
3188790 5117141 3313943 3345117
6301893 6699186 520247 4205833
4688576 5224352 2438158 4471499
1073487 1167030 3848320 4718466
675930 2044756 2187555 4532134
5347611 7277075 4980916 4980918
6660937 7499341 2958450 4491858
5444034 177031 352182 3875320
4344226 780369 357635 1015164
1558739 2063313 2356334 3416670
5054383 832805 4998598 4998651
2068530 5968999 362251 1715186
5806387 3219898 1221062 3703540
1152564 6554802 2961005 3490378
4067012 475421 4072439 4151568
6372372 3264060 1698829 4809658
5809072 3963407 2040343 4014699
6062838 3566328 4788138 4827780
5681575 2573745 2727305 3707618
3822548 788895 1057786 3492509
4560537 2572743 3250885 3511946
4090074 1042145 763205 1956017
1402098 568968 4869074 4956449
4973531 6946477 3813012 4499685
6928385 4248802 4089783 4457596
7228155 3152453 805895 4601631
5271922 7068287 4420472 4735622
5226357 3478813 2871302 3007841
4257411 1243729 2055625 3116163
4553873 1005392 961791 1363022
5386055 3307116 4045218 4980811
2999557 2809398 1022969 2816333
7236001 4647989 2444085 2494679
5707024 5009107 843003 2727594
6291548 5956978 2472751 3477516
2607972 3849756 3735478 4126571
3915612 2344800 3986572 4081293
667254 2986969 4052311 4636129
3390947 6890152 3435846 3793611
6951123 3221724 4955958 4961456
779035 1207616 4406278 4962846
454943 2503009 970111 2124366
505710 6535629 1299961 4703696
5053833 3796599 3321273 4035040
1692018 4626023 3552984 4379599
6384705 4001576 2914707 3704541
427232 6231780 4315362 4555545
577366 760268 2466592 4980132
2730845 6796903 448340 3337508
5719326 3311466 70554 2434414
6766388 900553 3612342 4982915
7397178 3966216 2209902 4690823
3325391 665080 3692904 4732779
4596790 3606736 4428305 4559459
3338537 6069200 2186096 3192425
1326215 6194783 782681 2542904
2634506 6808595 4579236 4848976
6340670 5677956 1016922 3125244
7232148 6227530 3578744 4308258
5868379 4350983 3965985 4128804
3882792 3762566 2234840 3015677
892640 3179686 4586586 4786021
5665604 6587293 146798 2646585
2212176 1760637 1645960 3912155
680590 315498 1623752 3793007
686638 2999323 2054069 3120896
5792273 5242534 2613073 3037041
2584984 129698 489169 4023734
7169171 3022047 255118 3360823
6675326 4036178 3829861 4618877
2571323 985766 1168573 4681683
5013453 4847608 999742 1331136
1709707 263948 4473507 4857931
6868100 5361398 2511004 3819322
6367337 5310985 2926564 4598869
1963923 3425321 1751874 2704784
3030627 4229361 3260627 4169991
792296 4773598 1309770 4104102
2363068 2746744 3002645 3365347
6703724 2541749 2781004 4411584
294664 2338117 2399867 2953556
1488811 5895618 153123 4761110
6757869 7331092 2087612 2722230
173338 2440814 1565283 4277636
4458142 4316850 3200947 3415774
654140 2264048 2295144 4667537
3233019 3753842 2783206 4443786
7293033 778147 1972655 2754190
3351893 220611 1122935 4788819
6765197 518166 3598990 4800245
4228267 3276772 4611673 4920075
4185051 3519624 2306408 4787144
5354182 4535255 2113948 4868064
7097381 2269214 1839545 3631374
2564135 6683686 3695137 4160118
3932846 2159856 3364604 3828898
4878440 2878678 39253 4859629
6734252 421476 4852174 4896033
7206383 1670892 1435062 1703245
4894577 7368002 3871623 4586202
1191502 6388583 60996 2604719
2741784 5457798 4125292 4313370
6218114 5183665 1752650 1972266
5382992 4822717 3961202 4669493
6796969 5840366 2873345 3937131
413272 4696426 3142597 4550718
828835 5381063 83276 3267500
372271 6524934 3709224 4822251
679469 3914885 1929259 2427341
1203162 6135820 2640075 3823169
2660099 3105541 3182076 4628706
2536596 2398107 2544265 2625901
6867165 967059 871208 4384970
4646912 4148840 92770 887905
4998890 545651 236355 4887787
2670317 3830466 328593 3813370
7091789 1285784 3003890 4773037
5091549 5280968 1691533 2837765
6820241 5163581 4805126 4896622
6510355 306342 1182991 1656060
4266980 3372877 3549071 3637328
2915613 4804684 4706538 4856575
2247424 7527215 4127904 4679765
2625514 979751 3914361 4386103
3477621 4883494 4597908 4921391
2214010 1681098 4532851 4806588
5966403 6722811 1863247 3283744
6184850 6130281 3468277 4910442
3768418 4980288 4633965 4684641
2146168 4979755 4637756 4847514
907262 1834725 4477172 4504715
1228699 2110537 2458105 3327315
1660736 3349348 1492927 4893968
3364100 2971978 1323062 4742084
5948164 2422524 4702665 4997534
418174 2342708 4277220 4400359
1677800 1187251 3486974 4269370
213743 1732870 1341950 2063058
4755916 3082753 1869170 1923583
969349 1677971 4201199 4565199
3027944 3569701 1271606 1318797
7290107 4587223 4467476 4902038
1071269 5651530 4420975 4581773
3754498 3893098 4814512 4948293
4254782 3428964 2262713 2999543
7316439 5400951 442125 1775739
5420991 3673409 4835261 4956031
6279880 5426324 2091791 3836721
1141185 1925542 1066535 1419041
2927520 6651174 3449701 3598560
579020 6099944 935057 3169890
2163020 1551027 3136024 3233936
6139074 1924094 3666966 3916943
4491795 1664590 4292086 4420411
2768772 6822446 2475167 2784039
6745533 3841579 1741001 2943354
5588729 5468948 1764486 2673028
7360819 3165384 4961420 4974856
85895 1877671 4086350 4143273
796312 5465867 3964189 4632836
484624 4398374 2977892 3618456
2416261 1094338 3513588 4688561
3878524 4120913 3652930 4959603
3684438 4075031 3059993 3708677
2872373 5539024 1377932 2974512
1941599 5399510 4981479 4985721
6740234 1311399 4604124 4659207
4076141 4056074 1444388 2069416
428266 663547 568351 927065
3983609 2299389 4228387 4883184
5246895 4426490 1070305 3656944
6765120 6987952 3876310 4125806
3836432 2831032 4121931 4848620
3668045 4169977 4796787 4812300
3451439 6481388 426179 4287985
2497548 5335584 4448991 4735036
5376935 1280074 4914488 4923369
5846267 5073901 277124 2129653
5043695 327973 500822 1219238
372179 1429410 4651577 4826699
6351848 2096331 366303 1365635
1420224 3145254 3691267 4048928
6532595 551285 4717481 4740437
961766 5436274 2302002 4356507
6119963 1033346 4916590 4964460
2765308 924392 989115 4411910
3105668 3772417 3988616 4866765
5996715 1769536 3393713 3631458
3727607 1272946 1576250 1793093
6336505 2365098 4263386 4787073
5508956 3994276 1709531 2975318
4422441 1289666 1836424 4531039
5691557 5045283 3028051 4010091
483183 3730397 906102 4092999
5371809 6311176 4463249 4911678
4000257 3668869 933880 3933080
5248350 971394 4801338 4856927
3302162 7342866 1121042 3673649
4292328 6028985 834007 1816276
2057000 6693129 813591 3504196
5595863 7332513 3976806 4938395
3564037 4731321 1914832 2401660
3859445 3224081 2626345 3610488
6704639 6449238 1162447 3120045
4895533 707299 3871142 4264343
980721 2945918 4296800 4636548
670102 528164 2408609 3859785
7053490 1864374 2467138 3914585
7480298 3814783 564361 2845727
3883370 5065900 1847098 4470295
3923834 4412617 1174505 1750500
1650026 1331329 3452130 3880562
6464015 6712122 3294990 3746032
1610952 2442624 2325930 3267902
3362446 6427444 882653 1776468
5629886 1207815 4452315 4594585
799932 1664239 1677364 4735281
1779025 6908124 4491259 4700936
82244 2872223 4849417 4868299
2184829 2991673 3976508 4956778
6511913 2703943 3440144 3723066
5384331 4969264 1643025 4788450
4616685 4354442 1675801 2327001
1591163 1526783 2573487 4657499
4759665 1912577 1198857 2706758
6353246 7318002 1387925 3142368
2704167 1267783 2993198 3729507
803227 1778300 3582436 4956013
4288010 1613077 104734 106426
2755179 5376971 710754 2682361
5902158 3683861 882220 3006291
2678770 3353765 769542 4693222
394990 6477289 1171559 2929015
271553 5125174 2993431 3060950
5452209 6518218 1114937 1957290
4746233 7233714 3717016 3760993
1241289 2369284 4639167 4934164
911146 1577500 2994257 3506331
6444693 3399005 637039 3111016
3476837 1443319 4905216 4947049
1727059 1344481 977386 3568334
2018684 6456583 2976996 4982511
3056451 6998098 1442240 4546420
3688547 3586157 252120 1735260
1694794 7386980 1374300 3635753
5750901 3397312 2000485 3031925
1905526 6140921 1589555 2241061
5944206 5691996 868207 3516098
5212698 6987069 823342 4408062
530401 447899 811541 2776320
2226038 7369690 4895664 4988360
6410833 5521161 2706053 2830260
2737101 3034579 136605 2263879
1453814 3607649 3464400 4497183
4916978 3390430 757349 2672301
1162381 1924569 3183448 3603202
2324832 2563726 4945981 4982349
3581542 1914155 1135171 3968810
7297723 3639143 3755143 4000312
180261 5743376 4787713 4930546
1517304 2789286 567507 1577191
6561922 236609 626652 1583015
4709411 6931288 1154709 1729619
6862672 1262010 3687552 4300247
147070 5216204 3618527 4150951
2318720 2845247 4548878 4611710
1302698 1594504 1091719 4336647
652674 1801258 472609 948622
1893552 5584219 4409723 4771763
677936 6730189 3168399 3471793
6163990 1770184 4413106 4433754
366928 3911126 3267504 4773425
2654562 3542032 4883350 4952735
4263691 2720640 4487583 4659278
122704 5168926 1780500 4291464
1818709 2611853 1187412 2563776
2594248 5206050 2018160 2351894
5104820 3567515 4252149 4252741
3448118 1130149 1525930 2390929
7117670 937334 2003117 2990974
328800 1051197 2713728 4842339
2576046 4541735 3233443 3863318
1983152 3023850 4683551 4937625
1033579 1931222 3083327 3164469
6316385 5877789 3909807 4097027
1546700 6959985 1811031 3362882
4672778 7228522 3218614 3245403
95781 5165274 178520 1134886
1149478 7177865 1543732 3228828
1651700 4592008 4434735 4608285
6542342 1489933 4904683 4937601
5015409 1445314 2442269 2980734
116313 6847412 1746904 3754182
3827824 1937538 4942999 4958191
6423727 7452919 2864514 3001129
5922872 138643 2678213 4102915
4836738 384471 512784 2009220
1307376 5518455 2393985 4726431
2030553 1650480 1127513 3146750
7310033 2574743 673973 3660895
2709642 3535737 3952782 4475951
3882562 808294 977580 2532336
716023 4227431 3128912 4882480
5969317 4171740 320448 3727911
1541009 5564158 386078 3501692
5831920 1662136 4988721 4992225
3505041 1966969 218615 912531
1978827 2265694 331585 1940236
269431 4910250 4242834 4521356
1147780 7144672 1755604 2321359
1742822 4502410 1151950 2014012
2941384 2099726 2106120 4372952
3768811 7278579 4411730 4900790
396676 6612916 676962 883148
3440457 2266978 3443409 4070906
2246354 4037710 449805 3238297
445026 3057991 3662732 4547258
2041606 3442612 3564892 4322751
7441595 7480272 4348268 4757794
982232 2114328 1739224 4517603
7024122 3335135 202822 4164219
6664958 6440217 286139 4775117
1914388 859911 3416265 3902542
7288474 5485463 3476587 3645765
5906376 4276534 3373346 3546909
71022 3291556 4579158 4722847
2367608 3112212 2984152 3946228
6383134 4511118 3900194 4748660
3217395 5908745 1028484 2970545
6009677 4774804 2070503 2818656
2821403 4773823 4367270 4765109
6666951 6530914 4258065 4587991
5242013 709191 1338651 1356304
3221716 6313389 2712624 4075151
7023615 4028423 1527776 3009105
5611046 3279469 898757 3642099
2353305 4978897 2132127 4408359
5026617 1881798 391355 2864358
4191494 1261722 2154567 4415148
2491141 1501192 3884678 4723725
6401145 188218 4620183 4866375
1545733 1031593 4282230 4986714
7149412 16492 117181 1451171
1625792 7303430 882464 3240079
2703000 1923539 3322794 4382102
3086918 6331128 2757107 3426607
349031 520533 986461 1844109
1003330 2164501 4325309 4987525
1234063 917681 4819779 4948230
6202237 416763 1024935 4698560
6231793 1328008 2966220 3098544
7445909 4211431 4752929 4877748
1263005 5379056 2518141 2705507
6242293 3650973 1753320 4695486
4395079 5629776 3914252 4423282
1064238 2392117 2666745 4906028
6475082 1623614 4253922 4280403
449862 4321560 4225739 4302709
3150214 7832 1435842 1595284
2143421 924097 2213497 2976772
2221188 4233447 4037091 4350464
5013621 4246233 2862044 3144506
5597609 4441816 4052174 4354541
602185 2948687 2003415 2802679
2054110 1093941 2313983 3292965
269404 4648413 807247 1666885
5131140 3282510 898015 2813777
1332478 676138 396663 4925267
5471837 7165350 4632925 4934465
6672443 1134164 1053944 3707007
5858655 2706383 2669671 4522729
6230163 6442970 3162271 3598026
4481752 4828009 3816079 4772338
3943545 4849051 727132 1954176
290685 2267711 1009203 3473146
4229451 7529411 463883 3793606
208090 5731059 4680509 4978038
1783082 4816837 1084213 1644562
2283031 2676126 1420499 2882526
1986730 205997 27772 4600568
4712662 6989174 3060984 3146678
7085011 7482756 3868599 4290837
4571779 5734819 3578938 4069124
2135299 4888454 2972390 3754843
965532 1843937 3291137 4562692
3225746 1946996 126059 3347191
3419124 7333444 3219278 4762212
6096026 3118257 337085 2097290
2620127 3392029 4239537 4289147
550994 5744566 2440044 4886621
5645768 6579800 845909 4841390
3849797 1659751 2034115 2956513
1138628 7265747 4924401 4980139
125028 2032473 2150059 4330525
4289148 3921837 2790091 3687266
7046365 155582 180780 2474783
2254606 5145855 3493457 3713500
3417425 5180470 2355992 2879920
7041190 5508183 45776 4720386
1832014 7289220 1324798 3101234
3958402 5577345 4231014 4740557
6781694 341820 2845798 4646256
3762432 2412910 83055 2683685
1876281 3429313 1145596 4424898
7441571 7428753 4509511 4711512
4731648 6238563 1830810 3815764
3744629 2615196 4268566 4762124
2665690 6017338 655183 3861578
5544064 204370 3131227 3382409
1503715 2901190 1591545 4889281
3022690 7348862 2539429 4929643
3974965 4146875 3724649 4769975
7118989 7348474 4603222 4966496
6171885 3908551 225701 541909
6122737 6680014 2803774 4067261
2888547 393782 4040889 4523776
7425599 5600636 850351 3728227
6952270 1525424 1774198 4186435
3896646 4172850 2020639 4821546
776904 7272637 651490 4319941
7340878 7448077 2064136 3149992
328124 1763998 2822399 3880483
2774507 6627809 1488327 4382499
4738476 6467965 1888167 4753768
2730771 6766894 4021284 4799959
4192248 1355830 4326902 4507775
4085982 2985612 1418842 3420378
3831279 2613187 1976060 3001523
2777960 4483404 267879 1177526
3865879 5916011 3946041 4943231
1319119 4549154 4060358 4546324
4453837 2795983 3338890 3578930
1853115 137641 1840223 4332279
4181466 3213910 4321159 4348974
1842414 5504143 20454 2981633
1708982 5522469 4473515 4608625
2230548 4680061 3103100 4766746
1081661 4667062 4514092 4842136
504946 5277702 1446723 2431498
4104529 4590602 1652327 3571630
7016441 1577435 3215190 3323235
580261 2005642 266510 3253989
5833792 4642903 424772 1416573
6501604 4874274 4809404 4913528
4891656 4529478 2101733 4707567
379924 3542008 1642096 4919428
5133482 1321441 2382206 2985695
7260416 12125 4587299 4816741
6432403 5448162 4883363 4914199
484339 2021030 521173 1950084
4203822 2093459 1980560 3261049
7273753 6933933 4019041 4921641
566891 4113151 2100331 4430087
