1600
2700810 4642666 2085392 2541605
920110 1809236 3918517 4634834
1403793 3120495 103297 1620419
1362272 1573175 2572649 3591562
82537 89883 2789973 4646678
423986 1894371 1371000 3537281
355281 4010551 4162807 4252821
1260578 480593 1794447 3622008
33083 3740147 507216 4601913
887317 4639377 2443028 4436209
4572123 2247945 1508350 2477653
1778929 2100370 2902006 4065149
2689162 4000474 2174943 4172162
3870735 1351556 4541727 4836369
477640 2708824 2858416 3055959
243487 935509 1552708 2125918
1709922 4391828 3419137 3813408
2894651 1528628 776205 2421399
2973031 738105 841778 3112507
2627532 3074922 3668864 3698872
2367817 3331301 1374843 3995377
1434355 809527 1110221 2303919
4523910 1193082 2083605 4126485
271787 174699 4700199 4850258
1646616 2692731 3317379 3609110
3187396 3539389 169661 3276287
3803136 210263 3881669 4451415
2169 70761 1143895 2641245
1550981 3958118 477544 2684257
4393141 2530683 2910256 3704490
1395222 581530 4267657 4905395
2565956 3687838 4860090 4984060
2827319 3961926 4807203 4871012
1954258 3464926 853008 2416197
1324587 2721554 451364 1110202
487257 1255697 3588382 3887465
2747408 3121644 331894 1103335
1209885 1307156 4577050 4708300
1078464 2192740 1285729 3391128
2868458 3016146 3643016 4885104
2129630 4547217 1978240 4755564
780054 890913 3263409 3832759
1595012 3045688 2775539 3962190
1488807 2074465 2397351 2886149
2581809 1829427 1874465 1947005
4131980 3417816 1369123 2932241
2449816 4300911 2799683 3176103
4800006 2055313 437096 4628686
1444341 342771 758950 3428894
2287750 2636719 1013303 3704005
3342285 178127 509131 728215
1614318 4435627 2837462 4914309
1766289 2283423 3491379 4957347
4815429 4555466 1259891 1271242
3712992 2017581 1269940 3612516
2097268 4094287 267823 3143035
2811695 2235127 1974434 3246736
2113148 752636 510168 1318676
1972556 2353161 2074440 3441477
1977059 4196040 1110533 2089839
4471610 4098088 1839968 2380085
752703 3063752 1478908 2748938
3570726 700317 2411231 3503309
4295059 1828792 744720 4415448
4145037 4629404 2626442 2669105
780481 3294020 4710905 4831049
965107 505283 1885487 3345620
35439 881039 1819726 2647687
906538 1797797 2617669 4785076
1234322 3126733 1456983 3296256
319578 1122276 4627455 4874368
4554641 518694 972983 1021965
3006256 2925431 1263535 2305631
2468827 3491946 2262505 2593809
2842281 1350750 384774 1289315
2599762 2512060 796086 4782929
3703250 4577517 1321701 3183742
3807314 215723 1880353 4215772
2791060 269734 3597112 4024459
2799395 2373697 1503768 4121836
2192043 257154 4646062 4758520
2350562 2369895 1670696 4426612
1723937 873523 782920 785174
1101270 1717887 1351453 2286674
629707 2298714 854491 2044142
2243003 2078065 2372911 4583212
4242192 3403196 2791117 3862072
1469049 2581067 1539823 4555724
710162 4587593 49098 1544994
79541 1664086 4132680 4204525
2681388 3057748 44768 2064140
2961317 4758212 4250563 4554184
1738822 2545867 4155705 4604797
3836178 2108890 2819533 4445517
24647 3761788 2842951 4019346
4792799 4578955 1542572 4379981
3373647 157700 2560503 4264449
4373431 1870770 3125925 3843784
415496 4419743 2242909 3502925
1105700 85908 3122138 3937224
2308743 1353301 1557663 3589160
53162 4497129 2384911 4660290
3363401 3762627 1178440 4021352
4302455 780449 4689460 4747732
1004780 550781 2831662 4109214
4070976 3939211 3798339 4376877
3728374 4141395 4205912 4287280
4224133 436125 3178801 4336739
1502957 718122 2223375 3726680
3198690 4150465 1025323 2680409
3220613 2788822 2181312 2921140
4643631 3181499 4975869 4982735
41594 3404556 3819920 3947178
4772949 3339926 3846332 4437403
219313 188209 3436763 4965213
1323183 2583336 3637761 4313132
3247058 3881474 1008939 1690536
4740123 4753768 1499894 2415102
296585 1305035 3635893 4640701
1647266 113102 2470943 3755317
3606462 4382527 2664030 3943951
4627067 833666 3147101 4045407
3310296 2507160 4821896 4928152
2313429 1282326 2138220 4919005
3064068 1253973 10805 2702883
133040 2587543 2048735 2717983
3104084 1806066 3179756 4192536
834286 4271560 970552 4917363
1810210 4146246 2551543 4286018
3894606 1611989 1603316 4370621
3022677 1867509 3971367 4213471
2639930 1019359 367420 3714737
1492447 4184284 1713602 2387866
3601359 2446519 854351 3719877
2772625 1359016 1890864 2444465
3145860 2217880 340192 4958122
1010783 3933606 2758875 3933859
1843740 883030 317605 4552042
1108739 1824131 4628554 4972521
3956904 3973582 4395242 4629948
2441288 1860259 1614855 2733012
1516087 708176 3952551 4593238
3320965 3487508 1058421 3206669
3438781 2416731 2676471 3036097
2641859 4229681 2208520 4181929
928309 48817 3761224 4178379
1245869 313128 2586498 3698711
1092291 2602805 218780 922296
2807629 242473 250733 772782
350056 3500435 880263 1466414
1495621 3416058 898574 1960528
4050763 129707 129747 3803123
2320186 3134553 3098345 3768972
2092026 2198487 2961547 3896797
1106358 75354 4474107 4942112
4034088 1193150 118628 3156231
845416 2289893 4106543 4225750
1152373 3084022 1956953 2038740
1034497 3496181 4537196 4826335
1100054 3323842 1201130 3973368
3270808 2069935 3345807 4096239
3017580 4348084 2725900 3036089
4587672 1092015 638709 685793
2237661 370933 71565 537232
3210036 337850 2940746 3827832
1123662 528986 2041532 3975724
3988173 362095 702624 3288507
3204117 1233095 2708426 4536538
1184333 3372094 2592712 3569653
3562957 3006208 4311606 4722334
2557209 169748 2135579 4715755
2144638 3609295 1370742 4242104
4618574 4569337 2523078 4177657
2947042 4109206 4261668 4950435
3335205 4425879 2085 2811340
4217700 2353399 330418 547645
3152267 3242730 3695707 4828684
3073183 76645 891086 2795985
1302614 1528147 248283 784521
1678401 863852 3792886 4350670
3946258 923871 3267072 3615060
1835218 2889377 4160360 4457100
1232369 3895686 1765104 4176701
1830400 2104320 1704000 3010653
1908574 1217133 1327138 3523707
2239186 1064105 2478396 2647682
2762232 3488461 197432 317141
2759314 3003391 1923828 4689635
4793569 4688102 3792236 4531900
3061261 2192118 4830612 4946860
2680853 4459118 27598 4131168
2579616 3141095 1189791 3797851
3536682 3699918 1091007 3554213
2389602 2519427 342204 4671189
2894494 1467159 1092657 1467360
3211407 22706 1070550 3252654
2581053 2319039 4418163 4504173
3190193 3280566 97552 456390
1964613 852516 117039 2440659
1282539 416260 94457 3946083
2487936 3608462 1279846 4507787
3437247 1725407 1925549 3009195
1291565 3328611 327692 1301696
726904 3910014 4563756 4568670
3765774 466700 2086150 2212373
193053 186918 2082466 3394722
361095 1631301 4160168 4623817
4739392 4752722 4699226 4791752
906231 2119638 1745741 1789411
1052706 635245 3761522 4124420
2120280 2048439 1246319 1394336
4731645 493421 4354082 4816712
2243518 3197955 4899942 4949009
109634 2100806 1407214 3454885
1826000 3579939 1655655 1775680
4765908 919171 824402 2136007
30750 17570 3902995 4791702
1759566 1763327 4176944 4836493
2890374 2526593 3991792 4693728
529437 2127969 4363613 4986794
715500 3761468 4395037 4403964
781543 3026231 2374724 4349008
4451317 211298 3494528 4726891
2727506 942774 3669526 4273553
731423 1715989 2553815 2880568
3461248 1782890 1441791 4413233
1825227 3258477 414759 2107970
3281932 292684 1707348 3063142
3168893 3867954 246593 883968
4440330 2342495 117427 3897455
4539376 4168872 2360323 3375037
1694296 299631 1977130 3902189
3506542 2457284 1122255 2711043
1650033 513336 1902418 4864719
4228791 4535026 2146779 2249406
3417513 4464041 2642567 4305942
4722210 3144516 3931911 4436564
84313 4353978 3408112 4149062
2748836 4560206 1774505 3008635
855360 2314236 3712027 4322831
4297854 835025 556644 4705563
1396964 3664324 1663585 3769835
4210662 4745134 2026020 4766395
2437615 2404706 2376534 3029942
3174098 2568059 3355330 3442614
1931090 2160950 3782954 3951320
4037707 2459954 3683890 4728179
1928340 4564711 804879 2477399
3703908 3686289 305611 2549000
3489477 2182046 2129306 3258130
4691069 2441257 1479194 1599642
1146701 1477315 4918993 4943743
4638777 609323 3076357 3616427
3853658 3436010 4639983 4951292
473243 4802788 3051521 4615206
597762 3397078 4736807 4997779
349320 35534 362489 1724351
1884700 1933602 499828 1275037
1911945 4263573 975569 4684737
3547175 2954899 3022077 4058296
2149801 3349575 1277813 3922469
1065710 604834 4497723 4559892
1456322 1752254 2471998 4582081
3656072 2798053 1800451 4922431
1923496 1275641 3340225 4133844
692168 3865914 1731153 3399678
2177369 1982246 1547586 3014348
780011 4529563 3918069 4953656
3719083 3521626 2723159 3795856
392234 2333612 3932245 4388047
4580527 2449816 2504110 3771738
3844267 2046216 1462195 2665659
3463262 2708627 3437957 3842516
2176229 3837533 3894075 3930801
1996924 2079326 1144884 2895337
2609476 534329 601155 972753
1760460 1592814 3064874 3462448
3469609 1001872 1809058 3757405
2919132 2387123 23613 4158298
215001 1113987 714911 3723750
1925371 1248862 2180114 2242530
3382686 4237194 2444644 3691741
2763651 637473 2089139 2655975
1108848 3459593 1913840 4935296
3414283 2724909 4996059 4998898
2133102 3689472 2394542 4005829
365931 2292061 4205954 4599559
1725145 1021624 3789171 4671338
3345934 3734143 4744566 4782999
1340133 2638838 3499859 3930535
4190809 3306485 2425431 4273736
1757130 3856980 4451178 4829874
4005590 1535217 55242 2240862
1203952 1971585 2389322 3791125
3792117 4181499 4963718 4973095
2820594 1730423 1007110 2645318
2830427 2586443 2423899 3042533
3914253 1746184 69277 3441332
3896779 1851951 394591 3712987
40617 4639596 3915410 4384150
1586719 295003 3860172 4866492
298166 791950 3307174 3337827
4787128 2162121 938775 4478131
736691 4252715 4399644 4982527
1502427 3327756 4425809 4729708
2225460 1148789 1146721 1588874
365769 402739 1050526 1428935
2731426 1265060 696628 1630650
3473007 4223621 1407524 1580696
3283595 1140197 207836 2976764
1663502 1980031 3127646 4466766
392185 2658498 344063 3161422
2102515 2534158 4095128 4357809
998519 2689601 4398755 4818048
2760419 4596710 3495834 3828940
1771329 2947263 3777035 4526404
1784134 4728056 4649699 4813652
3252356 1003619 3673682 4850818
2068681 778885 4736815 4960406
1062244 2105223 4838979 4861270
3294425 1178485 1470505 2891980
4712735 799535 3869340 4485645
2077191 4693546 687722 2409705
2621117 2455804 2327817 3701925
696574 1306263 3059126 4661539
762967 2369400 4725551 4729668
253299 1883236 1798090 2742504
936038 1556904 638016 2878593
1151354 1542536 3670470 3737381
235508 1242231 492968 3126316
2584784 289332 4504394 4516262
1723921 1314172 4053048 4561202
4084890 2887003 2736917 3867916
1587920 882350 2786434 4815754
4472107 3477274 4181070 4845427
2233409 2554645 389886 4898567
3928133 593731 1866510 2940885
1021889 477369 1014141 4671160
530347 1613437 4417806 4489828
2344317 4469686 4375249 4906431
2876284 3492759 4522793 4742604
477986 597169 4958153 4996089
2020134 1124070 4556606 4585606
698602 2844300 2294730 2501801
3392895 2786929 4691111 4698865
4293664 1466875 3125080 4362241
857665 2503158 722325 1006851
1091041 229325 2997423 3470608
805592 1003025 2989501 3264064
3498353 3683593 2763700 4699429
1401732 457729 4744132 4777300
3498043 1082493 4112321 4451638
2908384 986515 4697325 4799127
2766853 1532180 412653 3028178
4697507 4161369 919414 1305076
1293821 3704789 3683136 4647527
369551 1591672 1113687 4060495
986615 3361564 4474587 4607267
2698231 2912472 606996 1060879
3344182 3700586 2403847 4714785
2619981 2481260 2788599 2956309
1859269 4158572 2255294 4317020
3441154 2938683 359887 1884402
2464850 3417102 103139 4289080
4197500 2771607 2159372 4082907
4377731 914447 3494560 3770941
1238711 2793389 1578977 3805290
3584842 4759526 2431516 3212826
2186693 1687744 4427164 4865984
1867548 4666424 1394330 4481054
4145397 3213545 2097067 4362645
1213319 1181670 1367836 3829928
3058873 858954 606524 4042848
1933286 1942557 4583591 4949589
3701386 2208332 1825704 2075364
2041655 2560824 4082589 4405718
681754 4054027 2477681 4321032
3874333 1498705 1875784 3099676
831508 1652354 2493747 4669648
1768444 453094 3449933 4250562
160328 4649767 681315 4294969
972993 835584 3887935 4049307
4535995 2914581 3543779 3779238
4684726 4002338 3577483 4501148
4442687 3370151 2662068 4159171
163574 3065016 195177 4779346
4400035 1840455 2844759 4952216
1277796 4119089 1332133 4596993
1832073 2401776 1706844 2016257
3544291 240268 4141303 4416979
3861990 2524792 3935238 4965780
3130171 1244609 430365 2581207
4245167 1202996 3169408 4594773
3589650 2037752 4074157 4191851
3734076 2944141 310366 3197544
2003796 2801481 593311 1128311
4820920 1451706 909250 2297006
1216938 3143391 81275 98599
1400926 1459620 782515 4236755
1810495 1881315 1537637 3714447
4115095 1183998 4805532 4929974
531531 4115558 409848 1569214
4578792 3965371 549892 2487003
4401193 1858542 1195352 3088607
3909802 3726751 3052397 4809807
4658547 3417938 752463 3012150
2159628 4241821 2452236 2632702
1070474 2367665 1159420 3594524
290129 1862277 4231408 4810987
1688311 1667648 1027033 2733440
614617 2807064 3201412 4221123
982788 4358254 2461885 3064503
559483 3875530 4135711 4614517
2326136 1212726 3117924 4275380
1716639 2442424 3092938 4600734
3202499 3132664 4300142 4831985
739025 4010708 4774857 4818825
2418378 4542321 3908238 4901573
627946 4251975 4966927 4985561
3719947 2175958 4440993 4761765
3842865 249998 1637161 3331537
2949384 4003553 900160 2257930
1574468 2426667 4459194 4829481
2789544 1994113 73467 4189743
825594 1784994 2638649 4677051
2552275 2035578 3117919 3778227
3482783 227450 3342019 4748291
2901835 3060589 1333432 3681497
3255746 3314192 3879026 4703975
536997 2036457 261444 1448189
4685742 924402 3869849 4570542
1238528 2480181 3757131 4799114
1573741 3060793 3467732 4147103
4103815 585041 40553 953859
4655745 319138 4513318 4727072
440844 4558800 4611225 4976427
501574 4607381 2301804 3586263
3661974 4475009 1804414 3845478
3970898 4769445 4508842 4918480
516580 1004931 2507164 3814408
3643833 3009974 1312333 4102746
2227770 1920237 893310 4921671
2072650 220463 3664848 4283224
1405604 4619679 3445711 4937885
1023723 4007870 4434371 4533022
3274157 231966 3507357 4878036
2346700 923715 2441747 4163020
4453780 1601869 429036 1661289
3730325 4457473 584823 3572356
2852512 4667449 1282935 4218007
1075420 4743431 2859018 3026013
1857977 4170146 849091 3595121
2043557 3278877 1913704 2311373
4526092 4212861 4411273 4632210
4512258 142593 2139283 4279691
4608886 225233 2679495 3058006
3070305 3941538 1723590 3535689
3478609 2041895 1372393 2167193
2433403 4265949 2892875 3657339
3428791 4484638 887794 1617086
3376922 2669515 4698655 4794419
862311 4599791 3500632 4996868
2414461 4191907 3388356 3723067
3486881 1614837 4919108 4946909
2198442 2880528 2701876 4648367
2011801 957693 4693613 4833786
4316351 4382017 3694923 4321363
4412025 1134050 2997028 4351292
4450222 1814443 1439500 4022255
334261 2906911 716866 3584944
4783795 3048687 1457492 1697524
1868 344526 2852086 2857538
469518 2496148 1425708 2630748
2251812 3983677 4933071 4941125
3147180 2401230 4056381 4109717
1322843 2987643 294602 1152892
1653611 1634227 727688 1399510
2460190 3597261 1438795 2786021
3353224 1890655 3503542 4730632
3344709 744562 268472 2967945
4581454 3632633 1035876 4578108
1612677 2227430 353580 3635961
1179211 1252064 2649400 4096266
4501628 3728338 1200549 4062466
832012 4740826 4635803 4902308
1852972 4512844 4231254 4341734
265378 3573084 787674 4130298
2168161 3510103 813738 1914184
516808 2370695 1481671 1679603
1601895 4608125 218707 1140529
322899 2557401 4138391 4316817
4504107 4234783 3196323 4922376
3232825 1969222 1482649 4687575
2622824 211813 2818166 3288716
4822516 2196879 156938 2124623
4288896 4781397 2109600 3044804
4278245 3684646 4152013 4579177
952538 220592 2280253 3241091
1433786 166570 210665 2124209
2154172 1040706 1769242 2489224
3852351 4187855 506117 832972
4182348 3565914 1932392 3701534
281527 1280520 469723 3299540
1144312 609405 3204387 4210574
277303 3328225 1978967 2353308
549669 1836696 2293059 4859393
98191 2439014 2211652 2473903
2504448 1328664 2235303 4705053
938197 4280979 4012203 4388230
3332125 3458735 2816282 4571276
3102770 1637060 1280791 3970948
3106111 4194786 4711861 4848843
4757252 4526650 3737396 3874114
474143 2044260 4473076 4950367
2303642 1304356 175876 973587
2721397 2512832 2448940 4975300
1348908 2343055 2216234 3650779
2188453 4236689 3983509 4485081
4642649 1597424 751467 1429474
2504039 2029179 2124561 3997882
3633459 2083662 3777769 4725448
2104395 2524417 2881026 3315554
363955 4260362 736171 1822448
2113504 3731388 1792549 3445954
1871400 954334 45567 1122469
2170582 3973646 4890779 4910149
4261669 2539171 1164194 1678298
4433875 93056 2806990 3493306
978858 178114 2641875 3796720
3028931 1416956 2742983 4211719
2268015 1506445 2006314 4527109
53031 1351681 1886346 4706945
1203815 210670 2985749 4039930
3621747 315183 3930555 4037890
2646893 3607749 3359474 3802776
1320287 3747666 4609760 4913224
1081291 637348 1017937 2695478
1895981 562062 2498693 4661044
337060 3737369 639783 4741781
3146844 2995567 3307493 4327115
4824288 590145 3752448 4237404
756075 2095491 1688555 3496848
281869 1604058 45188 1448857
1124928 1498190 3375446 4347382
2934607 2224488 4035825 4569785
672289 4738019 4032408 4595124
2191838 4294423 4022920 4096763
3962309 2657005 1397432 3927423
891538 3571100 278745 2823596
907828 852743 338952 850272
3448253 4506509 4420694 4648483
2373870 670350 25691 3478540
4550878 1234291 1086188 4798799
974773 436186 580675 3623600
2861045 3587258 602016 1787516
3002794 3908369 3036826 4906337
4152480 4104170 730493 4499527
3865536 2155835 2956943 4898542
1460104 1330800 2579305 4970495
387613 3902461 2765135 3679770
307086 3895031 1526205 4431857
2923572 3176064 4664036 4748203
1235293 2577581 1099494 3839838
2393064 3681291 4239710 4756438
2418303 2540656 3784863 4149638
190739 4135182 1148775 2226616
2192384 3552363 4569192 4767304
3039691 3530629 4900693 4974768
3119033 1101778 2520025 2868647
2301164 3213303 1714726 1994511
4823803 1910684 105360 3413778
4444830 2328965 4036800 4764917
3759878 222632 3239730 4293388
3023793 1127444 1824522 2865727
2880112 3175405 4069642 4636630
1498800 4456124 2053904 2065753
4759422 4790352 3695891 4376632
4479533 2154810 250211 1860819
2946309 2855436 3530675 4728280
2841504 3952222 1800072 4011554
1676004 537190 2507940 2600439
56139 1841045 875037 1613732
3438472 4452682 4576848 4754067
3229461 2326264 3479683 3820547
1737205 286284 3640012 4193781
2478459 1432596 4515559 4785467
1776204 108295 894061 2554123
3756867 1493925 2626826 4971102
1884224 1807353 2617611 4831664
67803 1118233 2496978 4680702
1343408 1844217 4269991 4696925
1428389 4563713 896093 4438393
578489 1654876 3932497 4800265
4377161 253449 138943 1072418
2728595 3710006 471083 1408780
3497522 803415 1367866 4442258
980688 3635264 1652085 4709824
512102 3046409 1288105 3729735
574131 4004554 1597390 4102853
4664831 1593166 4918354 4996992
4453384 1156562 3883157 3994429
2626522 1629854 1565572 2443380
4784585 2071204 630080 2385376
481725 3779837 767172 4931387
2146062 628708 2711023 4861648
2666499 4058435 4399270 4879225
3926273 2852123 3614542 3744030
420220 2880870 291610 1585555
1880055 1778992 2651746 4507168
326569 3116810 2708046 3575635
3391942 388884 3962819 4356665
3503108 442272 1090851 4839408
1941415 3791359 1755257 4875324
4552819 2326028 1548797 2318378
226629 3212981 1361743 2339729
2301874 2377146 3105844 4688534
2513710 3408032 2531592 2948607
4122982 3999187 1215443 3020328
350571 457387 3988011 4702031
1844546 2321730 569024 4415157
3629186 1692259 195484 1846650
3979322 2485550 3727922 3901746
2121040 4134286 1448648 4985236
897289 225491 2038282 3647734
593818 3959796 4523220 4567691
527327 1544064 4275041 4705131
3499691 3919391 4210513 4648318
4572113 959988 1352959 1441534
1744506 1628798 4525885 4563197
4470851 4473352 161942 3083279
4695016 1472315 4078388 4817064
2652706 1823726 3163961 3180855
3193094 2438726 4700904 4821299
2088677 3533983 3390659 3933258
3357395 2538946 572115 973619
2668712 3452541 978951 2936086
3661838 1127767 313248 4262407
2211462 4514539 977776 4524248
3109360 4708011 3436801 4700842
762577 3189282 3187769 3993634
916080 61464 4928491 4958118
420549 4603437 1969542 2003274
1987771 266216 1047197 1925296
4222431 3173723 351300 1036385
4519253 3440974 702750 4133055
43098 416024 3642913 3696089
838592 3106527 3642054 4318137
3954578 1272399 4216001 4332041
1329658 2663737 3063958 3974323
317083 687155 2064180 3686556
3673759 348354 2543645 3392189
2495643 2874949 2574300 2800133
2023021 3611621 3553533 4466530
3144962 1676708 1536767 2297489
2620307 2005638 337348 2218072
2576068 1526341 1978151 3541010
2045600 314372 1946598 4175019
1440715 133931 730705 2792659
3261289 702457 938960 3337434
896695 3559568 3078061 4956153
3085590 674083 1412337 3566119
2554168 3433343 620160 3648858
2433096 3447990 4363598 4710773
4765979 2629173 122866 4133887
3572888 2216076 3981867 4971462
2967205 4526760 1409575 3279163
3932957 324626 3101175 3573750
1612938 3190916 4843922 4858115
122737 3808722 3327657 4427006
3055325 3891269 3921481 4053224
1877201 2880852 1679599 3418890
2941456 2564515 198579 841161
2971191 2045422 324982 4032292
1544398 4301611 4009067 4084175
205265 3483506 3829515 4634524
3952278 2759760 612492 4916473
1994564 3931888 4768917 4811810
4512649 1603938 3634601 3921963
437961 1486385 4598907 4986275
3187413 2941520 3312313 4560994
2802835 693846 3766245 4298296
3406335 2078647 774348 2695792
2889718 2617930 4503769 4752272
2854576 1697867 63792 4966999
1352290 2798686 1285937 4049020
4717559 3353811 1485563 3493607
4633943 1346216 3759258 4465775
4121908 2520706 1039074 4184308
4758513 1552505 668159 2822744
4161863 1575801 3875435 4418825
449519 4363605 2278426 2399006
4305217 2802789 2403392 3665404
1412247 4412333 1569458 4998636
1874254 2675979 4652129 4894635
213660 2495273 4598663 4670772
2511322 4665283 3481495 3885320
3015947 4825651 935579 2664001
4509571 2703021 2213131 4012610
1172423 3917629 679536 1653502
247728 1158491 2798665 3695565
2271641 59959 2833172 4651926
868208 2481569 4234508 4938542
2889074 3219134 946048 1876270
3030653 1140005 2888505 4094769
3222179 4173618 3908517 4647752
2692418 3898147 3749036 4746087
3661039 3236169 2008519 3046376
1096084 3849487 3264532 3569155
2152789 205493 4072912 4150342
4019795 1463852 1815342 4528166
1796851 1653818 3489279 4662036
4556799 1845166 4562713 4675245
2295201 1099259 1847695 3546449
2431649 1511720 4539376 4971812
3745622 4047161 622046 2123562
54896 2562020 1443897 2947129
1309352 4178111 2165867 3965337
4078672 1963457 349729 3870512
315518 2124349 10428 363751
4563088 3106329 2306853 3278521
1795160 4145828 1813205 3700294
505912 3218516 207715 471891
1973216 3849792 4512240 4915819
4580145 888793 4087017 4210947
4276455 2306609 1950876 3426477
1090181 3948169 1964168 3167183
1507733 4749945 4933726 4948397
1549916 297042 3508184 3832931
3657658 1240301 1367292 4926480
4036984 2671958 3319160 3889707
4670109 1951024 975522 1533494
4556060 834649 3695341 4335254
294515 4275634 3226344 3497621
4189795 109743 2092679 2764764
3081262 3766664 2011586 2607495
2676633 151269 2373344 3389584
721440 1810609 2077610 4423708
350361 648682 2888554 3116461
449714 4166765 1851900 2836548
1993911 366424 177728 3377718
4641888 2237304 2323681 3815072
3633028 1259600 4765000 4890909
15820 2977998 873112 2935085
1255333 574349 3024947 3442937
1232781 3281972 3705380 4977402
231754 1240335 1656566 3553630
3089248 1014159 4075584 4462242
1874322 3016521 1598717 2960260
1317017 780398 4107327 4983051
2416098 2278011 1736117 3443682
4115838 3081528 891224 3617484
2281651 3074358 1726592 4508163
710665 3835248 600752 1010466
725097 1705738 2617766 3756758
1062554 2931506 1234164 3138720
1941331 2384953 1646607 2202822
2151198 4741473 1701445 4925296
458065 3663220 2816937 4858988
786420 2152467 3016243 4154811
4815006 1796515 872884 3806544
1484038 4501133 194572 1769731
4732050 3863759 1672419 3308404
2340831 1952099 1459147 3818026
1403218 379804 3490289 3816382
813585 3963794 1952169 3715051
4328656 1332669 4486206 4835689
2232281 4280017 496650 2927881
2435563 3436407 221952 4601724
3383748 484883 288991 4456795
3351022 335389 1910183 3944589
3468945 3877274 2323933 3012457
1225136 1126284 4950630 4991493
2149026 1891996 4064675 4805314
3944298 1765837 1653328 2870729
3697179 2866554 4404191 4773753
4512707 1163081 1887861 2504709
1194998 2119137 1487741 4868687
1392747 2353592 4135347 4471959
3591391 4128741 2158858 2545014
1758505 2764618 51509 3386110
1460788 322544 2241689 3793434
4721351 1944159 1992331 4645637
3225826 1221156 3253012 3720203
1346742 3543107 4378538 4536600
3058140 103163 3652100 4547251
3249404 3975833 105756 3924018
3200034 890438 3685615 4116880
2499248 3302478 4907410 4990733
3570969 4494805 4831830 4839296
1468844 503565 1124541 3271030
2489702 1613426 2745928 2834173
2828994 154395 4665227 4810891
4712706 2376604 1971634 2519057
2198854 3086415 2652497 4683696
530804 1738473 1806537 2207663
481362 224582 2150832 4546313
629774 946402 2609895 4234034
4228046 1334111 4266933 4485027
1660063 1565315 178194 1423550
1421625 737525 2736364 4209709
4784940 2620410 4468518 4871305
968113 98234 1887182 3324031
2255994 3393819 3564148 4109236
4479027 3132550 4403752 4684406
2542361 3429193 1918643 2487801
1769685 1544707 2631191 3804053
3774625 4430368 3511209 4666037
1442165 4608144 1169607 3025802
1103289 2723427 4156559 4863093
537953 4770512 1024168 3765691
1669680 839418 3832710 4220832
450169 1671945 1286619 3260118
3877548 3009009 1591801 3572055
244643 4671886 4132126 4408213
2394870 1356487 1760413 3518988
237279 3173119 2809504 4901950
1268783 2733241 2847829 3043204
4368242 2860580 1111750 1676937
3288864 2770951 1105221 1669337
4302890 4166774 1799493 1812122
4642071 4120546 3779500 4422215
1205253 1793289 1665030 3989985
1351260 483560 199094 1886850
461688 1421233 268379 4628261
2875873 4339180 2545136 4214985
4647906 739346 3217777 3237533
3332466 3422335 368638 3048334
1602147 4793474 2456966 3811511
4510986 3689409 1071269 2427756
1664618 1664554 4505099 4941815
1354630 461155 3853850 4935481
3235406 3245215 4232482 4527570
3660319 4655274 2217418 3464876
855695 2450228 3843016 4232420
2592732 3740478 1464430 3737616
3715681 3491426 1669505 2846483
2018084 4667957 3687031 4327643
44849 4062784 1679413 2926844
3931409 2037237 3527875 4905363
2825460 2527477 4342980 4600218
3650656 1492741 2941654 3924452
2764918 4585584 2799952 2879739
1167085 3256340 340600 4660330
3295699 4500693 1509948 3931555
2307351 612920 4168065 4807826
3339671 3696731 4058712 4707217
2900292 4575635 614344 2531904
436289 4041396 3176873 3650264
3877238 3604592 815021 2220272
3902328 4650783 3528117 4381628
4672003 1897075 115003 1307064
2050681 3938986 696265 4712103
1453859 3349151 1200977 4432185
1397569 796687 498351 2950910
4679272 4537148 4405738 4541286
3672052 1223550 4271395 4746660
1560258 4493770 4346447 4466051
621795 2667128 2743614 3167998
4722192 4684131 4942299 4964123
2848943 2351853 2968766 3885706
3865424 1742514 4678520 4960194
415336 2025168 4525529 4738691
1749903 4180245 4909825 4915541
2819258 4008441 3248951 4990480
492814 4109388 4725726 4830496
3450323 1979701 2799904 4595786
2721284 2982676 1273298 4640431
4822764 2935465 2803234 3719169
101545 3371284 1427445 4990405
4597398 1726923 4506132 4588473
4434548 3570924 1851185 1969886
2895933 2361392 2637980 3657570
3899326 1849843 4838829 4907793
637748 4153656 340634 3160200
1935074 2391816 2918752 4220036
2910233 3860409 3064004 3893665
3753111 2574515 1638892 2861803
2034082 1458646 2658830 4458163
3606534 687008 944141 2222249
4199014 924201 618921 2017606
1686673 884947 4041380 4501981
745222 3666067 599277 3653329
4119474 3640991 1805350 2866266
1015104 2845355 2443836 2577475
136913 4371613 27713 1911787
3284324 1902873 3319051 4575084
4568387 4110022 4692726 4932485
4683886 3046231 2709778 3845334
3264145 2621490 3549742 4665446
887800 2803058 2738745 4790676
2208361 4216780 4031254 4282154
3983181 720451 3013550 3881540
1243328 1524237 3462082 4580609
4482701 2248113 1913972 2515288
4207347 3196141 4979367 4979544
1767622 4553534 1028563 1618165
875068 4219897 888384 2603579
199656 136692 2890285 3812251
4339915 1671608 3541731 4256774
589024 1563514 4023952 4412164
769912 4245276 3059212 3519434
3210669 1636748 4380865 4418258
2873583 3357154 3609859 4968721
3063471 4802121 3371171 3797533
1779212 3860139 1770253 2624211
3851451 1665899 617605 4262766
2816294 1865561 4921291 4991400
3508709 1325830 2756133 3944620
1038950 3941306 2239947 4767362
3466105 520276 3334095 3710049
3624385 2580254 3638838 4328740
4207476 2863418 4973720 4991421
1132316 3971088 1616582 3445110
4175413 3286477 2719538 3941332
4169894 1228865 4386715 4683878
1343080 2482553 491653 789522
4512650 3055334 4634720 4970001
2158627 3282630 2187581 3500787
280569 53465 1442283 2595603
247385 3636486 3949334 4912825
567151 2666949 1840824 4293564
420180 4741065 2291388 4628385
4300089 2099308 3971884 4766655
744167 3183311 4965297 4974379
368561 1682721 1711030 4174207
1852617 329489 1555734 1651921
3086879 902605 1003176 2526591
4535361 3373389 1083350 4452835
2133418 4632107 74445 2766472
1386961 4476447 4939045 4946677
1163881 910921 1231348 3785560
487699 3988838 4114379 4192530
3492001 3169118 2227990 3526395
1642762 3970971 1161197 1851543
4554765 3740850 2870289 4057219
199295 4247621 3457950 3873997
4285393 2559995 4247283 4323274
3442777 825652 3232638 4563088
3321539 1233493 822827 3871365
2220057 996437 2680066 4686126
3199692 4717622 3865698 4819347
1971228 2461575 2790349 3138186
4545956 644680 1965789 4756834
869398 4516785 4149258 4210726
3261457 2798813 641773 2885686
4374412 3522945 3585905 4516457
1754147 1072957 1208337 1963002
970509 1975016 2118461 4566033
437104 1431258 1134232 4398591
395060 4314341 1266989 4586359
4670780 1861746 1425231 3406449
3697680 1406405 882424 4748907
3293337 128491 4815118 4898458
4316677 170532 1563193 1760966
1040910 1234414 2500424 4603497
762673 3724991 3134135 3280144
4323232 2616216 4107682 4201168
1065302 477189 2084113 4810782
3996791 418547 3487048 4480250
1737535 3014396 2068827 3228347
1025828 742832 4662871 4793134
1370121 715647 1760208 2755052
2598677 1659931 4104880 4487868
4060796 3357002 984425 1398251
1610788 2601715 355250 3612172
894998 143670 2786426 3608985
2821616 1028487 4746975 4976566
2849387 2632582 3743146 4541024
2064344 3793469 4949937 4966418
161829 4623030 3070377 4204418
2548959 1693385 1043655 4903690
4390542 3279762 4031179 4287178
1495170 1060222 567083 1178612
4051169 3236855 2684517 3930571
847554 4636761 4824298 4992470
3706815 1762421 1335239 3431879
4266380 2346203 4178291 4893187
288517 3460385 3554818 4688625
375154 1567459 307907 2487333
3464648 2558952 1373635 1746789
2881142 3520438 2521865 4708637
3513603 4000688 3105989 3694429
3546421 930650 3334276 4089973
1393569 1729439 1034817 1323571
2622628 513592 914929 3418877
1150487 1907353 805545 1820641
3080999 4147452 349209 377755
4263273 1770801 3863768 4087911
1511446 613949 4024354 4278325
4438456 253331 1197073 2520975
2390586 2412018 253112 4006666
4028981 1978767 3800351 4679373
2884767 1310868 4855385 4946497
1764893 2056091 1678063 2470312
3834850 2505255 4758477 4811202
3993164 1663745 2049449 2527896
1075151 1637161 2116651 4226133
881175 2683983 4911977 4916946
2934338 683777 3802785 4154231
473765 878285 4779936 4926286
99642 209556 2117288 4112909
4310635 490521 2374244 4399935
3966797 4109515 3897299 4217274
4395747 4673292 3447391 4219600
4223060 3880591 2730500 3326978
2097241 3943527 437392 2876011
447222 3297371 1978887 4897699
3913620 2788702 3087346 3671675
839163 3813122 761086 4333538
413582 3175747 2339149 2762986
2127913 52403 2368853 4301247
2300427 3347413 1021840 1718325
2919269 1460992 671504 2845668
3514966 3175890 1349261 3672394
1305420 3668104 1251666 3127013
185841 1237879 711270 2678112
3767556 270094 1423345 1555592
4198899 4352121 2849868 3884821
2811004 1242694 1958557 2345349
1779898 3794612 1046795 2200133
1933594 4002502 267910 4259099
1184891 484781 1205766 4417050
1008953 4191574 4843749 4878794
3464482 1554071 743813 4477904
1056003 985534 4204592 4495825
1595194 3308341 1325919 3029171
1409217 3709399 3143204 3504870
191519 2143617 2161920 4880822
585464 3308860 1265089 1624844
3831717 1383631 1574907 4084705
4493584 3513093 1470285 4326449
605342 4052415 2659134 3698669
4537028 4526897 2634577 3449778
2003232 2989530 4789175 4966429
4809492 503034 4023444 4882507
4517956 2659154 1777470 3212501
3162902 3240995 4949251 4991271
1762961 620345 3711196 4343229
3195267 1082729 228757 1517805
3468147 4489475 3786213 4097092
4245243 2825003 2762736 4383522
1957189 4501952 2991626 3883762
1222735 2049535 998712 1266431
2808545 3317083 425886 4276629
2702817 904540 655432 3891805
3990912 2908358 1396222 2003805
2821227 279096 3391659 3800346
4456497 3974833 4772749 4911586
3666209 3680683 3286454 3379227
2451764 3353537 1494514 1507305
2114125 300067 773625 1969235
1983554 2646528 4828158 4956134
4062965 1615594 933513 2391157
3546282 3147870 2402497 4349278
3891945 1747879 25795 1344434
4346114 3420058 3802555 4077065
4630075 1165900 3246659 3419287
3606655 29713 2962853 4485391
3005935 1992353 2780974 3948998
307934 4709483 4418490 4513607
3134449 4544572 1339992 2417306
40352 3485823 1183263 4866254
3761685 2192282 3183711 4550412
4702001 1037433 4751856 4769765
73561 1499710 3729520 4943676
3807149 3440657 4813431 4997037
3670323 878665 638493 3799815
2816939 4072274 3227804 3724019
4378635 2036060 40044 1727717
2438840 4009861 4020263 4942631
384091 186481 1633576 2723535
319391 1811737 1171906 3502840
3830022 4431580 912187 1278314
3160785 2704789 3816327 4837626
2359726 1879376 1208328 1499559
1950075 1745433 2725741 4460692
1768005 3304048 808594 1678903
419824 3259530 4394158 4521523
4035019 1856735 4924181 4981642
3636795 3039988 4492804 4939224
3963323 4616365 1886569 4819667
3665247 3379249 1460523 1673585
3583986 983974 1682826 2929000
188609 3935016 4658757 4868725
2937666 1136085 300569 3971294
4635173 2241522 879584 2208626
1568536 1738216 313646 4332156
811339 4018627 1379840 1660302
4692402 2812273 2749717 4091864
3882597 1691423 462976 2622681
519916 4462149 814640 2088737
77815 3508551 237151 1000956
843725 2843463 4150115 4522056
3628237 1931754 2233362 4190270
1915815 1911745 1350129 2262808
1851715 4766750 4048264 4467238
34124 3989597 19518 288093
722485 4281359 1522131 2595538
1052120 2203516 2000323 3682513
697753 2046304 1892352 3233028
4475768 3356232 3411139 4539559
4718810 2267856 4546746 4851266
314886 107234 278631 2806821
2542390 218463 3842560 3909949
1618443 728530 3611014 3733836
4803517 1501245 1404852 2910201
183947 3963142 2384215 4306107
2998845 202883 2973539 3507571
3997984 3739778 535585 1765428
4538967 2976770 1283193 3367465
3849628 3869595 807243 2912059
2848403 1513477 2196250 4259499
3753318 1051171 595736 4660163
3673864 3697649 2326392 4300416
2609199 1510904 229285 2823158
3660942 723156 3679443 4803291
2900818 1185497 4785605 4854199
2457573 568346 1001455 1144478
2058269 1571457 1995453 3408097
2066187 4167840 239106 3710777
4659868 4297506 4030070 4204251
2041368 2582399 4521740 4610576
2928641 1793091 4252364 4926676
1803007 2848054 3075291 3311924
2656684 1100526 220732 473371
2831776 1368234 3707075 4453816
1477768 4787088 268682 619169
170841 1811397 4701428 4795764
2747063 1027588 287619 4264855
2249813 961483 2245440 4630567
1319945 4304170 2753825 4302376
550169 1843724 4220367 4960590
109324 1634369 3414615 3476615
1622278 565478 1546925 4995339
1089705 4694508 1887466 2912146
546567 180181 2954041 4009026
1607976 4813013 1143509 1345215
3931500 3366103 1700378 3847936
2671892 4682429 2807241 4702706
1753309 2933659 1509582 1551902
4557564 3724443 1066915 2848276
3209772 4510433 1240634 1766902
439802 2150944 309425 4157058
2908586 1128724 1939073 3471141
3631931 1318003 1287162 2884106
2000222 1909135 2827962 3541588
2464962 4048325 840847 2866405
1432372 3282466 2127582 2858203
656084 3949373 586950 3270469
1241346 3837417 3777859 4995265
1335472 3208293 186025 4391014
3153027 3546694 2874524 4127249
589972 102534 238711 247512
2698846 1715792 909638 1228103
132365 1244091 2298386 2762019
1527545 3473497 1119850 1224406
227201 2679651 1836109 3674531
1304778 3348620 4456509 4947572
4780519 2898299 959125 1644473
2688104 2565191 836267 3746630
4361775 970129 2721995 2842280
2048740 886947 1202257 4218463
3959451 2453597 4963205 4975541
3148467 2963012 3524765 4844941
4732788 4420047 3607864 4684266
3829949 2964430 4062076 4849309
4003708 2168074 1284056 4733874
3211481 4004666 4771730 4928393
4428578 1788719 4380397 4429116
95484 3153362 4607527 4921816
194411 780551 19711 1741904
2937489 1641850 1696794 3206356
1610590 4608649 2637898 3903214
2075836 4270837 4489233 4684546
4742538 1810980 1589163 2746262
2580742 937424 752888 1499796
3918979 620451 4186132 4633105
2249512 4787513 4128713 4496679
4543981 2578294 4366250 4507444
3527113 3762066 4100617 4115056
3423832 2951570 131741 273304
676881 789657 107056 2982845
2377369 2410384 4440372 4808700
286663 4520072 3668925 4927233
2049201 3494036 793243 4771932
1708566 3360732 123959 2136879
2304279 2844704 1972910 2236656
3240825 3805720 1842892 4576222
393486 3557195 53317 372099
2654203 4240415 1694218 3348367
4482055 1185362 732948 2142085
1808717 4016352 2177678 3154353
3880346 912811 3923104 4124234
388644 1116445 1176861 4658281
1290333 2855527 477530 2329339
2575303 2994040 1016690 4603859
3780887 282205 4609290 4666385
2759802 2043319 2011286 2698843
4443299 1776268 978662 3313401
3787225 2941672 137536 2513054
1882341 742560 909379 1465091
3456906 1080122 43485 1490661
3285052 1309366 2199925 4598009
949753 1663850 2004633 3886307
2085055 1826736 3289501 3600085
1585797 3328759 2671932 4273771
3672388 4331565 3072370 4747402
1310653 3411621 271378 2951153
4000258 2212775 388426 3677607
4449097 3552025 837232 1939714
3587366 3374626 1330858 2664867
4750922 2837234 955144 2071575
1958808 1012199 3769757 4308792
2124820 4559095 3642800 4899828
2616072 3883109 2909622 4023098
3976352 798658 911471 1975103
523694 1954931 3031228 3936606
4235235 993848 1998286 2376051
2567044 3448049 1850799 3304757
2450938 3583433 4371185 4872142
1038151 2302125 469264 3094102
2310034 4188755 4552798 4770354
867917 1263328 4155805 4945984
23407 584085 522601 1218561
3404774 2081901 2020943 4205091
3846922 1448949 2239834 4423542
2785789 2876227 2485685 3444115
3821899 2990748 2659162 4298209
377608 4768532 183669 595482
64358 2975870 692322 915885
2950995 1636681 4449980 4958799
821161 937123 1725880 2466794
4436193 2725645 2732729 4784943
1370320 4300201 4140212 4579125
1972448 4630283 1191968 4743513
4027744 2783481 1868326 1949834
2087725 4513646 716861 1297933
3815419 1469358 4716519 4970345
1137621 811825 1764448 3354960
2964184 1857504 3094859 3623689
1606435 3386020 2993507 3731103
3214450 1613305 610123 4014448
1056812 673507 2083862 4302932
4666797 4417392 3444404 4206821
3428735 4651102 1494126 3601891
1117893 1377723 1860488 4111939
4078090 3756690 168846 4673318
1888470 3691009 1517281 3194455
2238193 698 4908336 4969447
3708578 332812 2374646 3202796
623476 3849188 243491 3063321
3543463 3729156 964367 4323845
1744184 4410190 2753064 2938344
499656 2785499 779801 1602956
1378716 606670 1235829 1410224
746146 3442330 3623590 4744338
2005157 4501391 3786843 4144052
3109656 4434926 2910525 4942371
1350403 3986562 2695722 4282883
4462791 1369595 2881585 4476184
1859065 989037 4551071 4668322
538661 2125831 4786543 4841505
1193155 1272540 3579092 4907062
359287 1272933 4339383 4846716
2035649 680952 217344 4463264
3302408 3201904 4622076 4628566
2316444 3786236 2520025 2769511
1729314 703730 4285693 4573970
1361231 2535072 978597 4852540
2617560 438846 301962 1784884
1269702 994013 4119869 4331203
4785085 3506919 1623044 2947131
266465 4302131 943790 2399044
3582665 715245 2494464 4765352
3378673 3994089 1040759 4450229
3027753 1486187 3137606 3266460
1746126 2384166 4017160 4713514
3802036 421254 4554413 4929551
3412563 2954433 2124617 3325734
3260605 1597274 4452407 4837541
3485370 3609561 1790502 2573182
3889306 2260318 4260731 4851694
3788264 4766968 2865274 3910804
781733 1217935 1724231 4199340
3811333 4750331 567838 4232347
2375739 651708 3069647 4197571
270220 406803 4314651 4719146
4518658 1539148 3397653 4454538
2460169 2340476 2922925 3108980
4322181 1305509 2346459 2401804
2838961 3963769 3832346 4858857
183143 3927352 4509373 4718742
3626289 2348332 1419847 3483343
3597303 3071710 959185 1179393
1827594 3258202 3522248 4353644
2833884 4519946 2814223 4197627
2054653 4278152 2457399 3314850
4411851 2525964 3213747 4090473
1025945 1068726 4605549 4688491
404788 2390610 2139210 3453408
4275006 3643269 3346260 3834728
2831596 2608840 4556323 4946883
2858575 3316056 4860086 4864604
4630769 2262114 1051190 2896424
1886355 4294823 3598873 3758434
726718 354549 3637808 4482212
1129176 2977700 1893566 3480161
2920441 1561197 2527001 4599820
3663112 3936900 3068678 4428443
926169 1772204 3171760 3190122
3508109 889919 527888 2935555
1406426 2522061 1523389 2774469
2141473 3339019 3402915 4894314
66418 3957008 809278 1600525
2551012 1231770 4246465 4719856
43228 3485165 383027 3518440
4771640 4173363 3944885 4475994
4501953 4584368 2991692 3255709
511480 3841207 1694965 2665427
3241953 1739048 4318353 4696050
3006889 4021491 1511404 4388753
2134373 3959855 2522631 4527164
363736 3551435 2109607 3644066
4069915 4676801 4989204 4993429
3246164 4211961 3812858 4800135
3397442 1037693 1545527 1658460
3257845 1179224 3660485 3714187
3225582 3276392 3974519 4435797
4445621 4286712 2632675 2801792
2307236 2998570 4719979 4923808
1382198 2958633 3898781 4963981
4121917 4190976 793025 1494637
2912997 966244 1615994 3524656
3526672 664188 121767 698933
4574744 2945949 4373822 4382858
1229270 2826786 1311674 3655644
2897579 1217153 211517 2570553
3535090 3164970 3610954 3887989
190195 2534679 4229896 4961623
1135217 4238269 2943111 4090154
671280 917103 3908899 4531738
2768327 3084209 1822679 1830258
3261033 3395305 1450 4789256
2857579 2896804 2759931 2918287
3389297 2415575 4070283 4827777
3402913 4430859 3027036 3645115
2613764 2437499 2571330 2732236
2821396 3813771 2582870 4741414
2740407 1698059 2519194 3481744
4775997 275870 3505342 4548815
4234705 2941382 4239830 4853929
865006 972664 394915 2884127
1255592 1420068 2248968 3571573
3685305 2693143 4957301 4994320
4199676 3989211 2858418 4604413
2060077 1547799 3599091 4284589
3116381 1817857 3039616 3756045
1659652 3738470 3556760 3879367
118448 2108515 4884930 4904039
1738553 4731191 1039514 3248734
686002 3773773 3289299 4991728
4382534 4775389 4321342 4478431
269603 4088004 2792831 3831860
2343365 1433934 1264123 4870789
2611014 3236800 1217414 4948298
62426 86207 635053 3638872
4268438 1789462 3693820 4142255
343166 1821987 233785 4706669
4524993 931102 2095845 4351966
4385030 647110 2795671 3284182
2325462 3520495 2090305 4307374
4128274 4535044 2926493 4093648
1363098 2665974 4166739 4427259
3972831 4781312 2848614 3937556
703017 2964858 3903321 4795309
679611 1076760 4545919 4663674
3398437 1680685 1197699 2307863
1768500 4812925 18372 3734384
4705635 1964176 4654928 4997984
3897703 489568 4546342 4807002
4477819 3033728 2596708 3113738
1719056 1801334 3703100 4330444
2591561 1942073 489181 1565732
535917 2559272 3003876 4239972
3351809 4678076 4868232 4980453
3830389 1640756 1127917 2393566
4513743 1924897 2776602 4689834
1860671 2243443 1309153 1975724
626114 1675985 2351401 3202492
1897224 666 3283857 4564398
3995041 3697471 680980 4643925
1742604 3333152 2273253 4970563
471222 1595442 709131 1518844
2021185 1560213 863365 4732447
419859 1625918 4668167 4769610
2714382 2220531 4519244 4556425
1507440 2909967 4990447 4994315
1978509 4523529 3824486 3874301
290408 867352 3369996 4269186
1394603 1508607 1774744 4258497
237960 113249 1843786 4435557
646657 1146328 1172722 1327865
3865887 814966 420066 4700621
3832615 2994706 4472316 4826160
3251029 4193939 1704487 4782525
4493691 651756 2689408 3332398
2943889 432822 4626091 4733247
1883936 2539552 2988881 4557467
1854073 4789485 1566570 2679811
3062996 825846 2915320 4913014
86299 1258204 4937551 4977063
4816878 1104081 4117693 4182168
841060 2006767 3885727 4321751
2258755 3455811 830600 3815401
2505885 3967849 4326050 4446082
3386334 3042104 1797674 1853718
2044975 2488293 4913298 4994880
4292717 198314 3058771 3538930
644048 215262 2317473 3649439
1495845 1037801 2640743 3411976
3405762 3773731 4031674 4565188
4525618 246839 4580879 4634990
1279313 1927087 3295414 3394444
3909707 1241884 2796131 2846493
3332522 2223809 1243005 2661285
3373845 555748 4716939 4978880
3336078 4478024 1394166 1778532
2492357 3128702 3160751 4110570
3800930 2513674 194029 902262
4683557 4577222 2469051 3385075
4645160 138166 678143 3852027
2722462 3185934 1925384 4141904
4350286 1626931 561415 4188096
247880 2241800 1117997 4594026
4427963 3887374 2320649 3720820
1915094 4256071 4828270 4829821
1645241 3783723 2390832 4122689
3476897 1800733 2340601 3730843
4229342 137605 1900355 4430474
2658833 1956153 3529977 3762226
2630577 1056467 3892447 4249968
3291973 3115940 1228173 4381515
2602951 1397883 3650303 4833689
2325832 754343 3219673 3327294
3005308 2346493 2922615 4546008
3429867 4070729 1079268 4396286
1900917 459510 3687368 3978723
990022 4720161 2928939 3469864
4243703 4282932 3071741 3507717
601619 988073 4458450 4618061
3207951 1386585 2617512 3481447
3837870 2325445 4214319 4918562
419708 3133265 2329096 4382446
4005662 1132051 3291021 4723860
573785 187848 3652072 4157314
3904671 1295092 2068086 3701427
728123 2770149 2054074 3385172
4362701 2569563 4929600 4959716
3142985 1854436 1344267 4177826
1414449 1170689 248475 2202835
2587061 2098152 1330258 2192999
4320997 1709267 2083718 2577563
2854570 4692823 4947303 4964235
4022054 3353592 3484754 4582317
177375 1704142 4457535 4493964
686373 2204222 1923849 3345820
2973302 2888309 1236040 2928662
3049252 3178593 4326475 4329092
3662859 3984667 690460 1990414
4697981 2314257 4310563 4425069
285570 1077819 256314 1913433
2320476 707164 3831358 4858316
2097671 3726043 4686321 4719541
133618 960350 1133984 2503047
2955736 698934 4500752 4827114
2199168 1873826 4340349 4990221
1835925 4371143 3891556 4232468
2643561 2196371 4445599 4566307
2156776 513706 4491166 4527713
1036782 1060412 1443360 4616252
4452907 1797283 4866954 4938646
779547 30222 527321 2160910
1756747 1393610 833817 1701064
2628074 424569 133390 1899503
3856491 875509 406906 4096072
1984830 1686088 149442 2842011
596716 3835781 2941775 4520500
1351774 4072693 2011184 3898031
1963755 340320 3848190 4705284
3129431 1781810 2003399 4131443
2351448 1953254 811503 3876691
2954826 3277844 1659871 4388344
3298217 3110114 1465856 2519109
4043550 3131581 945940 3200785
3660493 1165509 1479938 1862390
4712936 4791164 3398545 4765314
1628765 1141853 2889373 4545803
3718617 1148587 2446023 4590093
4552102 4214496 1511407 2466629
4805055 1508328 4451315 4688560
304627 114368 1866810 3740407
2670425 2764043 52142 1598516
4826439 287745 46523 691327
3847241 3273473 793964 4082407
1557570 1163559 4867373 4923647
123395 2741081 1946067 3836812
4438601 2442905 1963060 3249441
2339466 2061653 4035250 4388426
1522102 3213370 873933 2157102
3189207 4040651 3227407 4943186
2271299 4478192 2609658 4202254
3896351 4022060 2338457 2681400
1521882 2141596 4043577 4213360
804079 2610490 439235 4040080
577218 3262161 4705663 4741038
2721452 1613534 4094237 4386313
3187492 2616186 540165 2465724
3774550 310196 2015908 3874403
2270473 2786535 222087 1149516
1061002 1813686 4884336 4973072
4143747 1142765 59864 3517489
4359312 3929043 487486 2895152
2362345 1433922 1726386 1856789
702370 490264 1853213 3308386
568923 3570595 1720062 4717697
1856216 4777841 3536960 3656346
4012326 759464 253520 4527703
4765044 862252 3160470 3245917
3969219 2285212 2958552 3765837
382327 3670640 2294707 4221298
2198666 1376347 2124041 4749172
1177088 4300732 1826841 2132720
3363684 2093057 204045 1578427
1552445 1467397 2116519 2532668
3065190 511389 2397905 3523680
2948192 1971903 2815301 3235274
1300969 445384 271175 523438
127866 3864213 3369642 4038080
4240498 1051952 3338216 4279710
1262120 941006 251878 2693382
601278 1213228 1552303 4474699
1968190 1417481 1586183 2607929
1519452 3723473 4098367 4361513
1753180 183027 3728451 4584513
1534846 4427411 441392 3506359
696020 2689721 3843967 4543881
314708 2277346 2291651 3042456
4526098 361903 1843569 2553304
2155682 2078671 991001 2539872
3918550 1523493 3731064 4117000
3403202 3751475 1214263 3496514
517779 3252925 604073 1559487
1876153 4138728 1786985 3986363
4179711 636809 3171552 3703428
4593515 3229866 4299120 4535607
3797430 3382270 2931683 4912372
108536 3375845 4420775 4500841
2481232 4276619 1152046 4706931
230559 2152863 3956676 4201023
222429 90567 2684153 4319467
3105116 4214371 782240 1458930
960271 3030389 3192009 4312274
3516607 3437103 2474189 3454150
672301 3315404 3041279 4333991
1536473 1527948 3971883 4276869
2216104 1248582 1756384 2728746
3129350 207084 2747598 2897547
4546963 2783406 2185449 4676020
3483668 4574316 1279942 2639619
2867941 3313820 879774 2863662
176262 3997853 1328360 1499195
3704934 728553 2107820 3041499
1425785 1521591 3060671 4706986
3253288 3717093 724647 1001640
2161799 3582788 4497150 4839116
1733803 1203416 1049620 1454404
3301605 502683 4282523 4542441
2471976 2009814 2143546 2698836
504049 4002780 3484558 3592553
760907 1102432 1533961 3603631
1265353 837735 1871045 3798603
1647343 2262038 2851093 3953056
280857 4705403 1800545 1818848
2731250 1988095 2326778 2817724
1402735 2121465 1834060 3978892
2816368 1309501 3349658 3487520
3641106 1431503 3342299 4215289
3521064 3158083 4286966 4469399
2842348 3664263 1546317 2343716
4720262 3233140 1467316 3106047
934298 2543855 3353145 4280749
1903924 681383 4550758 4625829
814529 3858997 2346505 2546264
1130609 1920293 1116000 1401463
1355897 432438 3093472 4449380
3037244 3729904 1692271 2040279
2498640 1805674 1750968 4417142
2948484 3622379 2587078 3534957
4131102 1225035 759682 4671311
2791089 4175780 2992772 4827282
