145
1037 5780 36736 52816
4240 6021 10424 24790
15172 9571 13221 29840
9325 13473 12274 29891
3114 4084 43937 49921
1571 3712 11561 31583
10633 3705 2702 31700
10621 9996 33223 41079
15360 11953 8735 10445
7086 10394 46998 47649
9176 8474 50246 52534
2893 5965 21607 25744
4858 2848 1457 11996
1120 7287 19871 37317
433 4333 26940 35289
13844 11591 14851 28941
12398 10750 20462 45192
6821 15105 16556 31898
6061 13691 43130 50811
9287 9520 15378 52785
11205 15351 22722 40327
7953 3637 33396 34629
13561 12586 17563 47832
6500 12527 5128 11915
2931 6203 6705 16806
8477 977 29994 31452
10842 13129 6692 21325
3077 3294 8539 34295
10475 6324 49217 51443
1559 14519 6644 31049
14574 11789 28210 38214
10593 5716 18294 50688
12659 6373 27760 29761
3806 3946 45542 50887
4948 15316 31656 43954
12003 12737 24118 25233
5485 587 51199 52088
7736 10710 29015 31751
4577 2328 21018 28062
13267 5622 38963 40456
9731 12663 34960 38613
5937 14647 8018 36085
11944 11436 40414 45597
6499 5378 28300 40802
13671 6198 29079 42527
13592 3359 24014 37427
5947 9392 3607 31474
8544 13191 24717 34511
3215 6944 9397 17183
4152 7102 11549 36687
6171 8986 13408 48647
13289 15424 52418 52851
5901 6541 20186 25903
7303 14987 14962 15663
4303 4526 32028 49785
14441 6295 42048 52335
76 5584 10654 19282
1247 7683 12908 53068
8825 2279 46830 49830
10162 13132 20804 46141
236 12747 30525 50201
12168 1995 10260 24675
10300 1727 30870 43062
1749 12793 45297 50081
12702 7841 10637 19649
7795 8962 36159 43234
2628 1684 25518 26793
8625 8041 3896 35721
5938 7459 8956 37620
5238 4116 13287 38049
216 3710 21182 32334
1382 14274 49903 52470
9768 9866 27816 49558
7459 4085 41563 53100
14920 10737 50758 51147
2326 14229 1955 44972
9554 11356 46127 49079
5195 1074 29245 32234
14324 9266 49174 51757
10696 5164 28711 31582
2573 13038 3208 10027
4812 9952 35992 52320
9178 601 41402 47529
7272 1618 7006 11193
14225 4296 16669 47173
15218 2981 31838 34741
12302 15033 35920 41945
12363 8958 16888 37654
6048 3463 48136 48177
5402 676 6246 49228
1287 1386 11843 25919
7226 12162 24930 42670
7935 4861 16156 20553
6429 12824 49821 49974
994 6739 3805 19541
5162 11468 23883 40071
12279 15393 13001 30538
9593 6172 38441 49801
11310 7363 33874 46792
12380 15384 22925 23944
14586 12465 7423 9774
15146 6779 22332 26761
12244 642 51094 51619
15563 7738 44296 44453
7601 12663 32214 34777
14850 3127 42824 47084
4334 10983 29845 32146
10991 3176 31919 40148
5780 7244 30479 33968
526 8562 20619 41479
5646 1576 19101 48365
14826 14524 11290 44557
3749 3989 44958 45650
4665 226 52001 52958
3075 776 39111 44691
14407 13897 47968 48786
13877 9367 8823 15381
13804 14641 16510 32021
9492 620 28042 45771
674 11762 26000 45641
11307 6676 35095 50782
4757 987 38997 40842
11859 6360 10008 12559
14173 14959 18129 25686
10095 13575 43830 44338
1440 5976 39601 52857
13330 6523 48635 50478
12252 15110 49783 52469
334 3445 38194 38663
8041 8256 47909 52466
6747 5462 31464 37835
6946 9746 3025 48830
11654 7647 42082 48746
4550 3143 27046 45176
8364 12656 41858 49664
8491 13109 7417 41477
6179 4323 46163 49587
13488 4511 29058 38625
1095 14200 47084 52260
13885 6330 28289 42339
3140 15174 45256 45683
3264 3788 19913 35722
7192 4741 4253 13864
15008 1823 46856 52723
8372 1013 2278 4211
