500
34403 808 13755
31664 22986 12806
9938 41439 11222
26536 31522 2612
15162 36975 10061
9601 36805 29050
42471 22602 19751
15126 29876 37151
19623 29327 41082
32378 23689 27646
22025 9731 20845
10705 44659 14634
7297 11910 410
34882 31156 7073
9862 39933 35649
5729 33528 2659
17401 3985 9527
22618 42489 8171
5827 18892 17013
16654 3275 32537
36061 37775 22835
567 46575 2119
36063 3751 27888
220 11442 9100
10259 30893 31297
39995 37723 42160
38853 15417 41574
20733 6393 12553
43805 37652 10841
32813 26203 18806
43093 34888 17679
35116 14061 34475
6449 3699 44867
39510 6152 20479
37336 22382 17577
19271 3063 18210
39183 45646 31859
15877 11484 43628
12597 26824 35242
13733 45008 30280
39186 21045 4416
21578 13444 38951
32151 22882 3335
43075 30125 23840
24435 35557 19120
9844 20890 37746
15854 32174 20521
14253 44040 21664
32671 30014 45128
6383 21799 31860
9760 11052 14848
22449 19622 26406
30507 9762 28229
2716 17558 20505
42273 41368 38165
40462 26080 15425
4444 26696 23132
25512 28577 42601
5744 6058 5032
30041 43055 6896
15042 11717 25025
36965 28647 10609
20945 15582 42614
12545 31194 35397
45031 7328 37273
15843 16708 28127
20770 32224 24664
17143 42051 43255
10221 25814 7348
42676 13498 31299
26890 6249 9707
2838 29217 25439
43425 860 32391
4163 3072 27349
30065 11000 37148
10933 3286 44560
35386 10413 7241
16014 882 8494
14360 6298 37137
38577 22256 2226
38873 2904 41325
24960 9702 2389
30402 44536 24540
25390 37566 11828
5966 16276 29995
24564 43776 27927
26377 43554 15275
17967 28223 29851
2438 13708 18134
12357 33586 18779
37158 13105 5462
32521 37470 25497
43897 219 29557
36644 28430 34238
13967 2237 46641
36920 43533 17679
45541 10630 9494
31669 23509 13083
23624 8341 2393
3670 17666 21285
12496 6934 30446
35752 11211 38673
26303 36275 37475
34658 36477 2956
31889 19552 39887
27528 798 6154
39755 13011 5138
11547 8298 19785
40279 13275 20438
10591 1853 29138
9442 5116 10311
11140 23203 14647
13725 23640 20513
25394 21050 13418
2068 9526 2392
16078 45409 42147
10795 1593 43119
40648 31933 11078
31863 25890 45933
19177 14169 39803
9574 18746 25131
39758 20339 33301
10604 43890 13295
39926 38973 46598
12491 20781 18843
27904 32428 8925
12187 11881 10968
12401 6832 9758
42075 43892 37566
41698 22604 12758
1950 37517 19269
15259 38847 12217
14079 3476 30709
9314 30817 5778
20560 35279 20426
37375 31064 10926
16322 1597 24860
39397 42610 1754
31435 36267 45341
25105 14714 39535
15327 6081 28773
6604 40373 34429
17908 19349 23405
12247 19156 4478
12854 21457 11745
8774 610 45981
17856 29341 26376
36282 27997 46482
41052 31647 25375
9336 43111 4662
6890 37573 14364
2784 37598 3064
9813 37066 34299
4717 43039 32590
22468 39845 29178
16919 7470 353
45080 11610 10174
20197 35219 39416
41511 8449 12417
20445 5503 44372
30822 43125 15100
41048 46516 8675
6705 1797 786
12098 27805 10864
29035 12932 1708
22758 25719 15234
10612 3970 4859
18379 8876 37471
30426 35256 43548
21796 31341 40833
10123 40306 22364
19095 24814 4179
17405 5165 1970
38236 38444 20978
5162 26286 31743
21527 33760 16450
3774 42667 10568
32744 8784 18999
40844 30291 12104
5175 36415 13603
27627 13855 41329
2004 28905 28654
20363 25290 17599
19562 21088 22050
8745 37256 28721
46050 32961 6264
24608 490 3057
7587 1491 10750
38751 25682 19666
41510 17566 30216
13752 7784 8316
39911 6804 17587
35696 27090 7117
23568 7420 43662
1525 4638 31099
27592 11544 42965
35904 5795 41258
27573 34119 34359
13580 21101 6069
24724 36338 34618
37265 25856 44681
26003 1145 42039
1809 677 40052
24508 18906 30841
3684 25142 22551
36821 33278 16402
21338 40001 28367
1632 9115 44172
29958 3690 46427
16865 38701 34409
25952 14913 9963
28770 44156 9590
35047 41972 18243
25249 7668 17643
6125 15513 6697
13068 1268 23240
45369 3141 23090
29206 2653 16306
10432 36213 41773
4588 35496 30924
3916 30524 13408
35808 12997 20400
8161 7696 26508
18183 37896 30949
21385 44403 21329
41343 11520 19682
19158 39483 45509
12970 6801 29944
26405 25020 39622
24663 4457 39832
36341 32643 28022
11985 44628 27116
20095 14834 3946
33250 8883 2207
9130 40197 16226
7317 30945 5052
30047 15538 44679
63 40787 45994
28431 8253 23682
18936 13059 35556
41571 20274 32795
27773 37367 25515
24423 41366 14455
14537 39631 3897
24920 17800 42375
37736 37716 6739
6159 7926 6544
12725 6387 7671
3333 30731 33796
10975 3243 16109
20141 38834 32186
10856 955 20555
35099 3809 33923
46566 41364 8652
38657 38138 36825
10046 3934 45083
7685 19623 14429
9158 9753 32651
20476 4382 5741
17600 30259 43668
33440 27958 40044
35919 25363 3162
98 8123 5251
41916 46052 40896
409 22596 33114
40285 29679 39862
4125 33605 13626
24135 37230 6337
41981 32254 22551
18980 4070 11127
27158 42456 40111
6778 16 10090
2213 15720 17136
3767 10089 35082
12264 35112 17614
41726 16275 18925
15579 28959 22841
20626 44418 44486
14050 37532 3421
40761 16663 40201
27303 27947 9822
16156 1586 10359
24639 17140 31677
39386 19841 18237
33312 37122 29062
274 14594 32879
41709 5273 38705
36777 13932 40045
1279 33430 28692
42602 25314 2388
28569 43636 12134
32247 42171 43027
5929 44486 24346
32527 37547 13833
8062 2084 42794
29943 37656 6682
1888 30122 39842
43299 19097 5393
45612 37548 25783
43157 9754 19917
37644 24851 738
15373 2543 5872
23460 33256 43040
20432 20839 29772
24821 6404 44632
16841 2527 4849
45578 42221 1347
26700 11769 30927
36352 15054 20649
30168 23979 17626
9415 40547 35662
181 10370 18931
18980 24108 6080
24761 24102 35880
14341 8622 39110
10584 13431 22604
3098 23201 16878
30627 7453 16511
40718 85 5709
2622 11880 40753
1796 38349 2394
21376 29381 5367
1549 475 10268
9663 16944 24563
28650 42293 25435
34253 13173 44697
4834 10441 16334
46147 1215 34510
22081 20920 23612
6152 39524 26510
45059 38792 24063
9654 16065 36195
31806 43997 33844
29021 30443 43117
38531 19852 37096
27058 35400 27409
14625 28665 33704
30027 15360 5393
40070 20418 14803
42037 29326 35793
26823 37397 20223
36352 34137 5019
5350 30031 41019
21469 13956 19436
30429 39298 10666
16380 2418 7589
45648 38072 30474
38975 28650 21421
29778 33193 41930
249 37178 25502
37163 14567 43909
30305 43959 16129
36506 31011 32236
40868 4805 6089
20667 14915 1324
2675 26166 44000
41019 22359 27441
3690 33735 13585
42047 45381 40442
28257 2363 5792
29890 42892 46072
45937 2683 33070
8988 8203 19343
30189 1358 9770
10403 23752 19204
7365 38575 868
21752 41231 9485
27898 3058 5894
10174 19722 37374
3276 44038 23664
14287 4248 32163
24535 44792 853
40065 46607 34264
26466 35126 25363
46046 2065 19432
4815 42559 15347
43701 3804 12571
45763 42987 22229
31192 29673 2359
35503 9460 42411
6458 3778 19894
17411 32785 14
45664 37887 16399
42232 25869 38185
7404 20478 12349
39023 12273 16145
2488 7900 12945
7912 32913 29479
32009 24707 22182
31024 46020 45846
36853 21943 46086
45934 10435 28636
42772 27459 31213
18767 22574 24236
37891 13149 24016
24957 29230 39562
11667 19788 25418
9124 20636 23646
4475 18497 36841
28411 38526 28756
2671 39289 27469
5904 13637 27551
24015 39320 18141
3486 29412 23766
31966 17995 26816
10911 38682 21655
2119 4329 28415
17285 9083 31519
13280 24431 9655
21887 30726 39929
31309 25994 3512
32263 24669 11344
37727 9151 10887
7059 30725 23474
34803 38524 7528
42394 24408 15234
46182 17340 31790
17470 41126 7492
45128 32958 45827
35393 4176 21110
14019 17769 7921
3258 34475 6233
43733 35750 979
4984 29108 16678
1218 24258 34225
30294 6045 34449
13536 35616 27680
2191 28190 33711
18807 16927 10991
43760 44012 36967
31903 37402 34258
26912 28357 24354
33338 34347 46085
36297 4398 36213
37582 3467 45323
42913 44558 33692
31745 14348 18245
25977 43236 33314
35445 17266 19419
20927 32544 38759
43804 40602 29178
33727 40564 3873
44734 7628 31165
4671 22151 14654
6086 40314 1733
45815 34681 19192
30706 42638 4732
32196 13642 19919
31721 26474 43166
39702 32436 36318
12338 32261 2844
46328 2663 43986
34318 25683 27007
33743 3926 9807
19693 8659 45082
7081 37744 17084
46136 6536 28855
30659 199 6250
867 39283 5248
38717 10167 38642
10504 23547 27598
37009 33334 19964
35430 9996 39405
40942 18490 14325
17865 43411 44749
31698 43785 19472
16797 12272 21521
39318 6149 37792
42991 41527 31080
35841 21181 11396
34880 7780 4014
46146 43702 26941
44216 34145 18848
537 30654 28882
44329 12002 13954
39462 13520 6590
3922 37576 38546
5407 25558 10155
10099 29577 20058
25882 10734 39299
37483 13385 20528
3606 33397 9627
6522 11466 40573
1939 15538 44130
39544 27722 24665
33119 33679 17393
29137 35795 13733
11884 4532 35948
39310 4374 8091
31637 2272 32978
2691 37042 29272
23164 19761 17027
45074 33113 42697
3252 12740 9405
34387 7102 23016
20332 27430 43781
45536 16319 15320
1208 35627 14594
31361 25206 19691
27196 19375 39047
