1600
1421154 1856244 3134566
2577152 4462424 4727187
3836172 4787338 2599561
4403384 3610464 1255481
3086141 3509953 780338
2350284 822159 2511638
2793594 1270376 1099903
1638863 3310796 1116520
4182065 1700338 4749054
8487 2723974 4191416
4288927 4500377 240089
2140751 1341923 4148194
4777196 2826192 3645758
1604331 3905805 1748581
1758378 2721756 1820202
2553659 1498196 572923
171857 1427903 2985494
3346496 4037549 678525
2326071 2017708 2885933
4707388 464451 2197024
2423503 4735828 298053
3907286 1175031 2836291
32965 4670073 3494608
1950763 2768389 1465538
2235561 3280693 2809903
2296963 1320997 3364922
3849876 286529 934322
3899882 848435 874183
157038 2964632 1264717
1167107 1650779 1033325
4409275 4315861 2241722
3060342 1334369 4762617
2645506 3850552 346550
2259310 2705878 2113974
497609 3839380 4363672
1324798 4503831 3545992
334350 701535 4196838
2889418 2227437 509186
3079943 914831 694560
1221299 3764016 4401697
1868835 3682982 636372
4705277 1500445 1093594
908906 522967 4487637
1344439 777887 1065907
3619010 2171453 3356486
4029356 3198006 1221261
751187 2897786 1792169
2539141 436227 3298504
2100315 948551 2776193
1759180 3885660 2546344
294851 1069101 3858749
902608 4439555 4278055
4767205 2873442 738489
4224241 4798222 300664
4697550 3159139 3449738
1677781 4412319 2468246
1492707 602886 215852
549793 3187215 2003746
3589076 3426566 1313262
141731 2151813 463212
1222161 4736162 334568
3737513 3755905 3469243
4788274 179339 183091
4754614 416997 2385703
1359563 3165680 3868783
3664736 3715798 4812778
4236662 1100641 3189281
1142182 3100316 1942466
4542589 2715861 2436584
86300 24614 4121526
3345917 3008812 3561728
2636880 465899 1474890
1993847 4504640 3106723
1035056 3708536 153710
1358399 4363753 1041498
1972965 805326 3909345
1607757 1365360 895705
3061039 3191045 1135278
2118734 1526078 2230563
1621860 1142493 2683520
138015 2628385 1322871
1628853 2150271 1564538
4047781 1696202 1793612
2373179 4181484 1921045
2430068 1473405 4004557
3627049 2199642 4379831
725536 2412728 4379488
315077 3523873 4207724
2345063 4267425 1030522
1944697 21623 1966647
633262 2509132 4306820
4441838 2786950 2717897
1834569 1411359 3416239
1263108 318336 3593174
3332364 482847 649206
933126 3856666 2143487
4039213 1390577 2146552
670179 1267162 625497
3806103 2628654 3697449
1100879 3235522 1517086
3438063 238586 683808
372131 405473 231261
712842 4511507 4719423
2256344 988445 3998374
3558727 1755499 3499479
3349898 2292609 4323913
4181360 396071 4090457
4574961 1606801 1468111
2914796 3054953 2442864
1064907 4700541 4792319
1025465 2645790 3520317
661307 2211283 60457
2495147 4767967 782562
2972054 2139274 3015927
4805773 3425516 3349402
2922531 1865460 4595251
3387326 450749 1284985
2537466 2477627 4392854
628400 802327 4461810
1975758 4155963 1596590
3809279 1646156 3264855
1347690 524007 2160763
993768 2109858 4631473
114430 1816522 1401095
449110 3359576 1097683
1113344 3363998 3751183
1450652 3365210 4140299
66129 4444812 2786258
2202098 2879621 4101095
4399360 3294090 1069998
3422227 303860 605028
1847647 4459878 888039
3475561 4579018 381873
654601 3388601 4445545
1206686 1837947 4707798
3157447 1167980 1235438
1054691 3344651 4627845
3455854 1431138 1759
4115648 4641681 3234596
1536205 519124 614859
278668 2142938 3152823
688931 4099842 3144818
3071052 97271 154653
2441170 2685136 351055
324262 730792 3076421
3184713 2412048 564059
2947691 1316289 1664154
2056558 3116828 688554
436699 2909928 167509
467797 4596236 3365277
4215846 1603708 2465608
3143645 4135770 693235
4059819 1015835 2055799
96252 1823608 3804996
3487918 4160570 3677078
4449399 3313653 1610832
560714 3291887 4243275
405539 3783580 249231
3269166 2151282 4328773
1539112 1737249 1042779
3420070 4212458 548930
2849881 3190461 28557
139063 255046 2023525
1816594 3811540 2226260
4456843 2667154 1531530
2990077 3148770 1338542
3660928 447511 909345
3457787 4551338 3517416
2909289 4560373 3549168
4370028 3039572 4142675
3089706 2519195 1023363
3040696 1929158 3016618
2938774 3232466 2774222
2171448 2186393 1570376
1155693 2671277 3158757
2868922 2278344 111746
3682693 4792970 2370917
4678890 1563465 2309398
3193016 4589660 3692793
1190269 2058382 3224042
4112595 3016936 2933314
1625990 1224228 2187183
4182199 252733 3440874
895019 3129226 4098709
2163767 758707 2568408
3602261 4152179 2522370
4422710 1313127 669046
2049143 2413703 1347908
1778718 1615629 488942
3101165 751033 221483
2771602 3169436 164685
2622530 1169952 4355645
2141383 3919746 1423667
2143164 1831716 3239746
3349946 2485069 1832125
3899211 3432351 4824803
844835 1114811 3923932
2187814 905723 4064394
689884 3550204 3013990
3877970 3374550 3704185
2994271 2934321 3359346
1510377 4697033 4754884
3726489 940240 3967977
1859284 1974450 2299724
3547637 4773866 424430
2202451 4818441 1664466
4415249 3493083 804556
913540 2564074 1969119
3950474 4415161 3537720
4339724 1917644 4112063
602736 1376170 1442360
4140352 1879002 4307425
3702117 4690361 1461637
2738302 1265096 3668490
4232851 4973 3838141
4416889 848971 3769316
3831879 1541342 2898770
4800282 268257 4584002
4726444 4767415 236626
2540790 2975039 861003
3563811 2426493 3206213
3133266 2929651 82605
3667333 1000467 3521313
1729190 2208730 2982542
3843559 4164334 3974251
238200 1639477 1088660
2431894 4083095 781044
4224382 216343 2680078
2925863 3601105 3639267
4243287 2971401 3099051
4815343 3800682 2508140
3842594 4723674 2905739
2243912 1995324 1903285
4224762 746468 3739160
3712071 2732642 2326799
3418292 551311 2348559
2425347 1097733 4092379
2049156 3044869 4553989
3777650 2840697 4621450
2356059 1799971 4337522
4326183 630319 1712916
4263277 2894091 4311635
4514692 687641 2398630
1675223 716293 4600509
4554260 1100043 2186723
2368412 1396115 1410390
1950036 2868446 203514
521395 3414763 4130056
1930006 2998537 1570230
2775754 2643247 816339
3458208 1773619 4203060
1178985 1000308 464570
3224776 4731119 1221960
3947610 2625488 674667
4498174 1548272 2063843
4348444 2265287 4055393
2056140 2378065 608730
4487367 3406421 538946
4484333 582503 2468379
154465 92061 3839371
3491488 3405981 3794089
1001637 383728 171508
745818 1085019 1917680
671689 1647246 4481694
2365169 928619 985356
119746 3654162 2591709
1179788 1080081 2434349
4545229 192865 624999
222907 2238897 4538293
4265334 2294832 2548377
3201215 3633252 1136697
4234624 3151563 2334355
58815 3957739 819279
1550740 3263074 2272844
1544240 2051668 1873210
3873532 3448081 4378713
3893645 3281743 117396
204766 343161 2999777
4237390 243108 3020368
3791070 1867145 2316928
4211718 953402 2617416
1889729 4199352 1164767
4343374 389608 2404995
4781503 3507285 2184150
323725 1857952 72007
516891 797733 3666042
3003558 96090 1267052
2894443 1708914 3989956
102874 3830252 2242624
2426268 1050103 4695100
3963884 2193945 4274801
925006 1612722 2660459
4632221 2862705 1428897
503381 861362 4697720
3121699 4431096 1313326
3535482 3939043 569335
2486175 1235513 1858381
709282 441225 4482820
3123614 1029010 767883
3607332 863257 691176
4754943 770384 526865
2606410 4449740 1657178
2264668 2148282 2480145
3618394 1472959 314004
2168023 4646664 3640843
3722271 1706664 3211560
1732764 1991457 4194671
1992849 369266 2054308
460488 4529394 4046091
2201307 1094207 4331199
314316 829549 287565
1556763 2842964 598636
1233669 2683436 1861410
534767 4427094 2068849
652345 1779273 3472300
1210250 2778550 472431
3437253 1743714 196512
4825493 4138638 2273402
400022 642048 3991009
4128382 2199794 1610529
1574211 4116713 2080982
2614204 2432631 2046459
2590273 2972558 391871
2718548 689519 778149
68921 3867229 189682
3723466 4249384 398880
998073 1241563 2107019
3675597 464801 4272402
63869 4053679 3906364
1189178 1821866 3107274
2029547 3444932 3459786
35929 3505658 1387672
3670401 416147 2812414
4645346 4723470 4656702
3471061 4755950 182569
3854909 2687258 2391532
831751 455760 3006376
1451916 2116972 1860904
4023922 2878001 686321
3324794 1904705 3343195
4485425 1299249 186588
4256458 416773 454830
97587 1392272 3930244
938195 1849967 2473358
2347051 3006453 3658237
1947732 3871204 923665
1281797 1231712 1491790
3437382 2948696 202890
1021631 1963335 2727228
1108703 1684426 3418829
1338748 473445 97386
566002 253508 4554202
3858094 3177626 3086535
2325863 2294113 3758910
1598333 3896189 3376979
1997104 2131848 2771912
777293 443902 251332
1914519 4478706 1300757
3967773 4316069 1837731
4560848 2256315 1284308
2417465 814010 3280035
4296512 3635502 636551
1203441 4753936 3414842
1336495 4330940 1107129
1431894 199313 840097
4023412 4530520 2212994
1284856 1915647 1422144
3690865 1018691 497542
3488275 1295764 227979
727166 1165871 4595248
1118479 3193557 3701689
2688919 2660222 4247713
1228579 2036212 2881013
1484482 4369973 2447543
2950448 1411817 1817462
663974 50684 3062889
1452174 4088861 3360578
916644 719271 2122149
2200096 4545965 1658325
4525256 4141942 1569639
2354371 4213262 2361110
2995923 1907093 2175999
382508 2085991 2079992
2406834 3161302 1850758
2674145 4405652 3685288
2134057 3392836 1177156
400708 4445267 1806634
1316716 3295240 1636134
3975652 3731829 4557037
3452580 227667 1341189
2559734 3553290 3268165
2944838 3229521 3993375
801156 1630223 693074
3626786 1755375 3542143
4428048 78326 2210575
3788768 1854981 467880
4480004 4610855 4551931
4627775 3677029 151806
2427998 1954292 3419810
2634065 4431394 608446
4544682 3230609 4333913
3948013 2093652 1163159
1346202 2296241 1880185
478691 382105 4016264
2125196 2695980 1092333
126001 1239804 183868
2886865 443524 3760516
3236651 3773782 3808458
1353646 2305629 299760
916669 2635733 664126
3042118 611288 4223820
136507 4685260 2864013
4750376 135937 1019465
1480027 4177416 925065
2308254 2892749 2653955
195924 1475531 4575884
2693990 3015763 738639
1960964 1748147 4800682
3373030 1141880 3004392
3041801 4374192 3309604
1995367 1085710 2411396
3275398 1203201 3316812
1973203 1584925 2173430
4211117 3903493 1103563
805014 4136612 3722217
2831587 402909 2304140
4508712 1154375 1476974
587025 4598648 1903846
1835076 1004826 1645935
2678966 3833695 4132580
3498422 2290931 2591357
3161944 3783753 465739
4467311 4604239 2313109
91600 1698362 4701480
3360378 4328667 1074660
1397609 2687656 2829562
2327189 4174785 3829422
4008694 3540897 2761543
1223354 3220887 1847740
2527689 4763104 2217218
1540180 1384847 4243080
654655 2334610 3798158
2746863 2161390 2464514
2500500 2324997 3193579
2302330 4675580 2640095
4778290 3545702 188030
3532728 325208 3422748
2032826 1361824 4078979
4238388 4301152 4259375
17825 3549878 3095958
1596184 3739301 3810384
1789852 1886054 3011380
3679152 4017239 1606618
2430185 939698 3288870
4263554 4652483 1000162
355639 2650735 469914
76117 3229619 393923
2037561 4623337 465881
2776359 3409112 2972581
33865 3388172 824295
1688682 404796 2208091
2081526 647093 3781707
3753166 3773139 4369156
3428284 2748296 1172560
2184698 2739764 981176
4779507 4456574 841048
3624544 931010 1897137
3494755 2416875 4563108
2251956 1226538 4070172
3106545 1438708 2509320
792489 1300100 4544699
3590986 1080821 829727
2365641 4808224 3197843
4382759 3377879 3189189
2995480 2497362 181004
1382236 3729427 3805543
2325950 3995753 3279911
2424432 3382456 4159760
3097450 1743248 86282
1331825 1619501 4094644
4040558 3196475 1190593
3924166 200538 1230126
1910997 3099503 2306115
3820306 2680762 1967084
1519923 632903 1074168
1569552 2961058 4541435
4753162 515435 1852188
2080146 692503 2000249
2696397 3412223 1092681
520639 1806707 3309728
3020528 2388064 4764780
3907438 3564194 1582109
326255 1175565 3301649
449283 2479764 2509632
3487795 2444914 2095588
2489840 2671781 929389
4199443 1534435 246563
866679 772591 1118030
2851639 1831798 4509812
4800298 2546916 3915258
1065403 1225749 1203333
1861103 4035214 1325752
4645048 4375399 51629
2129855 2160253 2507017
3261760 4236380 2635256
3099916 190338 3317406
2628548 1163474 2207380
2304824 873158 3473785
3286244 2775526 2585638
3120952 1746037 1561054
3161709 4779146 3223896
3766761 2779459 1527727
2113459 2787464 4126657
280895 3436860 3297644
1088209 464524 4283809
713084 4100065 1181389
2335570 823599 1562250
4796314 926032 3644929
4014234 3886764 4091166
1825787 2622940 1281430
4543818 1858094 3204284
1119337 4524911 229180
3506638 4741068 1906116
2280801 3629064 2374954
1580974 1429724 3311114
1292113 1003381 4517242
227379 2600642 202671
1844633 791099 4643619
393965 3447291 20764
4125227 2500910 4273333
1086337 2490193 1052808
1350390 2382329 1533177
2779123 3139666 2558404
3512389 4613146 3084905
1949573 2212633 4739146
4789439 3660414 1489378
2208804 2697441 2902630
2549164 2618547 1280772
1082433 1873385 4693306
3948813 2667758 3829016
60179 3966831 4552051
3393782 2059759 1847514
1570168 411747 3658395
4327738 3230136 3854331
2348585 3348171 2672845
35175 2281317 2551602
2358492 870918 234709
1966718 2869485 739899
3672209 3757319 2411571
2065895 1114317 2638868
1935196 4304774 733467
3101281 2139652 3352790
758086 2827830 2503834
1373195 4507827 495253
2372746 1426617 3005803
1865263 733132 9494
4445187 1952073 353910
2106859 411754 2246888
4120891 2974528 216273
535557 3299322 4787096
845975 2687323 3356901
79627 86310 1712411
557038 2111352 1976410
1790132 2202676 4560549
2552295 3841558 799934
3457615 1815777 1946630
2788998 1385665 2200443
2695975 2647735 1835462
4812341 2163004 4814470
2653524 2927374 2496934
4496052 167911 4183367
710962 1329554 735283
2616711 188022 4229563
311060 3330510 4177113
2517159 14812 1258685
4679322 2580368 2451168
751038 439454 2945139
641907 1136595 917264
48947 4404936 3307524
4199843 953515 4022600
3861570 3465678 1701086
18634 4513445 4439405
2889388 3928474 3131528
2768837 2061239 242917
385119 3654646 2566451
632313 2765310 3212833
3440142 2950756 531048
438020 29778 1499437
2673956 4156250 4531287
2994184 4587777 1975580
2649410 3412381 3362309
1535885 1228656 328848
1398523 965375 1919947
2582686 399225 3622246
2855333 1790296 1563241
4130218 402780 3696831
3739307 929615 678662
4100318 1785290 2531285
1170543 2346052 4359116
2441476 1578278 4580040
3383515 1848941 1359587
4577786 3164873 2906991
2210296 1022879 3166424
4523656 4039075 2843725
473233 1387504 628772
4778948 204243 4527541
1532227 820245 594369
3803046 3855277 4325814
1731792 2422505 2429091
3156389 4758610 634007
4633688 991730 1127261
1425852 3526448 1407631
3299291 2934052 2877719
702731 4576514 4379933
2722371 4655867 4375777
1545259 495680 3810907
2754365 3451363 3021015
550885 4224503 2564045
2752683 3809340 4125097
1126627 1375374 1886105
3168474 4170324 4328074
3211863 66785 685030
3279612 1473680 4582918
4246116 2352644 879383
877575 3954430 2761306
1117052 1045954 1546263
509934 1464240 3941230
952190 1530316 3185663
1931112 1016129 3217914
2788596 942695 29170
3828265 2177659 3024558
3807191 2350494 1903213
2607441 697959 3262835
1659742 4100949 762864
2758308 298686 455148
3245184 1888623 1447257
2618435 2006070 4791311
3081384 1488787 1303021
1272779 3773319 574984
4236878 4425442 3719111
2467535 3835956 947204
2273285 4546775 3436377
3370059 514115 203384
3039356 1166984 2638670
2075206 4719790 2157222
1500379 3559966 4317064
519403 4298067 2802939
3224886 2728520 2904131
275415 1318349 582802
3276272 4386139 2068513
1529359 2924888 690247
4431859 648365 3886159
661404 3364072 814994
4510304 2279889 3293126
3286520 4189800 565068
4464458 795588 134069
1761538 2249554 195487
3126741 1095651 1291550
4584590 980882 4595889
1644988 2958245 2978388
3480105 2342266 4077528
3493489 3892028 3227044
3169446 3457401 2563973
3169046 4242838 3764476
2818692 1128217 3791574
3958918 52714 457375
1154016 4648772 1914762
510573 1957959 2296460
2088506 1159693 232616
3728193 386258 3539376
2898076 3037167 14570
3605520 3503056 1134676
243767 4805567 1330378
2656750 2118279 3977641
3221554 4004379 3871911
4556412 181728 3510498
4405432 4402436 1874295
537823 1249350 2024133
1685691 2806232 73376
395153 2388279 4616356
3354551 2742830 2397978
617681 3341598 2127703
1512112 3714214 4656578
3542172 1259030 2526420
1436604 1827440 3344461
183085 204964 1206532
3265711 980635 3385973
1261489 4616204 2030949
2411832 2799670 1223068
3798828 4065949 1990892
1793575 2703459 3337233
3386725 1631309 3786087
2692634 1005911 3531023
658966 4002690 628216
2117132 3414429 4283399
1952578 3725227 1188417
284084 1630286 2577263
251274 210018 1908226
2066246 4570705 1348673
4621404 2601141 794174
1741279 549512 2085629
332882 1379780 1770654
109869 3188889 862174
751099 4441176 1243873
2168907 2405332 3626193
778503 3940394 20456
3746719 2632140 1648220
560437 1464722 3818685
3817875 1564413 3995901
480732 2773315 4706770
846671 93254 4119170
814880 2163443 1312775
2905648 744467 1429565
4659123 1829415 2017077
1731604 1562465 2622549
3108982 2079682 4405855
541701 2825121 3809547
99941 4211418 3496880
1907480 2504683 905311
985354 1981967 1573146
936203 3223400 2416719
2993568 127085 315799
270044 3030540 2682589
1929509 4715488 1453550
4807055 2565124 3466397
185096 2339205 3546772
1537460 820876 4241995
1393488 256785 3669280
1951292 89522 456451
660138 482345 4096359
525785 293898 198593
2590770 930879 4171595
1454965 155110 1777688
1943223 3899730 631508
351496 3962493 4567328
3532407 1140911 2644417
1684022 1035226 4199616
3582218 132906 2877219
1958386 3156267 3538029
3390450 4461425 429990
1224926 4475904 3833399
1027420 3275941 990351
3734333 776749 3377064
4664927 2971025 1191166
3901630 3473151 1175075
2129863 4609639 796833
432172 755306 1099864
926683 3340313 2562744
306880 3346072 2761111
2377586 1719915 2680231
4316881 3512826 931962
2457291 3840793 3841868
3792980 4700361 780896
1826129 3112542 504480
4203395 3393361 2355765
1299743 2590334 4470089
471943 1103214 2847241
511778 4655229 887425
1437437 1432618 3183471
1886573 3790799 344969
995307 13233 4128466
2259865 3910959 2753916
1715902 2529095 1986044
1932150 2878966 1534209
2493114 4500177 4674104
4434224 1525127 1795617
2023056 3297903 3469793
4508780 1393621 3421327
4126677 677858 1650579
2870707 3708312 1633804
2332043 4404668 3555031
3294548 891629 694535
2286406 4111497 3085437
428795 1347370 3631979
570399 1300171 532540
101607 1809702 760138
1128291 2706474 2587497
742424 224012 4160838
4014827 1625292 4022829
3048361 3098896 2183410
3660667 1514339 417393
1600571 1304999 1749612
2784188 198174 4577506
521672 839796 4192174
1031580 3262148 4380806
4095590 127110 422857
4371997 2404299 245452
2173703 2695226 458429
2956186 1126428 3357115
3894379 3204754 3608834
4280874 1233855 1502594
4238647 3774198 458904
337565 2740867 1746683
2903496 4824783 1952665
4049693 1821364 2749482
3659386 1881438 3366059
871209 743584 741509
205680 761649 1873956
3758643 621155 62872
2775962 2099391 4362432
2851646 2501992 2097612
2929865 3273355 193030
4786102 59458 1825315
4791851 1376319 19140
3158796 4090310 259704
2675795 4667909 2622148
1458731 319133 378422
855212 2487542 2728072
391330 3870365 1506744
4022832 4101915 3008530
1935946 2634134 3514365
2351503 1284519 4208042
1217652 2717938 362566
630648 2326099 711723
2841894 1730817 4041018
4558617 64722 768258
1051769 1472100 821345
1253403 252012 1914700
3211975 3932045 3949675
320574 1714467 4190241
1002025 1336837 4396230
2980069 3474567 1983048
1986075 1936716 2422103
4315585 2729742 4749527
3179364 4018597 4270667
2954289 667819 4412651
814561 3045992 3498834
386581 4671841 2356450
550552 2369018 4668196
2499732 1593519 4335194
2283775 3749419 3716668
4276808 1578415 68665
2851304 983318 3836749
1142495 3678147 3130760
3358280 4043632 4457515
194373 153158 2788224
2087014 2462003 4772244
2495139 256553 4569098
4764771 4069381 1502231
1075530 2758770 2306319
2198048 3474875 4534881
3529755 3118408 1627807
894051 2764182 1234372
2434289 1930797 4547290
663862 3650664 386915
1734044 2002787 4259002
608442 3685670 4400825
2711907 2210561 2544860
1571019 2445178 3726418
240346 209044 3924049
4421196 1903725 1095749
4717314 4333648 4219969
2202882 4548391 3153808
2602421 797641 3497518
2272626 88448 39420
1912666 3976322 565967
3249370 511230 1030343
2149487 2393453 3639361
2572884 2306 2149158
1851087 41145 2793383
3882659 3742124 817948
4821198 1479636 1509270
1395967 2601260 2466879
2263944 4313092 4690691
4119523 2575981 1544885
24963 2673565 640580
4692706 4008995 3871708
310063 4317618 2311054
551924 4551216 2654859
2950602 4443118 3531298
1166934 1495303 3885751
671376 837501 3451625
1638105 4406831 2710972
2489209 3428045 3038735
1853451 2782534 3333716
636175 4093164 84347
1206418 4634106 2004570
3798872 1888541 3028779
3918923 4200052 435469
4127058 4673249 716680
3125706 920373 3904609
3407462 4543870 3652713
4371779 3232548 3712749
1871535 3785184 1007231
3481771 1105704 1873691
4353024 4214584 1259925
2562206 1363849 57521
681295 3789891 1225016
1374648 2490044 1312789
4605180 2062875 1288960
4324387 3806622 1556093
4468492 553148 2000115
341427 601648 3089408
693126 1795461 3602945
1480085 598231 3420554
4272565 657972 554397
1370996 3359961 1259239
1400740 3583553 660313
1232471 992506 577527
2953521 4559646 2158652
4153130 1743339 2575218
3224155 3109203 4394908
1931706 4823281 1706057
1912749 2360695 1734611
2469570 1407844 1760331
2305625 3541458 2466973
376909 3248971 3855961
3681110 2744090 2496627
2718354 3532844 3366890
3576628 2070276 1081126
3785659 2661230 3809141
747891 4053918 4211464
1934801 89621 1960984
4424155 3449347 3177535
1844121 4132602 3725035
2192599 3053497 2773885
646094 4230149 3258955
287677 4573334 1386271
3322574 377511 1072871
1541362 4114478 3656926
1752268 3898292 566347
4734229 3050466 2106991
1125882 1060064 1615209
4256945 3493007 1860662
2343564 4085674 322371
1877531 4060278 3239349
1010429 64979 3076262
580072 4426827 2464276
4515319 1117269 1424941
2576787 947314 1104408
4652837 2036015 3605652
4121579 2198513 3206752
3705114 4550402 2199619
2218371 1186889 1294553
1211425 1842686 2116904
4194018 935551 1590319
377698 1176372 1193504
3102622 2962781 2845652
4817303 2290016 403492
3350731 2334018 2803054
71171 75741 2824376
2897854 1032377 3657343
2167519 2261537 4664826
486933 4275155 3193723
1315531 631370 191443
3198083 2272130 4675307
2579245 3072468 814203
745759 2004906 709392
2666783 1084200 1833087
906340 170900 4252807
3777438 3745260 477927
1701457 2283287 2123476
2522855 1108305 3828949
1948889 903912 243719
3025145 826222 856525
1255690 4637172 1028874
4778085 3018791 2019025
4541857 771120 1408034
4740708 19388 1454
1663781 2142286 4657952
2354016 4614296 3428704
3205907 224483 4459568
649749 1937036 3592194
973052 4755140 317882
4497094 1597482 2946725
1974872 438170 4523547
1161156 3948459 3107608
4333015 4392146 3148601
169104 4240956 2268197
473012 470766 2951438
3204600 2032710 186223
2000233 4003300 3603683
3938276 3246151 3608515
1522193 4661068 2422883
1338245 2614739 3100457
4123478 1944963 3111079
611087 2871563 494083
3148229 1698212 3128084
2854538 4045612 2259589
4267862 3615321 2105569
316387 4144069 4142586
3211777 1556573 2619179
2385660 211812 2205393
2844015 3187233 3359174
4049859 828104 4529719
1547563 3314500 1173385
3516929 4108128 2246506
120960 2050317 3101001
2246654 4644049 603605
1828203 58104 2798568
3547935 963276 364380
3973343 1142471 2023401
1938847 3941047 81589
2460809 2853931 3241635
4752664 1712845 4247419
743944 2208241 1446768
964995 350888 987652
760085 1570456 795069
113395 732 1381056
2393804 4195259 1406469
649058 1718907 4224480
1591836 2909745 2387
1619063 435351 189786
2360293 4578336 1829173
3585140 150868 4344209
1965934 991649 2184179
4327863 2839181 2225911
1520335 3633546 2320531
2408805 3621178 3224639
4554097 3757985 1406412
4226162 2691162 1731248
1781697 475508 3043914
4768686 3940925 579457
3766643 2389825 1640159
4620146 571822 4423697
3826776 3335439 1507835
1793175 4300518 4058105
3385051 1133639 1052651
2737089 1400363 441258
3937454 147203 1989504
2347638 923481 2882332
933353 963024 4406364
45979 1552128 51355
4234904 744696 2133198
2386053 3342611 571447
1937016 3996025 1876074
483706 3591206 1623314
2929582 2232849 2001117
352498 4067208 4021099
2243614 3805652 2073501
1637513 3649075 3103938
1734298 3537324 128928
3898962 174347 4067752
352646 1726594 1165690
202698 3615007 3665049
2712462 839559 4312982
3616064 1914219 3956568
4014419 519236 3163988
1158160 4523448 1436018
357370 2434689 1436647
1036874 1373099 3843826
1555735 3202314 4660656
1268766 4474340 653461
3596071 4011289 4247282
92797 1907961 2641523
2445296 207323 1703925
939746 191955 3481508
2204247 1836322 1480583
806865 3370313 736401
2874880 2089336 976794
377269 2705671 4675534
4385051 1756441 1533758
2577119 556551 4774641
3712031 2403564 2806167
4337164 434272 3260664
2973868 4309 2347941
4092411 4576560 1280072
2847063 4448180 1083086
3445475 76993 4570068
977591 1908879 3524568
3555388 2193499 2640430
2820092 3628790 1396071
4052668 11075 847268
1749368 2701358 2391092
1857716 3495118 2639536
2128377 4431386 1949456
4741860 808082 3749374
4748543 4465425 3044339
1964033 4513297 2288731
808421 267062 1303888
2496497 3658011 268244
3140623 495763 2832635
2628585 1143715 1829609
1471885 3462630 3817165
780837 3251792 4655911
4056103 2510647 3797763
4521209 1455833 833632
782387 2813140 2447378
4217682 973242 558280
1275371 622434 1954974
3128179 3714377 925554
1097953 3915294 1498386
2707575 2080028 1492901
674568 2348772 2164351
3100651 85627 2110674
1566712 1817530 2134219
855505 869112 4660920
4814545 4389903 3449874
2429563 2511113 3757432
886328 1781972 273841
351682 4409109 1761763
1596015 1248554 2513509
374638 1510858 1080987
1173808 2166753 1569058
3697874 849502 4815861
494770 1293859 1988880
995715 3584683 3694458
1427232 1211301 2099761
2121472 767632 3258453
3149962 2635129 465800
464341 4639837 4300460
3257765 4469518 4310299
1843210 512254 2218871
1589911 2680540 2773150
1500673 626705 1517028
3095887 1363763 4161879
2749907 3730252 612835
1778269 949952 4412062
2771129 2217297 3473281
525964 1094846 1180940
185996 1040863 4387962
921086 1137608 134839
4289781 568172 4077110
1152162 3464583 3014219
3119937 1470803 3056497
162206 4656803 1757401
2045893 1538695 4147301
743577 926230 83593
2202701 1655979 1469934
2154293 2594328 1279632
3111094 3703829 2078595
319404 4409821 415310
2484855 1040251 1421967
3547219 338915 3553820
1855787 2920647 4250369
1344964 440056 3460685
4189599 1303365 2908359
3308644 692058 1865994
3220653 2680490 2498091
990959 1735260 4747618
3305873 556806 2742840
4249003 1396307 4111067
1303207 2480526 210942
3020905 4263263 2635364
2771608 4503467 3270487
1186003 1248039 4770371
2910865 4484305 4688937
1770539 2410592 1891176
4818108 3522938 3061497
3810077 765649 3136454
1315578 1799625 1409887
3897812 118420 3405710
794641 730341 3182384
719866 3874625 1751843
608184 2366846 2969215
1830896 427007 3567380
2669382 3875474 42875
2941561 1030614 3263465
2623316 449046 2093214
105493 3265877 303003
3765270 965303 3647739
1204998 4779258 3769024
1962685 4386794 1193064
2581815 2887755 3146611
3915172 2164598 887378
3795901 1196809 4423512
1965243 1960466 3414463
4592270 1454047 1619451
563658 379180 2259363
666980 316237 2223181
1093624 262348 1583414
1740189 3717967 1114508
2561274 977045 1814441
1905018 3059372 1092271
414513 2635267 3741895
4310639 1785531 488570
890410 2336590 2438275
986058 4530736 210810
1838427 2583257 2161882
1904792 3755255 3993221
2167767 2828456 3330265
576097 2499499 1257775
3636695 2428705 3182344
3360374 2132633 4766088
3708180 3683246 3980692
937548 199331 2516967
4719908 4576502 3172142
3287073 1826445 206999
1379182 2229143 1729601
3669577 1322524 3330435
125317 3443873 3189292
1554496 3334287 4012504
2794322 1865615 2647961
2292568 2754938 2851865
981328 1529894 1381030
2349620 472306 2687654
4697075 2863019 3826296
1214683 976851 1026332
1996324 4604341 4305255
4069879 2955770 2509966
1144054 1548201 463577
3562415 2691499 3078246
2376924 1064302 3725296
332829 2132809 2108843
151491 650123 2960423
1006421 4230526 3628809
3229023 1049329 312857
3264509 1712280 1129079
781730 2711907 4546054
212479 4410074 4416853
2512693 3310817 1492175
2256077 3212515 1747819
3699467 981404 770422
2242618 671842 3278861
788125 2062680 475091
293127 1879351 3772808
3814024 1584532 3266288
2425383 3258508 909636
812521 4448041 3081591
1492462 1406028 374360
4214286 4613059 1766586
2333383 381319 4113660
4340222 3705474 4586391
2892609 3792778 1133271
2817165 983515 184362
1245006 1848586 1475657
2840332 4034277 4049612
3018483 1754222 1776423
3214513 3796651 465138
1018630 2142403 3047209
2892418 916965 374907
3705520 3837827 4423132
4344905 3939631 375493
2646374 144927 1341124
1328083 905574 1158093
4394382 2583411 3810566
859269 2093841 1356047
126606 4058658 2631683
979073 4650353 145913
1303314 2537357 3848043
3524349 3871287 3581017
3866064 1073791 2418439
3828736 4634532 3774993
2654561 1144548 3745187
1637969 1355847 2231251
2012168 3203743 2155714
1721183 1600224 1933107
3066259 1975583 4653167
4544489 26345 519050
1750020 656926 1381730
3537743 2491737 3503345
195707 1869389 4274448
1891107 3292335 2784662
534479 3328064 1261755
1041932 4479697 3438396
3484518 2365575 1470481
3619574 4546105 2410056
2421629 3101391 1357027
2504251 37843 4681752
3757444 763501 3296285
2696615 1425244 2715364
4132292 4264128 3685940
3093587 4740720 2166161
4806573 3205661 439760
3733025 3935319 1568762
1959740 2791442 4736967
3865723 2069654 2663232
1753488 1788683 3085944
1383976 376910 606691
2810843 3521642 2526726
2098629 3341739 3134668
4622740 2879726 2300082
3232657 3475780 1987912
4825675 2285293 1777099
4560743 695540 2844227
651474 1857947 1095747
4299859 3308457 1305226
2868320 1668469 1851151
3183139 565906 3351496
4376775 3749854 2635838
1089522 3289218 2567344
1217512 4061059 274781
3410018 3944749 514096
4056704 4048798 3045708
4131299 157288 3051926
714044 356424 3174415
1140506 4708762 413681
3025892 1325376 771774
3841180 3407763 4767416
632698 152450 4317686
3192623 3570125 576325
1444087 30173 431066
2931310 4579657 2092217
3694243 2282043 2867504
2346343 1638367 2811504
4020893 1377241 1834764
2604946 4060918 145513
3228985 1143980 1147068
3531653 1601925 4529104
2069144 1174839 1555494
3825413 616354 724667
1771419 2579126 1718432
3128324 41348 4730123
3111905 2571219 4423920
1896600 3244569 4090586
504334 3383440 703656
2369275 4050633 3201588
792397 2482495 2985762
3274896 411465 2894547
1982516 1892412 2466516
889581 1341858 1692884
1871364 172193 3447387
4629572 4511836 1651423
4270291 4750489 4364278
870989 3705195 1428131
3152518 3466404 1361047
3174771 490910 1479291
3959032 1545763 3037253
1874829 3356961 975419
301826 2677521 3907729
4718293 2062814 225879
4439172 4301024 3626928
4336717 3642347 4716399
1834060 3473431 2799448
421443 455191 4569610
164932 4101193 4258691
1531089 344197 2369546
2618329 293719 705486
693061 3992623 866349
3788190 2899110 1582332
179979 2674388 4254481
3931351 4115714 1116348
1478260 4068861 3726589
3605320 83312 3890203
4303609 56988 148357
2592366 4216654 3196497
2893618 3319487 3316606
3757714 3146022 2353254
739758 2903286 4331769
2658595 3299071 1974550
721239 828099 3604318
3558820 825164 1680027
1079241 989538 1375704
2333102 4495307 3129735
2186017 3828435 1052593
3370147 588164 3834948
2262733 4106690 2646479
140500 3940005 3321743
3966240 2222768 2237670
1445486 3192204 1901316
2018017 2082016 4680609
697163 44482 2401983
2599222 1640785 2050024
3019055 4703158 217724
4725611 3778766 4624321
4789033 3760042 1216703
1407766 4060969 2933517
3266627 2505775 1856710
3480553 1304146 745582
201776 3268975 4107338
452808 3004442 2521221
179603 93569 1424950
2427482 4396129 196119
4020603 2209353 3210692
4090420 3799131 227324
2739215 2417772 2526145
1203815 1613693 2054389
3173852 487695 4057348
3229887 3090503 3180605
2543353 4078796 146599
572480 2931401 350837
1718286 2600254 2878752
2142402 428283 1535833
2619628 1849993 3538240
1733722 1821499 2235564
2981305 1414846 4374825
2017417 1728003 143455
2463278 2791162 3507166
4345750 2083716 2722094
1328540 4659081 3631142
3902604 4349326 1778830
1255204 4580074 2144324
1144202 4465093 2596967
929395 2799609 323355
2857126 2025332 4036798
3045663 3004490 1702372
644211 3084220 961356
3959528 3473160 3448238
4570789 3612691 2052591
2396846 2143995 90450
1556197 3318578 1293409
1761799 3998807 748209
1741353 108649 764433
1031573 1646424 977139
2500465 4028578 4569789
334709 1674923 3363913
569831 4099801 3196296
4140174 3722008 4724199
3252224 1428866 2451271
3322771 1819080 938617
2813557 1457651 109750
2658163 3195792 2895438
529427 1518839 4636760
3788552 1704027 2647110
1327196 2092926 55095
1028522 543209 1321133
657985 4559945 1215814
3844348 3873551 3773801
3206481 4357859 960546
46796 1210775 3764270
4338997 3985579 2543225
3918195 392899 1056668
4732659 3517268 1232187
936153 1058981 1474595
1847711 3683767 2232098
4148783 3249811 3708000
4671450 3142662 2501818
3029861 1894207 4346565
3701332 2426071 4104376
638097 1704761 3469562
1115281 923151 4663259
949403 2146231 4088762
1038817 789687 4291795
9055 4492811 3225332
2242242 2950125 1044383
779446 847773 3144343
1733543 1370612 680408
2609102 2869039 3967742
3718712 3658559 3021138
1669867 2683480 1240587
1774648 1576330 2808618
4411468 2555496 1420601
3156187 1991406 1746161
78132 1065858 99549
2797235 1387885 2577562
978931 3690790 4404484
1583416 706483 2513217
4105005 3373427 167341
3525492 1428655 1242821
4382962 2661061 1336591
1642259 437617 833914
4569541 4428125 1029196
2087755 3977292 4057717
2478900 4039167 3889734
2721413 783358 1944312
4615756 4357556 3170551
2325932 1728448 4253297
381291 3336695 1257603
479635 1304043 2025259
2264664 3737934 2041660
2245885 1932576 344816
804683 539456 1140323
1387184 2524683 95916
3083781 3285815 2373134
1075703 302563 745640
4519055 3390373 881203
3276232 4607219 2303050
4157855 633969 2227218
220429 4124989 3989389
3398592 1104681 3430876
1525933 263043 4794641
841854 3623325 2436371
1549954 3271588 4786706
4082164 3018421 2283965
4654211 2062488 1566854
2257590 2335271 446342
3761608 4808966 4631616
2164699 4033221 4243010
279611 968719 532375
1921585 4431426 1961298
2421709 3074505 3063801
3451394 1840504 4797372
4518616 3163880 207506
4573307 4188290 3887648
2367973 4566250 721295
3210892 4638369 2506254
127298 1198281 1514422
3467290 1447710 4629159
2190446 3574661 4330728
361993 1797099 4399950
1490060 1049822 2787961
3414461 1582768 1460357
1692232 4524339 1566797
3864512 3877633 858314
4002834 289500 4052203
237654 2665358 437467
3803130 1765756 3557062
2943655 4511484 4349512
1810457 4493054 3228766
3617305 4762926 4791774
4582773 604702 375644
4752133 114702 2521587
3672717 1423189 2112219
2532083 822079 2522950
2545727 4156937 171284
1597000 1993370 530035
3102737 2427533 160462
3162823 3864724 3152333
1085955 2550523 1409153
2129423 2557297 1508640
1646149 985489 2202993
1694257 4343088 4780923
3921945 829639 179933
291389 3670334 1310735
1791509 4010988 4787904
2522924 3688221 1849941
2010634 511229 754108
1866791 3612113 1808684
1494335 1054492 2725888
1642262 3496180 471870
3232503 2812774 3833469
2876270 4567861 2082610
480779 2513930 2494453
907145 3414984 1460991
2123324 1612342 4703047
837952 1958701 3499990
383629 3653951 4678138
199215 670848 1448077
3738577 2784028 1701350
4240013 1620849 1883605
1120018 4377200 1758091
3053685 4648758 814652
4582373 2381976 2570023
40229 381665 1514368
3965078 2609122 396675
3135587 2390110 3998620
1189590 1080726 4636603
3999123 2986874 4581435
4552118 1089131 2314593
1367327 154750 2378715
3139726 1845663 335294
1614032 675642 2825686
4153632 3417527 2407292
921799 3231423 4606103
2728228 4335230 4282554
213828 4197000 2471451
298857 3955117 3910296
2219595 2061494 470928
438350 1275835 3222814
1987567 3666225 1583954
485057 254155 1927721
166698 2515827 1945994
1413561 1708579 4153974
817163 3986430 1133374
1703439 129390 1679098
4527926 2855979 682118
831331 2914966 4726651
256182 4668440 2689475
547995 1690378 1498365
4124149 3785222 4771874
2216934 3888169 467005
1876821 1487670 650848
2662696 3101629 4327068
3673031 47741 1537697
909714 1486194 4505426
4655104 2591701 186040
4735417 1821558 4529397
2714836 1587986 3999221
1585927 2621172 2483156
3535333 2327816 3827144
3120711 2356372 4458718
312816 998387 1293429
3237389 3317087 2103921
4105213 3240939 1910403
1752325 3261457 762783
2107222 2745933 1019033
1866775 437903 2075867
1040584 1407593 2902545
549155 3214130 2217453
3886589 1492636 3638857
2312988 4327273 4102053
3495903 4715290 4496794
643798 1679072 2964847
225406 1159960 2693079
1711371 2382274 3896147
3811212 943693 138657
4183375 2493183 4752596
138012 4810860 1071808
1920919 3525042 1538214
3899849 2595843 233307
4714378 3692990 4416717
3389683 2781248 3182578
2296371 3555324 2974419
848900 4105688 2874138
1563220 3562233 3466803
4151320 3199859 4687511
2607632 1094355 2354433
3326836 399437 4736424
2384646 3716498 1936563
2941631 1152402 116401
2362889 3278326 4416939
1738887 2181883 3421993
3362154 1136639 1354726
4785886 4813861 3708115
1230398 1640876 3379614
3336177 4708873 1395052
3849541 1877187 3473788
95364 2327399 216715
2457874 2482973 2808728
1248958 2237906 4462978
1759514 1793543 3024423
146793 1798726 714774
1460135 4789240 1162761
3679623 350943 3157111
2497082 4241052 241397
1481212 2778368 4506363
1294498 3530548 1985806
4445060 3722197 1551145
4278379 1371369 4260917
1816529 3112777 4327152
