2700
3461919 4439182 2943105
3891698 6472076 1350312
1757146 5215723 355510
3955784 2857578 7342303
1444001 148202 4280263
3890316 5011717 6045711
4739547 3731489 4468710
4446432 3256154 7311653
2468058 7180241 1075576
3659417 4723995 3599553
5773459 1984762 378891
1052561 3837269 7300977
4159046 3552883 3183179
5882341 2860349 2897181
1467005 1104929 1213286
5456533 7412380 2438005
347644 6488267 4365688
1784442 4083646 1666404
4137397 1050396 7328338
3303509 2184020 3266110
4497281 7124333 4750559
3038843 295637 4610953
909758 5304266 668515
5663513 4147415 934904
7465215 1761158 1251736
4662668 3800457 6027578
6407208 6430690 3033270
7012919 7392943 6001370
3893402 5275755 2409552
6614579 2335656 855114
1033358 4863216 3141817
5805508 5579255 1137946
424698 6641143 4467956
6069264 1552606 4572584
2865119 3640691 3336984
2147264 6776505 3591044
868948 2487623 6753255
4575506 1513761 7379299
3972643 2628105 296511
6398068 891841 847375
687311 6611050 3906040
2723941 3456985 5937726
970787 5446973 1851808
7029601 3987272 2227498
5992305 7378551 3658707
7507043 6996162 2233539
5069334 625936 7320706
3001264 2629674 5078386
6127863 3963554 6546606
2411839 6664527 762838
1352784 3632416 6947736
5495911 5569303 2874991
822154 32231 134557
6037016 368211 4648732
1711529 6844046 2910794
3828768 5496466 609846
460407 5153278 836176
7472710 318707 1655475
3098429 2269880 2371765
6607795 3564193 802959
3094259 7513725 598067
5419197 1954790 2217216
75168 5291199 230985
5872495 5217936 305551
3663673 5864713 7295103
5134904 6776491 3132448
2099438 1510316 7048208
3280805 2819156 5802727
4850501 4061473 3615631
3071254 1365312 2986205
3035144 395333 5728123
7288541 5303848 5376754
2231088 6065128 3059442
3377716 3696127 1083512
2928249 3160444 816960
4330194 1069485 1361751
4912151 1633878 5365789
681057 6155539 649257
798504 5086024 456062
1042353 6073164 3233161
3685934 5956767 4582489
2408620 1695794 3970911
4989166 910932 4272377
335025 7414868 136104
1178151 6632123 2768679
7377166 5283347 3678013
5551394 3124614 2137409
852469 4111946 1571830
1285939 1687195 5134852
6141317 3882701 1983402
349742 2634071 586779
2547630 4658339 2624666
1181326 7132254 7375355
983479 2427305 3615691
7251758 605378 3444111
2219141 2112933 4176189
4170286 2602977 2810184
4755117 4542980 4038400
960238 902591 150663
5146049 5337723 2894379
5376173 2191619 5254363
5231680 4883084 4497564
7227616 4497172 3178096
3655154 2864877 4859827
4427085 953548 680821
339322 6405680 445665
2215960 148693 2222550
447123 631333 2758542
2400675 6157709 2241277
2813383 5620362 2461768
5837431 5138088 4874428
4684894 1384290 4880170
2889250 6749006 4053277
2908678 1474510 4714715
5308029 1680436 5722279
5915406 5872623 4436568
2121606 2664357 1912517
72081 5982260 2553845
2719118 2487625 3731629
2646196 20221 5292853
4370073 5218248 3396526
2624400 2802717 5623427
3141262 7457557 4536788
191658 7521174 846902
190250 6589196 3856039
6877185 1021880 582930
2515722 1362649 6304269
3912074 6303408 1176397
3380652 5333395 1288617
5993934 5650914 345755
6636523 64385 7242167
4684018 4164155 454971
6656865 2797744 886131
6597746 5355959 4445716
1225039 3931806 6907242
5373851 5465885 441596
5456130 3342506 6068055
7108017 436036 1248972
2066202 3188770 2258869
1031409 3885860 1603662
5367788 1831104 2711831
2932982 5068932 5699335
5914923 4339514 3380410
5555018 1701237 4335207
1055510 7365556 4045830
251394 1686569 4099684
5012562 2479807 812007
306275 2919719 6225992
5935668 1758771 5409997
2626448 7103965 7377010
3291577 1207638 2140479
4792593 823695 2101880
5378146 4056677 4713074
6020695 212226 1504637
4072255 4358873 4270195
505415 4185678 5064744
6693493 3704914 3497807
2647160 3795121 6153605
3614383 4233620 5845929
5405611 3907894 6123698
5225239 2052291 6339638
1196453 5987755 5505805
7433451 1035051 4237476
7420739 5962530 5511385
1487641 3013544 6190663
3418300 237042 5122207
702207 1583732 1615597
2338213 576960 271749
2177283 6168190 1109415
1603080 3787440 3163115
2786457 3303291 7434266
5412744 2512334 2934867
5978150 1912135 1744439
6403815 4546467 2522821
6329987 7166844 6233143
2330307 2799262 5459061
392746 1385558 156421
3652430 1473245 2542715
3958038 333440 1432038
4086086 1148119 6206595
3476358 1797064 4698423
4692023 1629505 5690706
6441942 6441720 6347842
2747956 3334562 417301
7087375 6047401 7388489
4086738 2315634 6223702
1771628 364063 6994124
2925079 1966054 6032681
4863202 5981326 3167072
4068109 96896 1732505
7181922 4803601 4179379
1987796 6995070 1873374
2640495 6777660 134237
2851924 5559832 6212447
5250799 460804 542447
57995 4240654 4931041
7060103 1825962 4183793
4674143 3271908 4131967
2283547 2269640 934328
2226516 3390924 1226139
1682174 140788 778300
6447115 6382990 3581629
7387400 1393185 502475
2560479 133276 6427498
4455203 393959 2004474
4868103 822435 3482023
2783615 6376002 2418493
6985065 6986954 4157848
7298553 343831 7371462
581124 5802153 2730717
3969481 5835638 6421057
5523964 5904524 155198
6078341 867887 6807157
5137578 6016555 3472299
5758879 7134814 6052951
2446631 2290360 6686315
4633206 532976 6925071
5517866 3851816 7034978
969061 5686597 3917964
2598288 1645719 6435878
5956175 191716 1349293
486876 2298201 1199274
5011352 1789459 1440201
7328112 6523807 2084327
650117 2241834 1919542
4489707 6664226 6932811
3519888 216825 4269275
5397275 2939788 4567825
5040270 4010645 3149445
2653058 2350487 2910865
3938493 1901494 4705422
6454278 4565533 4114205
774538 6305780 7305561
56235 5954010 3256532
1201112 6574441 1643767
4483887 6629595 2513162
2053507 4115612 5759084
5568423 332182 4177352
2971051 7188396 250790
627937 2572158 393389
2636329 6169344 775011
1474343 6187682 2793826
2468617 4956529 3049111
7231549 3398096 159192
6979413 5846173 1121951
3838525 2025686 6825493
3386786 690683 4159837
195287 3447005 3456001
6480185 3553126 4782419
1785551 7379291 1189516
4530066 5294842 6842870
3364456 844151 5349175
5068973 7163517 342487
274608 57695 3849755
4674369 3262212 2820135
656865 5065158 4334179
6369912 6115942 6589773
4495250 88626 4675634
1691295 3378668 7067021
2288696 708998 1497700
4377199 2285193 6213577
5073084 4388407 585486
7252867 819169 6898788
3038159 3388457 5850044
5884190 4651518 6842382
5049178 4583356 1714967
5285654 555678 350596
5367273 5390497 6916507
1751084 738126 639169
4497679 6934368 6528732
6200031 2758399 930329
2329132 2139143 4796792
5740137 510205 6019926
3923303 3926081 5253710
1867180 3371707 1331716
7064797 4251567 7328099
674918 5406302 6977077
2710533 6050173 3305212
105709 4927103 3626040
6597385 4570412 3846149
4268854 1043824 1305348
4645519 6287747 5459562
6089508 6660037 6433261
6996363 340693 3358249
5059866 4350821 491025
1009859 1953038 3713368
1568725 6514924 4457974
1872728 4744175 2990425
5102564 3190754 3733425
5460775 3623789 5026306
3012162 2021652 1802687
353186 973988 7387660
4586929 3010025 2476243
1952325 1222903 6198055
1700354 1911205 5470643
1533113 6050436 5393045
3840342 50073 3388532
7046964 4606558 7094054
6099931 1277982 1207436
6073607 83135 3164852
7001620 5552839 6387596
3157015 5089484 982307
5136559 2296493 6622959
5118212 3354949 621341
667330 7135920 2376649
2043121 3460892 5346614
1138685 5835654 7311500
6929188 6413308 6380445
2330269 668110 1778450
3576115 1017163 493155
6337215 5306040 6473722
5314970 7192313 6671799
5592811 3869398 5069511
1252592 5775955 6295372
5623115 7410055 1030789
7311909 703864 2588391
2573991 4482816 2657504
1739431 3281045 5865771
1180771 765066 6789382
2760164 6253296 4796761
5332859 954908 5215562
3510443 2131917 1017212
163554 5815796 1755157
4804097 7232824 1634635
2794465 2481708 5215423
603708 7509128 5351974
1711520 1026977 2250536
5663424 4905925 7006830
4028597 5110714 7162744
1813835 1463342 1935339
2661762 6953288 872760
7248166 3724531 6648897
4939592 4611471 3789508
1838344 2739213 7471772
3210081 996883 3293152
7086088 705475 4461348
6030154 2099065 3678556
6348079 16769 2806066
6580250 461697 2756949
923369 1673571 285096
2308692 5997553 6248151
2989018 4707689 6277219
1682716 2492650 4376389
3890402 4469883 3495921
7431012 1017634 4796231
5952954 7168152 3812380
3943 2058679 2079950
585183 6730407 429540
2906949 5813194 4830174
1449375 1832072 6179680
1866620 7018885 877571
4648475 2448041 180850
199643 7423834 49516
6539447 4333368 6286338
2467292 2622059 1171843
4434472 3783298 7080235
1872828 6822722 6514385
6935527 3990021 1580351
5023198 4419270 1278101
3877614 4911413 5871377
7502286 5589700 5567652
7497753 3305340 1629991
1079773 3732164 7023487
2962995 2382396 7251418
6450796 2191520 1382391
350421 6773375 1490674
3307763 2284492 1800416
1237613 933274 5368630
3908729 2776463 781867
4053471 5608141 1409153
5644682 4838419 2228636
37553 4387917 171883
3008427 3112542 533089
5344758 3672230 7222144
7261890 3807637 7343227
1526365 5606233 3684068
4999402 5693705 215115
4555524 4871271 3854259
601723 1155362 2757308
2137857 6246200 3857466
1169803 5006964 650793
1561491 2973929 3772303
5553344 7101775 2904562
5388224 5586827 7496859
3605908 5906903 2963415
6470984 3189662 6741332
5621375 5966146 3840099
7426466 1090160 3390288
2101803 5074035 6480645
7358804 3785370 7229964
3780865 1421849 1421020
2676193 2033823 269043
3789900 3862416 5700528
6611965 6951621 6026562
4773263 3390614 1508003
1736501 693347 4344064
7508808 1635555 6807923
2305370 1834972 4800863
6633738 3583277 991905
7078880 4057953 1491467
4832033 5025783 6432579
5571130 5878620 2672294
3182221 7177720 1103797
5249853 1327788 3652951
2445116 3563613 3432794
6896961 1511581 6093192
7252038 4034936 502877
3262951 3030022 1750696
1159690 5375590 2653996
1132073 3085063 6844012
5815703 1241215 1809731
5015746 2517969 6271709
3715694 3024204 4478215
3679491 6473877 3338675
6660081 5199710 6519342
5129698 6002767 3074228
6134577 1214233 958706
3991632 6804491 2136185
5804819 1798842 2537715
6882304 4562359 1883689
5722802 1822993 3434791
4741890 5577769 3861355
1621723 1021929 2271804
3369451 2674206 1216777
4582275 2366392 4041085
5009551 5227455 3815756
2400910 2322709 3030877
2696927 3687421 1315343
1301452 5560649 6121745
177259 1750683 6643128
2655842 2914564 5574474
4797393 3801541 6411153
5332096 2058067 5235851
3337980 6486907 2238736
4050388 1859644 4787081
6392992 4531618 5065053
3925166 7478038 4676545
3212627 1172118 5883170
1426392 419224 2607597
459062 6319861 1114660
3303984 3395130 2209779
1982740 5440029 257285
1666644 4743233 3004919
2571136 569187 4689340
4412033 4953181 4236877
354789 3651679 7030849
1310220 3231777 587517
5386530 1925180 6396701
2780249 3666728 2060642
4159307 3457150 773765
2052852 3762812 7107235
787526 7112152 416906
6114723 2175895 1820535
3380200 610633 7110755
4178280 452305 6843527
6772437 1148797 1656161
2791368 2028515 1909334
5777574 2417546 4663590
94315 744901 6305844
864477 6275274 712700
2403958 6084137 1780653
32628 202789 6747919
6744601 6364773 3358789
2915479 914401 3085476
5606761 4888639 3853432
6696874 7463273 7521763
4733435 1441429 4081929
6288681 6062817 5837121
3864091 6233591 4901951
1704139 5370783 6400899
7107548 7187822 2432558
6882882 356806 2883570
1125148 2455521 7344620
6950258 3337048 7060738
3859524 2648562 3681238
1434747 5078701 3896280
47485 977142 575572
4892567 4176884 5800195
5027573 7027114 6688772
3642191 1219698 5957294
7111438 3706881 6442454
701292 1999728 4097491
7251078 7349006 5042761
1301984 6157727 6944506
1331991 2807797 4251579
2653886 1265697 1822604
6638262 2013729 7467912
3136019 756491 146866
2753663 1787025 159111
2447876 5126110 3241093
249624 2093622 436284
3533707 3677806 3777144
5323352 2633502 1986115
5769774 5788486 6342821
1011326 1408519 3396541
6066423 287601 4694709
1259866 3976369 442501
4479551 6341807 7322317
2580222 2491512 5982740
4344072 6684859 5752427
2253459 1047930 808325
3930751 6905893 549555
1020407 5734758 5000721
3668842 2754050 3000868
2583722 5827815 987111
6754907 4144917 6752845
115553 4956352 3182671
2130879 6233989 5353891
7437884 2239241 3067187
1807983 3621900 6225808
2279879 3101755 3521821
3334635 1506296 4414028
1728132 1933754 6991687
4204102 6859328 1352625
5458212 4428712 6287529
751069 156449 2167615
5406437 5491853 431333
5929319 6572574 1398097
1638143 1475545 6697918
4687491 6395705 6242616
3905445 4569492 6460385
5579769 3578960 3207792
3789908 1235758 3583054
5529448 3171485 7210995
1060300 1704075 3049624
5614254 5096752 5040020
7164970 901813 747946
5235511 3415256 6583908
7270412 6440695 6623639
586206 4158638 5245131
830885 4855549 2929918
424395 3950142 6353297
7289903 1600128 3334000
6315541 5991436 5725291
1341275 2642016 3728167
3264226 1332243 702895
6821225 5939286 5454667
7293956 3825639 5428791
204509 5999886 2926474
1410707 4410724 4928950
7497372 1746251 2757895
3572243 1457147 4865873
3109344 6571570 589982
2319304 97083 7399360
401441 6099645 5504156
4206912 201287 1208612
4086019 2616280 564769
3168387 563743 2467735
6182163 5632847 3744902
6071023 6179799 2429384
2948651 7034822 5819556
6748132 4994172 3803689
2166229 3290819 3024699
6009619 3016412 709942
2308834 1335102 3222957
5818400 6618194 6542950
3382529 1426130 864130
32776 4827252 5016198
3718097 1532529 4689057
5916950 5914155 7235617
2585145 1601826 4276557
2605432 429061 2506713
3612077 1624592 6227216
5729776 4078061 2955759
316025 1866866 2010584
3298866 6039301 3100521
3767724 2348511 4054019
7108459 6179933 267456
1215446 3076028 447554
2392788 4169718 3423761
6175081 6549804 3161448
5585805 602093 3521954
7470964 6387563 4949450
6038067 6556065 1640276
2066651 733350 1941851
6492826 5884827 6765447
906570 1003912 3404474
1866465 4006249 2600346
2042424 6394641 2411575
5807992 5347287 4472431
4964050 1630500 6546657
1775626 2691916 4205588
1835450 2693785 2356314
3285884 2754662 3876565
4060762 2770762 1285707
465081 5881540 1161301
2876231 4463966 603932
591443 384372 1249283
785084 6339638 7071115
3536535 7461126 4430350
3489816 5508861 1584107
112633 1788403 392146
3435627 2474358 393672
147476 1005496 4163553
1422517 3781145 3831800
7261404 5965020 288032
1818397 3828295 6170772
6750321 2321970 6889218
5869993 5813072 570521
4865937 2639014 7482722
3432369 432540 1403355
5340246 2542652 5677863
6411971 5792732 3647519
7526193 1640358 2190097
4141211 6300143 2772711
1500175 7165158 3729879
6490180 5073964 3912673
4797637 1439389 7280374
5590067 4883467 1782110
6397671 6612255 4816048
1969417 1920096 5481008
3651405 3979687 6038290
4264772 6204401 1412132
5407393 7195210 4505633
6761204 3115279 6053731
4202612 3427115 527991
4566562 5357223 7137492
2349977 1292578 4052776
2490806 4911023 4644496
5069201 1240413 2049071
5115264 680746 5618793
3066831 2952528 1301355
3557183 5260867 3632812
5784998 5456460 860830
1958022 7455503 1125031
3813854 1455591 3239394
5882560 1244264 6944047
1397902 2340392 3651128
6588370 5428548 1203996
1225540 4317871 4821803
4579677 5979517 6383753
2208736 462841 4500865
3054278 6511521 4120335
2815871 3389725 7309824
1648702 4229025 5302669
1002810 6714137 3365265
1669822 3127811 1069120
2228658 607688 2808838
5552698 2071138 4628948
7218757 5266641 2143709
3395583 588949 4110776
339965 4319435 6746136
6731325 601616 5781625
4468637 1118193 2308318
1421673 6658379 4092659
1812726 6006476 6368205
6790617 2650583 641472
443724 4344614 5067686
1744903 6272884 5501154
5600079 6221221 328077
4362071 550239 482652
4232291 6313289 164742
216719 3223808 5034406
3185665 3603671 1867904
3963344 3346771 1150566
980396 6188678 615489
7131207 4309537 6187942
5523564 2436800 3866247
6580496 1903095 4576478
1906292 2270361 6691540
2788993 3756824 1956160
2735018 4631897 969033
6802964 2237201 6099139
491195 3933613 6677175
5666589 3485186 7066532
3132163 1007973 2969536
1442004 5461248 6877863
1187912 6857250 3031173
419603 4718613 303258
7150719 3250683 6469740
4431699 5875512 4386920
5568651 4302692 5182056
1073551 5279248 6847742
5822822 2848505 1493802
3486824 564334 5558308
1275681 4456112 3770329
7510249 4434617 7188320
2005302 1530517 5615659
86782 4557380 1719209
303113 6986896 2928224
927455 728532 1035314
3118172 3834788 5550890
2990473 5810438 7190141
6581194 6884719 1590030
6151675 5297759 7245423
25881 4187199 2005313
6835733 2184100 7416371
2131862 5622506 353197
2834700 2266257 2029024
7275566 6666479 7146153
6152310 5140168 1759096
7211348 1123230 4004818
4140134 6940923 3561196
7029284 3359105 3505676
7175238 4502116 1254210
2497182 493052 7495141
804399 2380716 6837612
23364 1190923 6582697
2292831 2747189 1127882
5535998 4637244 1893242
3332687 1284002 1368837
5836848 1984332 19266
234211 1012746 263163
2872268 2921900 4678834
789957 6126349 4422668
7059567 1029003 944515
2152300 7193309 4058656
6353323 6501011 3611766
2591115 4829292 240177
3489003 7033898 3560634
4204117 1324776 1874834
851306 5334189 3991051
6807311 7496944 1309586
1398113 3519951 287945
7508891 6969905 3483309
2575724 3988353 7038918
6147737 3491559 3616972
7095109 1070307 6358956
2901889 7390384 5484809
4204494 325247 4916288
5192765 4532251 1718407
3430459 6307812 1886626
5020382 2363005 2715392
3717709 1728674 5900237
951123 7124633 2208664
4730916 1049687 6206781
1378955 4267067 3295160
2233643 1007282 1787441
1847580 4448503 4448390
6548286 5650596 3841327
6525542 1731152 10066
5770640 4185177 5265487
114877 983821 4855754
5847751 5064990 1543142
3939452 5062423 3221900
4509899 6096412 804445
4403276 5820818 6430587
1420772 4268218 3862346
1305250 6947940 6280132
2103964 510334 2312298
2118666 3393170 5610212
5087672 7478596 1683843
6581167 812550 3498020
980704 2849009 6320214
3536561 7054378 4788445
1615725 5100830 5726110
6175743 1350478 6481381
2284606 3246158 36021
3516098 6595738 5796577
3804614 1765942 102909
5106067 2755820 744120
4062461 2871399 3941745
5335927 2643320 6962073
2836709 6282575 6858645
5570438 2090718 3354707
4495496 3433757 3650624
1362474 5199648 769466
6439105 4739373 5032869
990893 6717414 6329269
5308316 2989122 5614393
1071603 538288 5170590
6226479 3835542 1820662
5302252 1549077 6046422
6998277 5007558 1370054
117190 153517 5099981
1702838 2243779 2298383
767603 1468186 960595
5053900 6493742 1336711
783401 2359372 5027133
2082611 5787633 6969757
4721133 2135289 2501480
757785 6451891 6128194
5847312 5794390 4854983
6320655 3119774 5185531
3139029 85677 836616
478423 1564773 1121457
3539669 7300131 738508
518747 7482637 1847734
213323 1887466 4892301
7090204 2164244 251356
3696839 5053395 689174
4896610 4404514 1157386
4500373 1748589 1860052
7056527 3174654 93303
6687938 765682 1969076
5181525 7143323 3476756
6768258 3679180 5500085
4272472 3377178 1131659
6360044 7393837 4187302
840918 2635654 7222493
1809126 3470564 5139036
6090708 5253204 3508439
1531312 5023268 4244405
7457048 918332 5992636
837529 5205567 2731446
6391495 5801859 4963864
1283581 3155610 930677
7504639 440169 3560140
2171241 4089903 3634086
3865758 236526 3403336
1831399 151196 374686
4609811 3019915 5410853
55171 4731374 6574596
2579200 2091380 5073369
2068918 6423648 1855426
2697936 6997069 897832
6639154 3156487 958953
7185556 6993829 3252768
5444234 5322848 6717652
1951238 6268350 5125634
3298382 1076795 7259013
6980771 6922965 2219360
3872433 5342346 292107
2102554 1475335 5141334
6487139 1711528 4149607
5904970 1382284 5585747
1695980 185106 7282612
4681130 467212 478137
3656676 5333849 5609875
4348223 2241225 1382869
6384651 6191769 505802
4398036 2435224 1600348
3256756 4844413 4971073
544778 718945 2648209
1254754 5593259 1946357
5755350 5745190 4673486
5296537 6589172 6734834
5776215 5485872 6537190
7443559 1037043 3496464
6177464 6213683 1771730
5987926 4244218 5624333
3149087 3734403 6658415
4205441 4946535 5347975
5606048 3300356 5370214
3356911 2335054 7116513
2867769 3301677 103212
2325799 253131 5801382
1407640 3122445 4320396
5731641 6320444 5954428
6664143 7038995 3436260
5108310 1624024 6223931
6493113 5194271 635849
6383601 1006511 5624638
2599200 4850857 2961976
5997677 4300970 2401379
5466344 6708146 657387
1465895 3544939 4273028
7272436 993389 4513198
5064617 6022431 4548375
1380157 6386632 2521316
6904751 2177559 3809630
3539324 6334782 6743761
3764226 13714 7397602
7411979 1192170 4476926
1803985 4451171 975834
1118318 4596116 1988718
2859738 5872500 5725536
5706747 3693272 663601
3917129 1134334 2782968
995472 5542935 5419136
4728230 7177480 2425134
5925888 1522411 1659021
678342 4895945 2374099
5971698 1123477 7519523
6335959 1734722 2411616
2850399 2215334 1510968
641508 879183 1895052
665999 39619 4969092
7366115 6482431 879233
5907479 3248017 4342702
1991933 6521866 6025512
228610 1106427 2578884
7505998 4672500 6654676
5454180 7262774 2060280
1401701 5977967 5550344
6519743 4507169 6676823
4151693 3178731 6148169
6648741 4905262 6957078
6199505 7379912 1694005
4972676 772019 7335597
3525224 6280844 1521031
1765476 5038564 4291949
1647516 2888471 5730836
4787314 413130 5002433
1137955 1957458 6478604
1852364 6308572 343847
2350307 2926275 5488271
1981861 2767790 6633902
3400448 5582634 6265223
6982348 5542924 1819554
2324150 3933513 3388247
4621613 6791448 4432234
4120711 4037345 6199901
4631509 3801722 3536052
7186160 5492572 7110900
874111 7303167 953261
2951398 2608568 1459771
1383709 2721695 7381218
2080406 116955 5935729
1396668 3592996 6544122
2593290 6341630 2850047
3610397 4409682 2057498
7483803 1717601 4316167
6354057 3047787 2621722
600547 1676523 6427990
3918224 2179029 3281156
1926106 2329098 389619
925399 6931796 2720098
6431682 3750864 3182810
827892 5441517 2476243
1163660 1858647 6283860
1275814 6166928 905508
1393255 4063682 7369554
6140240 1126291 4953740
5049168 5080249 3249709
4032886 6236361 823225
3415579 5235058 1314679
2215854 7233568 2574156
3677345 4166094 1145704
3056614 5019076 460496
6429293 173750 3261648
521433 3999865 737660
4820904 2364215 1514651
3650547 4289242 3306008
7205633 3476740 5905310
3534220 2867606 921009
2258568 6331612 2287453
4735715 6619811 2603305
6454432 1255444 7453541
7381012 7308433 4020973
3715725 6745113 2399414
1758292 4473799 2658098
3177242 3529275 4191808
4848225 1125023 1726412
6735566 2299364 587512
3772768 2991152 3183862
7427906 7342178 4040061
854900 3249081 5776663
4439995 6220777 6745867
892010 5802649 1329569
6359037 1678201 6933358
5965683 3896380 1161263
327846 4241673 1292113
6560721 742907 2160314
5154074 3866908 6287622
1707072 1177254 1670851
2583914 1066451 4959905
579591 1249098 986871
5979993 4876715 6381881
7194755 2034166 4237820
4111446 4876232 1561777
7001226 2788263 2254574
6796931 1812713 3791686
3245420 3429254 5481105
1011584 2881701 716076
1204443 6288790 2197070
1235317 4278452 4132992
5561930 5828324 2003029
3416637 5269540 3796779
2511380 5668624 5942073
3682835 1651493 4310105
5151456 6201224 2936009
4119329 2359271 259489
6893940 1128848 7043926
5388610 4936910 4804719
2173024 5195129 7045571
2345912 189280 1995929
4917198 3682254 2960993
1042671 4942072 511457
1875606 6568392 6183569
6604673 1732541 4294502
4197216 1821196 4339890
1193560 3357227 3711196
2721728 452851 4146338
3273979 2165357 771319
4668998 3688773 4568468
4849842 3754427 4331340
6456258 5989122 7113565
2395069 866846 6276636
851002 3668927 7213478
5642069 6239144 3525672
7276967 185258 4640925
1445661 524053 2317348
205035 5167843 1630681
395090 187630 2496351
3776804 6698482 6504676
1212817 1086012 3128297
6730871 3639345 6017822
5544180 1832931 1926831
258190 4181494 5942008
4198186 2313535 3331528
7096683 4700546 4510687
6522001 5913897 4465870
2216526 6261453 6310534
216686 543650 1676713
7447110 3437651 7430750
688016 2944417 6866653
6061458 52718 6035637
1261652 3777516 2737515
808320 1533923 5487751
2183198 2955813 3881095
7334479 5872829 5753470
4821110 6802807 7228582
7232158 120457 3038729
3469306 5517874 546917
2965555 3639246 7084874
183765 4229942 5394536
2977471 588849 1427073
5625743 7452111 4242671
3075700 5862068 1039606
3900679 1516632 1193891
169270 5280526 1720557
4306892 6336588 5574759
7364500 2207111 5171172
2843835 2145262 2003128
6256284 6074417 3700061
5846251 821164 4056505
1408031 7177044 3118664
4283958 592016 7507448
7072378 3566469 686331
5427486 7147698 6459893
3964045 541415 2122206
1048828 6561292 3101270
1779806 3681209 4676553
3767834 5153337 4851201
2729856 6852713 5268437
5345583 3120728 2906910
5301774 5560475 3047637
4480694 6213935 4988376
1755552 2068947 570563
866993 3507111 2634221
5108427 1545754 6980635
5963868 2551383 7446604
5076862 1535748 2984218
7228161 5009749 5689619
1027354 7033443 7142329
7167708 7254797 1512906
7307693 7150892 6447814
203964 2074041 2747851
1426426 2158145 4746768
5026651 3296796 527641
4030113 6796697 349124
6417647 5799050 7481580
3113508 1186577 2572590
6914303 2641807 3319547
5776011 2039951 1049738
622305 7221300 3466938
3187389 3210807 2430587
6240148 1698146 6615616
581816 5037010 5514140
4507852 4821914 2035858
4687572 267338 485394
4682466 4983973 5395881
5040881 194386 3934594
6128143 5820022 2922021
3350465 1699281 6898680
2898166 1168782 2010046
956730 909556 6982306
7371358 7329158 6526890
2253319 605330 3483957
6833761 1313074 1600027
5577032 4707099 2307063
6603792 6489971 6609399
3583341 1258200 2789104
3314054 6823891 2337849
7139122 5681621 1021050
7044682 6337137 1024004
4019541 5963858 1951875
5219605 595600 1774635
887245 233828 254918
2441793 6571439 3104416
744402 3586245 5302587
2080056 5642374 5340542
1341804 2091266 6973829
4717296 2545951 1942620
7345719 4204581 5549775
1547379 2368122 6681567
980571 5355889 7269
654514 4406065 1419256
5726177 7161208 1759641
6539070 2786256 6902537
6713507 151345 4311950
406615 2651396 4992146
5317046 2017914 4630386
3707600 744553 7344811
2381600 6386643 389866
4649000 460007 153550
3859862 4395996 5544428
3271845 2085692 5029331
7218077 5202024 2107865
5460363 7013814 192439
5342478 5415696 6204899
3867369 1108761 6031234
4218456 6444116 2979881
7369752 7216296 6470886
5532198 6317345 2468532
2753554 6067882 5569997
6479171 5993219 3730592
3904993 2864068 4617465
5360429 178058 5154385
6291382 5141953 4548068
6025 2683685 4903102
2257170 619156 4465813
5742963 3819997 4358306
450666 505774 6712874
2071504 3318309 5930308
6697951 2167186 5212735
6561056 797474 6963713
5688639 4118616 5484356
6670979 2045948 758950
1858856 79838 884319
4994048 7369517 4514116
7015185 2387380 1435987
4429331 525949 484534
511068 6526860 2344224
1055910 4951188 4626393
4321339 7326834 4534583
4972211 742098 6410920
2821209 3029398 493455
7159399 515903 6455425
2908547 6251343 3538322
5631926 5647958 5837257
5608922 4400873 283130
3623557 1697568 133990
4467845 6801982 1876359
2573556 397063 1567758
908679 3075458 5107730
3276898 3861431 5903273
4350832 1872581 2680386
2949664 269531 2793641
4267695 1792667 2820432
2929774 2232692 95502
1829423 6997558 5508191
5141374 4881384 1958581
100062 1741749 1158494
4526754 6440361 6745059
2875334 7155839 2755733
5635517 6581564 3518010
4792255 6889239 4588306
5164601 4466408 692311
4951962 2013215 7181885
1632543 5911982 4468098
2173040 6860244 2401142
5696533 5997345 4077193
6546861 180868 3837282
5557172 6544991 5657531
6751664 6497188 2671590
5786522 331511 2765370
6167020 5862893 1326559
3371577 4971384 4136000
656453 2945860 6542504
7029811 3480026 829325
4926832 7516690 5187225
3237849 3952431 2519644
6578488 3293715 3590530
1421969 3520137 7078915
806151 610345 6079840
3059048 5960212 6974583
3098075 6863057 2059652
5305072 5162532 7418392
1556430 5985073 1230323
4242277 3915999 5434628
2448587 4489499 126129
3194528 5871524 2490142
3255793 214070 5470946
3168444 5199996 6373306
678550 701590 4111702
4308364 6077825 6164841
6265638 6306975 3420478
3509620 3835867 368074
2612516 2177402 3618829
3328052 6796346 1405860
2180790 406240 2431730
4996300 2739760 5813017
6018947 4319165 3572874
5126345 5324239 17971
994103 2605475 4893010
2325142 105271 3158645
3607718 4371227 5144704
4950757 5643865 5085078
2582718 3896983 404137
5584314 3612195 4212166
7160462 3340917 3467284
7498059 4053125 5215241
4876591 374875 2069681
76920 597549 3261667
2829561 7376191 7498040
7487966 1145266 4207118
5850512 1201535 5362167
6606056 700899 5053125
6069738 2639764 6920954
4188305 3637677 7140051
710048 2952933 5684171
6956227 5351837 5706894
2895719 3117619 5914496
7265302 5187679 6745072
4912863 3090638 4350901
5612269 6919014 3149818
89277 6359328 1774649
5002793 3315792 1074939
1563477 2083136 5879597
1737303 7083143 1688575
250951 2787289 2512273
4202913 2515221 376676
5591129 4761937 7213141
5490999 1217141 6084835
608385 5056125 6118680
1886909 1296874 1998077
7035738 4323367 4875100
2777588 803 6590084
2295166 953309 3760678
7174717 280991 4518236
6741714 1895035 773541
7049037 4216799 3309177
5542685 7446232 4818517
5940983 2972818 5514195
4523288 3188996 4132806
6003938 3606415 3892185
1507826 6667955 5813623
4020366 2677332 259783
2850814 7212425 260607
4056569 7212263 3656606
4988036 1326574 1721735
4702888 5357111 7099788
2940669 1459460 1864138
3118537 3572666 4560837
546132 1928639 3907323
808081 5228581 4590165
4191783 350523 613149
5351015 6883206 440123
4176588 7086434 1746272
1300484 1620260 6627603
1601079 1354310 3337539
2568512 6639047 469778
6945672 6957763 6543497
5248204 5166043 868141
2693929 612831 346503
4574020 3263031 5126842
964749 4273974 2327826
7469257 4938179 3498175
1633198 5756117 3593213
1248400 7401867 6617108
1916797 1776124 5597198
5627833 470279 1048135
4452152 3070410 7038047
5261562 5399773 6289719
4660429 3223029 291143
6482424 176773 7067000
2728662 2544640 1541339
778574 2407149 5373228
820973 59695 4028845
2946321 1220378 3659221
3339062 1395266 5895386
2379328 4161459 4348991
3884669 1405039 6587496
6292944 2121785 2172043
3979949 1108114 3404100
5026241 796046 6947232
1697247 7116855 6689636
6857377 276970 5342460
4578981 6100574 2267538
1140849 2571010 5819961
5549628 6959151 5771371
3202029 4634716 3460659
3912567 6452500 7145934
4340146 7441658 4296166
1405061 4136740 4303273
6707871 4466182 5294326
3004088 408748 1703869
988995 202050 1900412
2352532 828238 190205
2225745 1806580 915605
5845139 1981526 1342898
757342 6624799 2846355
587804 4444772 4117809
6911539 4840238 4451803
1087006 2354652 6779562
1328643 4124710 4358077
6667421 3766869 7025142
1141504 149310 4933331
7192715 4090988 1828736
4047785 4599635 4574797
3200761 7357116 3614874
3157460 1107487 4889919
3071733 2021274 7508715
3502201 1922781 496887
5145959 5049095 2478432
1841380 6425239 6967015
7483066 258476 71368
861378 5175207 1681569
6860435 2431990 4934426
5587858 1463496 5803983
6750513 3803345 2871968
6706777 4960727 3330823
4234264 5975173 7396508
5901353 2669212 2597697
5429483 4670118 7322825
6992345 4107775 5725479
8510 2176382 6467041
15372 1960877 7365346
2660198 917494 936890
3705532 6821580 4205993
1285763 3237814 1927432
7527855 4655789 780075
6195688 920892 6812350
6566873 3334851 2150005
3564893 7234037 4017335
2977076 781790 1638852
5029420 4757829 2414610
496163 5393716 444780
852852 1259518 7166989
2699012 6328489 1230521
1218000 2698527 4446155
2947709 7362225 6227363
1487710 3510638 6671307
6590255 5883511 6609716
6612217 3850809 3615197
1529167 4279734 7359062
1988546 7113875 4282956
3565517 2941136 5238003
3899514 5002609 5953180
992593 4666847 6717148
3409054 2918690 2290119
2769668 2422492 4897579
3663442 4083007 4672575
3062514 5030036 7193764
3915809 1939240 6068325
6433730 2446572 7475370
5721588 3446405 430420
4481389 5263433 1562101
3460755 1187193 3233795
6178014 292457 1522395
6977949 531546 3856590
4287913 18229 6591190
4638334 3438502 3810466
6603506 6039969 2523842
3326046 2912330 574598
6422658 1606091 6148769
5265925 3020512 4329225
120887 1837353 3702347
3249472 196044 6390724
2600713 4797079 3743146
2213559 3610762 470126
1010297 4241901 5370512
5221840 1458603 5184547
2270529 255700 3737233
3009834 3333095 5103172
5206210 2671754 6873798
7211383 4667162 2169607
3479166 4700258 3862537
2297067 2272100 2421326
648884 2732049 2409721
3497193 5935644 530776
3131734 6883505 6379168
5462642 6829338 5293804
3279013 2134174 4824181
7075015 5209235 2652518
3542694 2512407 5505384
3311342 6290718 439892
5190245 5783276 2270133
5301549 7462920 5935198
7204157 4639219 5005055
1789400 7330655 1863325
5100196 722992 6495935
5188567 1329636 4296818
5692734 931872 4561530
6965300 4564676 6068699
7448440 1133793 1200650
1288638 192356 4624636
2477742 4596618 392757
6675270 328200 3823914
6666929 4227061 1140504
785963 946837 5109455
6503289 2425164 197615
4820658 1960147 4394920
2524053 1733797 3906602
1371579 4948306 289585
6785648 3002192 3612167
4124254 6813031 5538601
838399 4884606 2648784
1121115 1219088 6251323
3297406 4803541 5886648
297977 4193145 6452865
1672651 1765162 5030247
4291375 5412628 4249655
5563899 1235669 1339916
7305762 2197710 91192
5503789 3092961 1399138
1343814 2000250 2239128
5244592 1484702 566400
2651103 5651249 6541704
1937454 104324 158447
2304712 5358666 1444716
2137346 4005263 5515614
1692209 37996 4715796
737314 2244062 6435967
5363044 126790 2268805
3827929 6939576 6827113
1924002 2797042 5608860
2549924 6471371 6543679
1430651 3159827 1929878
3733534 5459561 1050751
3310712 4577209 3126413
5051823 3999956 2394807
4244897 2267580 5020500
1370887 5187433 6172671
3660330 4682301 6099927
2852049 1681637 6192451
4435912 6807313 793674
7119578 5177552 4190897
5217686 1850638 4987667
6651959 3228048 4509482
6725543 3332602 2289680
1819405 713943 4101695
6548442 2345341 6197489
3271286 4732690 1781590
1180898 7431905 609063
1858371 7183805 73614
7050603 4337746 4485781
1065833 1526944 3564045
1674235 5972390 4881875
1649236 2191225 6934024
5217082 1970417 6274017
1074053 6225077 3616856
5614165 3894332 1714342
4613580 380345 4756280
1734874 6303552 6760893
2225987 7270232 1052356
1849368 1025622 6917673
2783668 3088207 697065
2232303 5687663 3085391
3478259 605807 4594164
3420027 2607272 7118081
1825572 3970717 5172859
3954029 6193779 6654821
2889629 1080256 7299893
2602447 7212430 4183554
3347138 3089897 271502
767267 6739014 2633456
4728887 2217254 5099446
1305760 2615008 2938582
5758132 5110855 1686297
4901641 6731270 4796034
5482099 820765 6683934
6411552 6107352 1211567
2601774 4511691 1903652
1256451 615130 655516
4396477 1799280 3015602
5005128 5021756 3768509
918342 4227187 6401615
2795025 3621540 4087437
1273114 5176978 2101551
2351153 6223441 6850021
3088945 7244132 6472676
3268568 6459143 3034565
1814201 1926514 469221
4669545 3111152 6324975
5152177 81657 1399287
6912847 4792975 4964725
1390331 2962374 7317349
7317949 4488046 2964953
1880344 4499682 2123790
5329467 1949830 1181277
4172990 6598425 1745274
797829 2950210 7078764
6174706 668493 1992453
2439703 6695083 6856603
5634511 4848849 3199577
907513 3808230 3620115
1694866 4157626 3437113
572809 412692 525335
6437518 1931875 1584952
7348624 2980791 3823748
1841883 6966395 3139127
5902728 881009 3498454
4258785 4092242 1003509
5459112 3640344 6064107
3214513 2190719 4035019
1125840 6517906 5341037
508939 215878 1819047
7324616 7300268 4294260
469056 598250 5905298
3732193 4379709 3511267
433829 6551739 3047911
50868 5252096 6596436
5754710 4805151 7306084
6584351 2849024 7422385
2868395 4889781 5459290
2989384 7476954 3119567
3917719 7162475 3187251
6808744 4741269 1321104
3499873 3891787 3386809
6501136 3248090 234430
1517933 4126766 5160328
5613166 7525010 2388119
1077646 2271556 4600245
3806405 4446792 4213694
4797927 5248925 2517557
7030281 989923 4836187
6260121 5917903 177035
3732039 3741937 3360089
3169962 5874774 4966081
4437382 4674747 1970826
4462023 6518520 765651
3638043 850666 2454299
6784605 1884689 1386114
5345495 1105553 7100104
2574597 7125600 6887782
6619555 767919 5161632
823232 952727 6692521
6172543 2164965 3490948
336451 6053817 6960410
4840148 3009098 1186927
3945793 6116580 5308127
175197 3677138 4186259
3323847 2486071 1159412
6082293 5773683 2119277
3178350 2715483 2233528
1819906 1402768 1403047
5281551 2388889 6349959
2595034 6828657 1668983
7212320 6987227 5140810
3280011 5072595 5659930
1928441 2732550 6639050
227694 1461393 4214875
6511506 4566662 5536436
4144171 4892099 251412
5428267 1412741 5705490
260077 3209160 7239325
5727569 4315229 5588286
7017588 3928 5106550
6775557 4567750 4591094
2409967 3395664 3639008
2159872 4380276 4796475
3393990 5894291 3317170
5087879 6690445 6463106
332529 4515400 5846340
2090177 994271 862355
5141739 413014 2605687
6559868 2015496 6346610
4324130 969423 6383975
7417012 2104744 5563319
1100293 5571618 1063899
6777495 3089171 2842843
4080338 6732675 1895959
1295883 1854905 7069606
3236969 2305505 6553194
2444522 5126613 2539725
4202251 5289064 2362310
2411600 3516470 4744384
6481649 5314140 6220388
5365234 3059987 5413533
2627002 289084 4536781
5053390 4530431 5893532
3893049 5461110 7153158
4989693 1021317 1976847
1800113 949526 339927
5167360 992925 5102504
268410 734269 3348910
6888006 3598436 6011272
4313786 1057595 28487
5739534 1650310 647057
7228068 6825515 1974925
3934225 6046938 6009048
3223204 2480139 632693
1523607 370574 4473551
3429551 5383047 6048138
1404555 4158151 6518539
166041 473623 4212277
985041 2112972 4200181
41422 2686968 5748628
2906567 5740576 2224214
5850620 3235745 2145977
4420550 7406025 1785508
1295711 6988004 7177457
4477099 4225737 1308232
5218262 5381814 4363855
473144 7475764 6799035
7386450 2037802 5812363
2982870 3120441 5874668
2313138 1900990 2362988
1622546 3741106 1200199
1326088 5298786 577618
6506827 1750489 631188
6604646 6527989 2836441
3636351 6351805 7385811
3792518 1680514 1115499
2207499 7103918 3704454
6973397 3160443 7361689
6364079 7125947 5896733
4549332 5812934 5036127
5906149 6276686 6976801
3660890 824061 3333573
1363907 5541913 5066094
2640234 3809287 642389
6753940 7284516 2839621
6287896 5213685 6145479
1810424 3374727 3873277
6469581 7012993 5021143
2605173 1290119 3653789
1684928 3972451 3486398
3590095 983692 6684872
5646557 5560767 7490379
3748496 234188 798801
2313119 3410069 4523346
6678134 2494022 841815
3603698 2238574 953664
6716506 6636143 4521205
2363180 3367063 2312194
18657 3986836 3120161
1120051 1699201 4035597
709312 137637 4171324
1277479 2317329 2389548
5874383 2213528 4092195
3768035 7310216 5262987
4064001 4356217 1258016
474744 2192630 3191284
2370925 4599916 4378183
6321010 3046121 80783
7500916 4874107 4536641
5301080 5526445 4558102
3630636 1187463 5678498
158115 1810603 4083239
7228378 828948 7128414
5628914 1392510 5871834
2666477 6127813 4611105
7037683 4196065 5224344
7299424 1896890 1756279
6658803 4201905 6546075
5928942 2123729 5648571
3945142 3654719 6943677
3348524 3114488 2533106
2146695 3252620 5529058
7110526 5490045 4790329
4265787 3720181 6455573
93816 4675629 7003344
1815106 2069918 3277142
1911076 6780416 1499606
4312403 1587125 3353853
1759735 3995189 2462195
6642924 4580119 4225492
2060103 3294472 7139640
7041608 3112818 6631642
1745718 453526 3432012
2591998 6114608 2697658
1700025 1849223 5589495
5548856 2010707 5854278
4921074 2041982 1208941
6017654 2747274 2445231
4043935 6333986 170531
5535780 2538127 434112
127500 4572809 383357
87306 5679626 1498392
2316442 2426734 3981291
2225338 2969938 4265061
6168306 3453467 3154464
1140115 2435465 2865014
6330453 6705706 6491446
749483 340117 6354610
3426687 4039672 5522380
2029417 10349 351236
2201178 3132631 5090481
136442 5563473 2857699
5278894 2684932 2582824
5375564 6873221 1985477
523472 6066556 4377897
2616572 6749799 2153413
4080485 1929147 5460791
5695105 1148342 3870583
4404222 2156826 2753435
3368063 3088086 7238089
1173533 2131656 7360326
1579046 920506 4379766
1846656 4153517 6324966
2706339 264916 6901443
6593355 1265640 7043831
5680915 239168 5433661
4775209 77382 7144413
2293761 1430037 1107937
923112 1320047 180402
5677142 2090356 4748682
4515915 3888889 3256221
856782 5551853 5511514
5221513 5188832 5655299
6282269 3873396 2436257
4261377 4847355 120536
2482246 7407786 2984804
6917921 5560819 4059593
5607024 7279619 3253808
2717806 2937395 3343252
2376448 99567 4646119
7457485 4998036 2333367
2638233 7399265 314863
743010 2127731 3793400
3151682 898432 2028692
2053375 2382684 1750468
4770150 2218771 5740467
5672492 7459109 5944102
4902731 4290931 6553435
6225954 6303517 1391795
5372038 4381735 6564989
5370952 912589 3441724
1335216 5344999 373822
4158957 30412 6142037
498974 828106 7256841
4879078 666674 265528
4075154 1793254 1417124
5525982 2262416 6383121
7170571 1212996 4330936
2649145 4228323 6581408
2574785 6120342 2892445
2383069 3174644 6715021
2649186 1215087 222462
1593116 6335093 4839777
2184835 4447847 2282774
5402470 3279974 3608330
7418596 1663278 7427225
2690762 2652926 4835899
5235208 7396352 5448923
5593861 5227536 6515169
1909091 6152505 5728502
1983410 2204225 897347
2357059 7337865 7339685
2028895 5518716 2997765
6583163 260268 4049699
1264071 7178668 834250
7203942 3255376 5388532
2640454 5095141 5333127
2874064 4714873 6946789
1659455 2632611 1240812
6125060 5526002 6014245
3898700 4778788 4253212
419103 4835112 5787679
5769131 1273789 3819504
2059258 1236465 2612705
3216496 3583403 914461
5357531 5240597 3920456
3046616 4118244 4895293
16143 782904 6790684
6378830 2412438 6786269
6089152 2122428 5134519
4710766 7133144 4594561
2933639 1213468 1271352
5045150 7176917 1647825
3871217 5886170 3408578
73593 1541177 5727964
1723572 5278366 2874917
7335494 1082660 6268993
4373263 687783 7343786
271150 4356521 2183953
6063985 864959 6597386
7052885 4453521 1354123
272649 3510566 6050400
1742114 7339351 7462381
5396854 3169051 3992836
5457642 5978499 2839325
5078803 5616289 7479981
4209233 6030111 5125480
4315768 1221677 2213938
5662139 6043106 5866480
2032662 6270142 6156119
2722067 3432756 3838631
59596 5483320 4652026
3183682 2682069 3517801
7520904 2706363 3007776
1808807 6487402 7000979
6800586 438542 4139219
3039114 4089175 5348744
1216513 1273033 4075538
2486568 1624796 7465141
661906 1633820 6312005
3942960 6255782 6392005
2660050 4994035 4658915
4240822 40720 4733362
4473388 4236201 6867189
1276356 7168718 3708945
3811884 6441411 7038582
1631682 1439575 3704525
4720533 6813734 915110
7368771 7240300 5209098
6486558 2118830 5632627
337102 5490241 460869
1578606 5091591 1454304
2238030 714897 4746366
4959092 2204940 2348123
2354023 1135019 1633415
2310441 1639589 2314502
3838525 6194761 5394604
3918478 6208136 1445900
5838471 4744783 4497483
7025738 4966038 225154
1824838 532385 1735878
695655 4934400 6788804
475088 509406 5724389
2878056 3415266 7426487
2423161 3509845 597574
4058524 5721505 6274764
5985926 6918088 644922
1627360 3789931 6464347
3304305 5108113 4604703
4297554 1944941 4312126
1737759 4337728 1833313
2846681 5945441 4621081
290869 6321258 5827662
2925231 6806652 3954931
587915 6562322 1177141
3619986 4301750 5508291
2796215 292106 1352113
3799791 1377594 4648003
3750061 3182879 3889353
7372084 7074817 6107323
1373590 5786076 6701628
5307088 4477882 4316692
5406022 2814368 1627701
5620173 2845986 5244425
3104673 7369418 2702973
3637454 6168798 202613
5234861 4564245 3099424
2808611 5936904 6685633
4295122 974293 3391313
2378686 4519316 1845398
6427428 2907538 5773278
2445567 335867 2852425
2446617 3068392 4792384
3111731 2923231 473733
935224 828424 6589142
1775546 1053829 302418
3828729 1394345 3351090
7526871 2185361 2831092
2528217 3320965 6766539
2124564 3556240 3328379
3282927 4756681 2686184
3479930 2127836 3709702
4309567 5906891 68276
4976664 3038514 764296
7255729 576297 4405677
2427137 2637624 4930478
415357 5597866 6981857
4120522 2651733 7311065
6144317 1931731 206323
4257964 4908631 1630537
4946483 465984 413601
1692218 5437282 6261273
825207 3700026 6154575
3655330 6571013 5523681
5162113 2949913 1216001
2668277 5918994 385738
1682177 6013693 6226885
5872943 919216 172636
4441965 5623243 4571230
2095408 5839026 1651117
1363710 6127134 645649
5797187 1104401 970575
7279409 20208 2074252
2866499 1077150 3520868
4166496 1495932 382107
3224719 4540986 2856754
2312582 7400482 77069
5059054 1270282 192418
528599 2936714 384093
7225235 3358342 7198434
1259529 4290449 3494108
7444801 3811255 4661388
4957298 7519838 4515077
6127111 6751850 2202306
897083 1052178 5856634
2860992 6028690 1072271
4479694 6708724 6557139
3565634 5622789 6671496
277032 7406306 1916382
1364223 3299530 1463845
3402505 106948 5168067
23970 6941741 3461365
6500915 2525422 5378598
2239171 6259762 735952
1848870 3378972 7325025
4943383 6899992 5270627
6895535 6054319 5684086
2856644 7492822 659432
5140270 2067498 5484056
1026865 5851021 3094273
6962840 5116524 5941892
5360633 1297742 769990
4112291 2439331 5203372
1542647 4164879 1490813
5504236 7372298 5330118
429180 318301 5549466
1168706 5445542 3798671
7389423 4603208 2364257
3381069 5536223 1568592
5658294 4225400 5678919
2049706 7030388 670358
2522002 2617731 6356562
6993972 2962260 1752515
6136614 5965693 6350942
1499409 3506591 6149945
6123712 5638479 5310397
1638308 4451301 3193799
4239525 2602461 3136262
2227429 345175 3576758
5828619 6269376 3157455
4885942 5321013 7466113
7490851 4523922 2719150
6530681 1744827 3010082
3048398 6820242 6752313
4698436 3192330 5852298
4324403 2570616 3453909
2806026 6965477 568133
7356967 7114013 4965040
1524754 2468397 5884620
6028833 709243 1228380
2673287 4676261 2173639
1120967 4842891 7275508
2758299 321692 2609794
6849125 1844527 5832589
1284279 742181 5475318
5366571 3898317 6244688
5673080 1630227 7250677
2461059 561120 3107092
3095437 777384 3382360
3249066 1398007 6795440
6731185 5940874 6443687
998004 5220435 5266901
3825200 2140697 6339016
6700320 5375029 5135372
6898365 5964243 2944237
6357838 2412858 6264433
6753844 2524679 3714884
5053736 293565 1490406
5613172 384900 1230569
1202886 1446174 3959081
6284865 3504517 7293328
109046 6436442 3740919
6971223 6436154 7310423
3568225 5562417 5397625
5388245 7040033 3018403
3691539 623068 4722950
3453711 5580788 5676176
3513487 7177036 1022540
5711544 117754 3966724
3522131 3552021 2991506
7107787 1721729 769562
5895132 6326767 660877
4074181 2782066 2143782
5609404 5129254 4731328
3489082 5218050 1823609
4966950 3117804 3129402
2828427 7519286 1658355
5691083 1947613 2405824
1599868 5610261 5853450
6337288 6379708 3680651
853707 7162315 5519059
2855878 4570948 3036740
2878695 2913743 4134921
6100444 4911065 5296369
2760422 2263189 4490538
351620 2798015 4666087
390940 2751084 3049756
7208624 4054546 844756
3957553 3039417 370413
1943705 4528023 3094080
1035794 5785766 7127691
1172886 3829843 1065389
6785364 784503 3815025
4015499 7099839 3870001
2585800 3403360 6442258
4246482 5245276 5726508
6106250 7515410 6008376
6902889 3645971 274667
1978339 5437533 1053536
3050537 5703657 3419369
2043085 5706445 5508648
3489598 1869062 2394670
538987 6190955 2490772
5264416 869528 7492250
5145057 338099 2496830
3609663 6194972 3430518
4797663 1719975 1690347
6647191 1034160 1555623
489945 3002251 5100448
2891081 6783132 855304
5022019 3378562 4446977
4164019 5870205 3325055
4991077 7065104 1204151
3185626 5740294 6125938
3858064 6481475 4155447
5871393 3106755 1986466
3631943 7224491 4886883
3759987 566544 6189947
887669 3876807 1393996
274363 3970419 7356288
5190632 161733 3276997
3643281 5963467 2179601
5570140 647966 3348090
5761378 6058316 2755920
930727 3900885 1525227
3425267 5747903 2540202
5976563 2939566 6318466
6868886 1216113 291108
5862195 2655165 6081847
3169212 7374394 6379332
6587731 4153508 2504543
310020 2734867 2079658
4937858 4851452 4266280
3167225 5346990 4476169
6374180 3045871 6103586
615447 4368868 4484820
2969553 7473200 5036503
182337 6904179 7415838
2337073 1084061 2310436
4872275 6127792 2920230
5158467 4623310 3611064
1952345 2074777 2516535
4432289 1629663 5251506
1561903 6575395 2801677
1719096 5510869 2878390
4996285 5331084 2344805
1584824 4534092 7257215
5751783 3135129 2496240
2318927 5067898 692452
3902291 3224106 6157347
4345720 4907980 2620893
22707 4372756 1502446
4515668 4210650 6622187
6456495 7517154 295901
4198648 4888423 5419024
3033755 3947086 7219494
2073462 222274 6491236
2792554 6605081 2889271
2473619 6516787 475068
2882402 2911975 1854722
6132548 329097 13172
1820479 3428967 814014
5086754 4589529 6582444
2023577 2496000 5854160
535608 7425599 7098118
478696 6994338 4439500
7331165 5457950 2297853
2494316 3641347 1336684
857887 7012833 527679
1183124 5668426 569198
6394915 1111472 6883485
5864839 397646 2820731
7357519 3560928 6374533
1658967 1113546 4728752
968787 4360102 4791852
4973769 1667742 4126522
3687631 411619 998681
5754839 6986455 3633863
4991860 3297184 1094295
3815165 416568 6649302
4394357 1694806 610338
5299283 2753137 1778922
6872847 6955739 4621858
6739120 3379557 5751559
3718646 59531 4977830
3539693 6107734 3276851
4264271 579675 5552107
29701 5784136 4307020
2227124 3481036 4615988
2249544 1675060 3956240
4187272 6389226 2260515
6184293 157483 5201976
7090493 4231849 6314660
956069 3707845 1795766
294364 3293558 1783251
5827460 205882 4790928
2383787 4161583 4237298
3481337 2852102 1153183
5227171 5366655 1598155
6461196 5655095 4413953
5917316 4551886 6220388
5481821 3465172 6210079
5613832 5041235 4962278
7200194 4864826 5689784
4439574 4044616 239745
932812 4426200 4090791
502068 3934844 5844907
2048007 7212963 198370
7316136 3469226 1343250
1630764 756551 626275
1583981 2749539 1924044
3020390 4215580 4941080
6612159 4059814 5774101
6107629 6723997 4712112
3209177 1876848 6615848
1055626 183857 7060796
7449458 6443659 7242304
3916274 3591391 479011
129981 3152997 5632320
7341601 3164710 5815728
727320 3427562 6524744
455067 4108993 7225089
3294264 6564797 4483494
4352485 3065771 2141687
37627 6984177 1155853
3840589 3686994 4367375
532366 4567203 337637
6965739 683395 1241918
5718880 1103506 5763498
2955958 6069977 4430991
260543 2164103 1918518
3890185 719525 2864056
465317 4843772 3685949
39808 4950008 7491598
4773200 2287368 645753
2039493 1788735 420053
402995 221317 513559
1890492 4666868 2866270
3856914 1772015 1591569
543528 4193413 1198287
2198169 6376122 3404557
3091301 2869859 652903
2605357 5567368 568274
5510679 96674 471567
2943608 4663933 1749218
176469 4565484 6408171
1767103 1573786 1929021
3831251 4781857 135959
4168515 6885446 7340586
5685300 1074391 595955
4997190 4359970 4735470
15148 301067 6868760
1106094 4978697 4413205
7330600 1016050 391240
1609142 3707583 4405380
5950836 5204785 5728439
4384604 7487996 2069598
4409059 3839501 6056419
1095402 2611722 7463185
551226 1822347 3616416
705181 3962010 4960580
7095058 4145263 3584804
4708184 2009268 6064850
1859978 1729595 1445179
3711052 968593 2205203
3095628 1855915 2386188
3688296 972592 3021682
674252 1599107 3601166
3159042 4044438 2360671
6889065 480613 1601475
5672179 5618410 2137201
2400798 5800459 93755
1834303 375005 1055057
913351 5461874 4535884
2267244 2262214 5137689
4396807 1180330 3382298
2119201 1978598 1223549
5181897 1756805 3619449
5062614 2729292 2684256
2303635 6886109 3607444
6310943 6652930 6533731
3608724 3301725 2145790
4840444 4690054 1298518
3487824 3158640 1609344
3516843 5968816 1248526
2531999 886968 4640432
7284326 163023 998691
325602 6165758 2838169
849643 1872308 4220328
1100327 1557595 4611118
1988700 7381849 7123399
2786906 4629741 3593428
6871951 414505 5860399
5843590 3510312 1217941
185419 4457527 5639141
4003777 4134292 2580633
4557265 3041229 7334097
4092883 4920713 6952330
4241367 128490 1012033
4054501 6092125 5412369
329187 561597 4327245
4832513 721810 1715458
2114420 6672811 938959
5303640 6235936 5922429
2238843 1187676 4482375
5548790 6152259 3124144
257989 2184213 808054
697889 5475167 1350584
4988362 6876361 5465855
4272496 2531960 5931652
5429467 5692273 103737
3179435 1427303 5991623
2839924 6213225 325361
3024649 5360279 5644607
2969528 2002841 3986082
4136799 3364817 6765151
127563 2010142 6879453
6381747 6262812 2006228
911699 5592001 6282361
4818510 5526269 1200547
802468 4279130 1395017
3215453 6546545 1933644
1833982 3819355 2896886
6304144 650179 1539136
4757592 1294418 4092284
1067281 477186 5664709
5969471 2758755 2609771
4699308 2861542 455118
619692 6859641 1153189
1446821 1154548 370618
5132638 6549164 5462706
6288599 2519838 332919
3255369 2923528 5828854
3155084 3242928 5789778
5595295 3438847 1005457
6077830 6685239 7147073
4232299 3026097 4176183
5661164 6480672 6606679
3531622 6456801 1060322
1910129 3640430 1576138
4364028 4988136 426925
5735592 5080447 3432886
2340060 6144119 5867314
6564393 2179300 3361987
2526713 1010383 6005512
842886 4669220 1925724
2582054 5713066 2602178
747724 6490675 4802896
7455391 7230551 5366412
3583134 1763636 5368181
2813695 2697890 6629035
3728100 1655842 2173882
2046924 3757262 780304
397502 425161 4241738
5610930 4620909 2181589
3307925 4806240 1005897
6746845 5670957 3550670
2772978 6078988 5885275
3010345 2163974 2890325
4341987 4707788 5336082
7381713 575840 683336
6405303 5507864 7208589
2950949 2804971 7015704
1101203 242497 6343434
5284795 5504788 978518
339975 502487 4007312
5947865 1410706 1375489
5439782 2699198 1668370
2189418 2618088 1601698
1301212 6077163 5574783
276256 2907077 3006892
607107 1032775 2320586
6522273 1027249 6281801
4624894 7043358 3887855
7176406 2021589 4436672
4007081 3547147 5525356
4356968 2204733 2929419
3822963 6948842 1018342
2400799 4753095 2659879
503182 2908987 1884918
6634915 4054477 1759195
2478877 3509459 4092585
539056 318935 4369898
1561159 4454371 5083696
611744 5948239 3731386
1684 590819 7194823
4248318 2793347 5540194
3693346 4787337 1424562
4528886 1121622 2227908
4628380 3275922 1411960
7164888 691529 6981423
3654137 1561520 2889088
1649502 449191 2587130
6959626 2985871 7302532
3150704 5797074 6300307
858361 468764 7386212
6433459 4607414 945554
2661307 4582096 3586923
3568234 7057362 3505615
3301525 3269077 5444928
2845807 5305717 4397148
324113 4961327 5910842
2907124 7090954 342092
1532137 4112482 1676308
3687492 7337350 2569470
5868184 4580395 4185329
3622599 7442206 5269295
4116025 4835688 3429026
865718 2537503 2230251
6464258 7445983 5442318
3333493 2793644 5970657
4737049 1633284 3066868
1071648 4509069 2839964
4481926 2996875 5620460
4191 3452000 6118976
6203826 7144852 6313541
4348528 7268638 5714750
5875800 4428277 5248416
2159019 1671944 686211
6288878 1332155 4793568
841691 7384984 5452275
3574598 107430 7098307
2468413 4592071 4778696
5876729 2299796 361542
5799676 4229336 4460813
815143 1725065 7277863
7307130 5287019 3540991
3298093 1902002 5709217
1570424 6931555 7037504
2265368 4009839 5601685
2010215 7507742 317075
4449727 3103625 2943827
871619 3861704 158691
5589138 194472 5420440
7159153 6251503 27
728564 5097667 3578554
3023743 3398471 3879523
757581 7115244 5926713
5430116 6295600 2222968
960313 5036888 291200
1978020 2578470 131121
5926634 6557316 7523469
5486853 5162632 5276700
4023985 3600883 206729
540774 3334138 3608951
4964630 6783794 6080192
2627051 5811615 3060496
6922774 6200852 1317809
3115624 7018026 7492785
1258508 1999675 4068634
3060931 6185665 5262507
1497751 198255 4817297
7393002 6961425 1311321
6757399 4298853 7286609
1407860 6907596 6861093
3631652 2672478 7163776
7339320 2032407 5635731
5178203 4209244 7266990
6562921 6718763 528659
7173585 3595485 6365991
835291 6566479 3350169
2209840 236062 5879463
4305396 469638 3901311
6092772 4851964 1155169
796276 691396 2740313
1175941 2607467 2721936
4521768 5727521 4367464
2346654 1088866 4326141
2036069 5402331 6380448
4217311 1323088 4545687
2165940 1312056 5882959
823170 944904 2653918
7016643 1599804 6241849
5842019 5017811 7370498
5404590 4094853 4386617
6540396 2349361 4266093
2188878 5297541 6708709
4174331 5573333 2339583
5248360 2760169 4278340
2225147 4242476 4804161
3900524 6884801 6436434
5830161 6046520 6641681
4478766 6298776 2801309
3188224 1591655 3989454
6740604 3261339 1293577
5533064 3210641 589385
1541465 7394221 3282383
220453 506040 6026994
3204038 2023855 6881246
6498324 4928438 224949
6347562 6113002 5926788
4420156 6520565 6167645
1277199 2630697 6603828
1713104 2277489 6603549
4884754 2445165 427025
1375334 3117209 6876494
3589087 5661058 5186026
753420 1380220 7346042
5857222 503190 4343050
6122783 2654436 3265773
6921511 4238596 1929148
5552526 6597859 4410657
4593760 143135 190716
1365752 5839613 6337008
3336080 1454269 3556930
6688903 5629340 351738
4525053 2674329 4314825
1692076 2447979 1149289
1321368 4445818 5859287
31663 7323568 3096135
5610357 4356350 1183034
6685891 5795771 3446559
3652162 2549174 2730651
2267575 4796953 5055561
802110 3623491 5289750
2379043 151804 7217041
1299758 6140352 3850574
1663814 1579335 543022
5630339 5563029 1075834
5724363 4477531 5564920
5364858 609099 607247
6277113 2031801 4795661
3835923 2762468 5304610
5833726 2068510 1144751
5261563 1888725 5122646
6577146 6782205 7320132
7307006 5072146 5995486
2001225 3948475 2417906
562053 5311680 1388744
5013570 4575480 6529312
7374296 6282223 1882678
847061 1398268 2784479
1262900 2410442 4780876
511912 949018 2757401
5900233 2502610 3366268
1121581 6115710 5312792
5214346 6847084 251581
2433483 5398205 2788943
5395672 835632 5859617
1108498 6134466 1220006
1802245 7086574 4827560
3780888 1400718 6014847
3228746 157090 1494902
1911769 2588432 5068860
4511991 6878882 1089341
3939948 4782687 8730
4741894 5516802 5610705
5539231 1590056 3551942
5632375 5583018 5121917
2073567 718686 2537539
728068 3019937 7466921
6603145 3882778 4074270
6878719 4523868 6664186
7512191 3484729 4509995
1466185 4836153 1604065
2885140 51282 6373573
4686068 2953449 72571
6539628 3449956 5784460
3094329 2434529 3276436
364075 2372617 4833028
7174661 567244 5209229
4068657 1550991 1308895
5588176 3021047 1724653
167498 4372895 5438020
6908616 6273443 4374565
6672712 1903103 6210687
3247402 432755 4605984
7349557 794555 2706114
6035677 25748 6829129
4451193 4556077 1464766
5622465 6032887 2953727
423603 1713163 3407174
189878 272345 1921653
3034428 2960365 2822261
6297445 2478042 4179507
2608051 4160070 2352447
2718482 1641911 7266503
5098656 985583 1091094
3942551 4092454 479543
1668340 5692107 1025241
7371906 2553428 7526240
4995637 5242457 6136404
5725792 6898579 3982891
3992876 4041424 2132102
1771471 5145849 802119
3991286 1625832 2813463
2185333 2010393 4799062
6618346 1789689 1072679
6118693 666871 6479327
7194755 7526772 4089574
499994 2402660 4777463
5325367 3558706 1248347
5765376 6134525 548480
2724621 1622003 6358859
2916892 472960 2978759
6993809 5636378 3826564
5721352 1659829 3694312
5808477 7132466 2487696
5855754 425027 688596
6446243 5793586 5600572
3243227 3332926 7061079
927542 6735005 2356755
5270556 4294089 3281385
7451921 4530494 1181030
2843516 6708143 6877319
6169049 5741715 3206415
4759202 4375695 1800331
5977764 1568224 1863303
3266594 4310165 1978821
1990868 7484031 3114295
3916926 5781627 3038361
6464254 5421290 5296884
590418 179526 1344487
1718637 3757887 6926711
1720674 5562636 479176
6030933 4540538 5647350
7159902 2054552 2761683
7234401 5347801 569928
1767855 3363777 4407016
7197690 7114430 3447935
7117885 2744555 3767250
3242988 2461312 4350405
3614334 6218151 5029991
337501 2390684 1764480
5462438 4929953 2589351
3090118 2802044 4286662
5893702 3310877 3326190
53698 3965483 998813
3323495 4817045 5021776
6946114 5385865 3024972
1459778 2630236 1883636
7502631 3126791 3397903
3945607 4001757 5402773
3679599 913063 5537558
944945 5929346 2742500
4367796 355726 4067272
580407 5410933 3104394
5577998 6338617 3458903
3806293 493902 6327067
602691 6850062 5304651
6567579 1322171 2524263
375475 884185 4513983
250087 2110933 7062679
2747882 2288119 2482965
5868395 6588385 4837006
5329787 2107225 1847643
6003892 5314090 4390610
6697772 7398938 1555262
5317623 936098 6177172
3693382 3043057 713959
5549986 3703815 5800371
5741824 4652887 45614
6214231 1343053 2297609
6910843 6968538 1174298
5367702 4255939 3986854
1115285 3341877 7479022
4889920 5789499 3403657
4079206 1413579 2466183
4764061 5561647 1167818
288509 2639231 4953435
3656636 668198 3536544
4755783 153101 976506
4884168 2167161 2271809
6608446 3943444 5448895
4526639 7089323 5736449
5484027 6307960 704733
2034450 6654676 3451153
2030165 5095016 5335136
959008 1592833 3014270
144666 915351 4423874
1227987 5012317 6192501
5459327 4604798 7390167
2235730 72238 7509340
341085 242263 2757695
2336382 4773950 5501517
5108586 2932388 2313711
4863089 2568765 6952655
7483335 3943706 6824383
1897630 4930687 6217959
4129978 3620200 2722138
6780924 2196096 7122123
5142815 4822473 3283093
3270801 547394 3873262
3398855 6387465 2739884
1706526 1483263 7501792
4617976 7354813 5809992
3329375 4992538 4565346
3211610 7354403 1921555
882011 584748 5062162
7411824 1765442 6445773
496345 3707149 6137866
6881183 5875902 287428
7147855 4881993 1453112
2118316 6390989 7222913
985594 1166225 2365120
6827985 4589469 5181080
3809103 1957844 5992228
2584543 4613940 2632561
2290397 5507266 1969211
3546055 1572218 999429
3585217 4344902 4011910
1232532 3027670 2097539
7415541 1922204 7055331
3739101 4219728 2629969
5047537 4036300 4076761
3133436 3609623 991010
632893 5024574 843188
7069087 6465653 3083443
6179081 6434419 7517
5575411 2122851 6364128
975836 7268470 799700
6912046 1771470 6033312
4593166 3108469 1108720
6631139 2791693 4472510
7499701 4718011 2819978
5309896 1951422 2182990
2113478 3414931 4185579
3982317 4890834 5285684
3871113 2530478 3603293
1100166 4896905 4805115
5009644 3162841 241693
3833612 7294374 6720589
6214142 6583297 3850564
4665654 2554425 2920006
209226 3540237 5085122
5491807 3257526 7310862
1555904 6403413 3628566
3177266 5436170 6973737
345157 6631103 7495042
6713314 5589895 3000170
4423707 3895075 7510380
2840198 1786273 4983945
3025686 5371411 2143330
1215842 4333355 160227
1836087 2259929 4726564
7499912 1567775 627979
2756641 2605280 5824757
1753277 3212695 1672690
5729564 2020443 7165591
1691245 2716739 3219914
3906866 7200748 5847794
2172081 5882271 5526447
7253887 3652741 3860079
7259292 6449406 3058260
7340421 7478901 5209878
3040489 5390505 6221580
7418078 4487443 6270807
825130 588461 4465604
1807916 6958022 5146304
3250783 3295620 1534277
7440448 4873018 1679834
1096207 4686767 1769861
5757098 4417559 6880846
4991582 5712693 6966726
6424201 6586240 5528555
4345953 4583146 224283
5818706 5471851 902379
4930115 5249451 4838385
7286814 6821684 3457873
5615903 6031190 5775539
7099393 7330282 12128
2729758 2169988 7349130
1133161 6502543 2170993
872050 3960600 4662182
3006964 3893561 901218
749455 2091277 5177137
256359 4090531 4374323
1907437 7409049 6875535
4840934 7368288 1256441
610191 7212594 6381785
2432652 2353914 5950218
1425443 1935109 3489691
5291409 3101082 984095
1263886 7191692 5854348
5186276 2540411 876932
7180474 630664 4357661
812688 7134811 6970113
3070741 2032240 7161692
3288342 911349 1795395
2635277 5933180 1919497
528067 6502144 7427718
6784722 4190446 846873
1170685 4238984 4269691
982325 1835764 1209834
1023769 970916 4515341
5462990 4349826 4782730
3099924 1849739 2919464
2858526 5219199 5432513
5483758 1972517 2948214
3663275 2050519 5551455
4434238 5655170 1812645
384219 93903 2428506
5507685 1283007 2231682
102644 3240703 6469187
7366565 1396308 6868716
4531422 4392171 431814
3288446 1164932 1539044
3669519 7509173 6483808
5556439 572087 5008904
2072712 4599552 3745731
3247032 6113116 241413
5938880 6304236 2288946
3166954 4674503 5004175
7422454 7278455 6656942
6503282 2346687 3941932
652160 4551917 1646588
3344512 7443126 4737446
2327353 4268426 7090853
2473954 79796 3197389
4215024 3649880 7272012
3910458 4175196 7397207
2405674 3383982 1678525
3569359 5748145 6083192
233313 6207105 6995927
1442394 2902554 2408127
6735735 7491937 322644
1509769 4389618 5199469
7181295 6420747 3982823
7286771 4382045 2165130
6808535 3168419 3380616
4435693 356158 5936961
2734205 2070218 2910151
826300 931008 6010066
4440251 1963393 1095352
5484459 300120 2845022
4396488 1105824 2754402
521524 3927924 1393800
1807821 688812 2478603
6876742 5585804 2137091
