768
109351 42445 81910
64525 53593 49306
79372 61468 9885
76613 29977 16714
2478 25048 7257
51544 6891 13241
12691 70807 19715
44308 88605 14423
14608 91805 113248
12493 82853 78702
105027 40934 91199
10182 335 116093
27853 100874 15382
45890 103580 30370
18575 18582 48212
24490 67609 2714
40960 8389 80026
107948 54759 37321
57393 79085 23306
101121 78873 92094
117531 35964 75401
52024 92471 87271
62150 112134 99051
103761 43457 34351
49499 77623 31457
22349 51530 39540
100621 59322 27205
86327 16375 38378
90085 50467 12464
110820 100679 49881
17175 38847 61666
113006 23384 89663
41417 42804 51517
14856 84718 80184
6721 35599 17379
28527 75209 72282
52439 10051 32097
41502 54582 7247
23516 1360 57393
105710 6547 84912
91828 54817 83117
6763 73916 2715
1583 67112 57876
114408 79765 1824
38981 106132 2292
10225 93393 28169
106751 35209 44781
9602 116134 64294
104173 111476 4098
99898 4203 643
49146 57812 35873
93617 100512 46260
33367 69469 49154
52133 40788 21995
104274 112183 79471
26110 95048 90652
47389 62553 70085
30995 23449 87337
897 102969 107455
71054 3636 20228
99432 37812 117065
106767 25783 90841
53224 58546 90576
98567 46020 46644
100178 60585 87369
67685 75136 101529
16604 34914 50043
106708 114425 52509
88055 91180 74439
15951 60804 36126
89867 104862 36806
54001 98376 2750
88650 75275 111538
105015 8731 63726
61651 89006 76529
103192 49197 98304
19488 59843 117379
44054 15982 59809
104995 15127 102227
109793 23128 36571
20821 112436 117453
1657 9735 46507
76741 18288 94536
110394 83107 84923
26740 73867 80749
38381 110294 39620
88659 18250 111002
96285 103736 113286
68306 30974 48795
43761 42382 1860
26660 56415 94262
68298 47762 78131
60782 28973 22609
38050 56165 19327
87594 32196 37011
72052 29220 20307
103249 108175 103387
212 10969 41019
56628 21155 103707
4157 27933 3381
91570 35755 64014
30216 48011 66869
105011 83804 64546
97839 37806 40584
66007 56060 3543
41492 65633 100645
75544 110178 75806
59491 9432 101322
107628 44629 58150
43392 29402 19301
69062 42448 60490
105956 92835 63985
77115 16304 64963
25683 105661 61789
24121 21963 108096
22145 62705 52356
78603 40863 70323
15098 11279 52324
958 62006 82241
11862 33908 115530
93541 51576 42456
3479 17775 77948
11139 65557 42400
43645 67591 101206
58723 34314 97850
58424 66942 111884
33562 11375 80306
10812 71958 41962
36747 51134 79486
38198 17958 83056
74478 58537 34397
113643 110833 13579
33122 90523 51346
49577 61572 110749
31493 46109 116268
60311 69042 8114
19459 104708 98702
100529 59114 113964
49942 7596 70564
80864 56849 98698
66501 99304 38977
21530 61529 35807
52792 65391 57782
20187 98656 99057
23520 22635 13957
21343 81865 11539
48497 77921 116247
114622 53867 115675
20435 84819 16971
70797 100984 32802
63526 50601 88607
70643 94407 81794
7762 105138 72458
6647 6537 51244
56815 96761 66831
103931 26461 46659
91682 12361 93422
95195 90778 77925
82259 60102 85135
30729 46019 108551
92819 18842 86714
92652 87768 100234
97806 83643 111323
52848 31779 40123
107273 77787 114758
15225 109332 11806
36025 75460 73570
772 108709 70317
99740 65624 41597
97832 19827 19361
67487 57057 3764
42799 80063 2390
6203 108114 58249
87854 8756 43701
71753 44826 14162
95749 106897 113097
4390 534 69834
113071 21690 61330
38537 74999 77002
57186 37746 89808
28790 15534 79852
7433 65486 76808
104016 28873 111357
87870 97609 74134
103313 62371 3132
97997 116671 16658
88184 48761 109736
109383 81935 44127
4147 104826 19639
29851 43328 102052
85184 49258 53179
33861 66648 54367
20253 5983 20758
116215 67749 46954
56234 35224 34066
113268 50996 96716
66471 27403 7493
71189 107501 39669
29132 106914 78337
9471 55033 96853
112944 81909 1217
46194 48251 110743
57117 25393 114888
45831 64256 56015
103782 106533 22419
114149 82461 16011
8917 16397 109479
8650 61335 103668
66862 37218 24769
9297 54440 61602
50359 81612 100145
7392 45978 87923
106343 18315 61740
49185 13967 98879
38270 59585 105339
15601 47501 91213
116562 24819 15398
68975 92722 100282
55175 98225 68740
68956 92778 11806
106792 85017 38880
52025 101915 97393
30742 10076 34180
11222 34881 47187
78299 34311 4833
7433 41698 85089
17159 107685 13171
77116 5999 78222
38204 65977 31659
36138 32179 56516
32648 91982 13872
116137 115203 24542
90892 1459 67684
84624 67927 84048
77852 117498 24868
105389 79035 98967
10940 109707 111309
27956 112844 99383
71503 70382 73418
117576 30478 66542
34142 36666 103615
41061 41929 77592
100228 15471 109415
36969 90574 85838
44608 56341 88253
67212 33765 77314
3917 97001 81151
50538 16848 43112
67367 67574 84252
24933 56020 10440
88035 20128 95394
81762 17835 539
16883 48915 55283
74307 65767 35614
97566 113081 107267
37674 94102 93424
46797 36270 70212
96220 81830 30818
45609 80778 18488
52954 61423 32412
37386 113618 38020
69027 21835 50069
77743 9672 64781
16749 107092 66275
74789 77454 54336
60703 2552 71660
70022 20725 97608
46290 109084 47099
90542 9307 57201
25816 96819 18044
72020 10423 98366
5788 5142 39072
106024 6845 24936
24451 56920 8578
102246 59891 29734
47587 38787 59116
53497 52554 65431
22682 106273 5504
38612 69610 9071
98048 105324 15799
11806 64844 6701
39766 79116 95672
18392 65697 7923
46521 64805 109898
32683 104382 97084
35705 93746 49024
37724 39980 99455
116478 109454 62519
70675 93719 108195
40534 99208 71766
74432 102369 23796
30970 6738 12338
105151 38855 74043
81797 14438 25256
95931 3165 91837
82812 19303 43067
9177 39124 94471
71012 20378 67174
43605 49358 108446
30203 67221 68549
11441 61463 69570
54827 100113 3991
22718 104071 80739
110240 57186 76646
16031 17805 72338
46404 5909 69033
108983 68859 63832
13679 71055 37028
47025 66987 114463
31731 65926 57421
11534 32338 53720
116007 79262 4830
19343 34275 102424
21624 97370 81317
44032 51930 21395
55497 62573 110707
65219 16608 17893
71898 112233 59834
65464 99872 48452
46679 21830 13747
22122 109536 95665
39778 17507 10572
47447 82069 114232
52325 69012 78957
71534 35835 10622
13927 50621 86337
3078 87024 29577
69360 107864 5955
5701 34907 11232
97708 47677 110639
72288 14386 98474
117534 95258 59628
57475 102966 12390
35227 90932 24185
57708 47354 91142
104478 12235 76119
90071 102605 26056
16463 22000 54966
66346 79008 57040
94812 78194 94961
85833 21341 29477
48167 82924 83769
55216 68788 80469
58508 13700 91104
105836 20387 86133
69621 94337 6793
108042 70644 52736
52557 60120 38926
111561 5748 104995
62989 8598 69417
18397 100708 5966
89824 46180 98367
4962 100454 9632
38412 42088 9831
102342 69618 28159
98186 15295 52328
98477 38631 53852
42735 36358 52677
21555 27212 114253
75937 104171 64897
90776 36894 50632
16301 69860 84470
90287 57000 2639
96004 110761 7944
17372 90158 6605
110424 12268 101678
33086 57134 45406
7026 4551 13790
115622 79455 82857
62263 111682 31204
9557 29257 74432
109277 52436 70014
245 64919 6589
92418 92959 36455
90396 84347 83412
90216 7617 91743
58347 28820 117030
54788 49110 43200
93083 78892 15967
72735 10888 116892
38254 15003 88117
113923 115657 54492
97014 64909 26198
18187 83906 79054
67673 2965 109139
9634 57486 19580
8416 97195 87821
247 1705 101654
49174 71903 49984
43086 28566 88992
35063 36730 60201
9240 4868 72341
33729 32742 115636
26092 36334 21661
103786 11051 36402
48927 9164 113592
52552 38289 87569
19488 43678 23813
26974 80077 15558
74799 31110 46085
112380 106052 90794
17918 89254 14426
18355 82194 46098
65635 107149 40305
6849 28249 46523
87990 23883 98578
87045 82158 15550
65168 95678 106013
88766 64329 97654
117394 100730 70043
58988 37580 77252
8900 81481 13698
86753 13237 54898
91506 57708 38827
71774 78318 112417
91592 32463 103039
94722 110006 56362
22981 38665 93883
68512 74250 44074
41710 27582 16527
55103 16004 65409
95902 24601 54418
101059 94520 94711
103617 45087 4126
46209 113515 101305
67024 67707 80834
87953 64610 79879
6961 65101 117168
46442 160 15509
100407 45375 12867
111087 33210 68415
1935 47881 16735
95106 3197 15345
92609 96077 4385
52898 51647 91937
58648 41243 88046
28300 26001 16955
104415 28031 65015
69646 104166 8582
28652 106163 47838
107311 61762 64004
111536 61622 75304
36632 55106 110217
34456 69303 79150
4295 52133 33375
13046 70725 9065
73746 67326 97856
84129 3048 16966
112661 37056 59873
91339 21069 103379
55503 5748 78611
43083 8980 30911
37097 89464 19000
3723 5020 71116
45594 57298 35018
39827 109472 2080
5283 29330 13300
38999 102456 35703
96968 87201 98957
27423 26104 57360
47311 110365 65524
113973 93255 88458
62518 83394 92836
42692 26592 62155
45387 43987 54608
98903 64208 91053
32607 69837 106262
33731 90945 34953
67958 60692 44799
104910 96045 37952
3924 66266 13301
103931 97876 108310
9848 89361 84499
52404 61215 59839
8724 67912 109920
61324 96195 103509
72380 35655 66121
107736 85189 85802
9852 43775 53075
14772 96263 64200
28364 76398 85003
115552 97358 19629
60983 96975 17345
1871 23621 116888
55935 65752 25733
98177 50547 21626
9216 92563 7914
100343 27649 74634
56478 101615 81044
13545 81009 2086
78218 35243 87553
33585 42488 30164
107998 102242 108089
51183 57284 3985
47242 38276 71289
52642 16083 56663
94374 95461 12243
95386 77443 18389
87353 55030 32854
35833 53433 4703
91761 53231 82366
100576 43277 49820
51809 65612 24710
109355 64133 80471
62153 16166 84548
24110 107970 110789
17049 10540 107624
1766 112731 89777
47189 39811 46934
40159 21346 5516
111583 64588 20057
28200 5122 99396
34958 20794 37862
64382 23815 62118
2075 111386 78990
28849 93972 15129
34340 5558 97523
111763 90591 105466
106283 59784 47247
117635 12764 96893
47030 4122 88972
59103 53623 67289
101155 50490 27628
85915 28078 95362
9029 51289 53557
59738 21483 11936
33003 104553 27832
31294 62059 116111
6612 110922 12011
74527 88592 77324
81037 25543 62187
69993 42847 90338
34056 79351 51985
36674 75560 82354
110775 111346 32385
62145 72019 92490
2366 36739 106218
33498 51486 66750
25946 98343 28333
7686 57622 27680
28147 96858 87768
114758 55541 5884
107878 49694 45717
37078 110893 61365
61368 44793 38784
700 3673 3790
61635 110426 16188
84540 112381 57322
77378 21736 10469
50757 12648 114428
100746 108616 39186
56523 14794 82943
6926 47715 65138
88514 51508 79816
84801 54019 26144
28984 75625 9958
12058 4266 100404
63183 77031 67287
29009 100634 91567
35297 53721 22830
100064 30422 41924
22422 12813 111118
27250 69859 41474
31738 106315 20340
79856 115836 105034
8405 42116 35503
92721 20739 101375
50899 83137 54380
4422 72954 45303
32382 7617 16912
100987 70467 66538
73544 68016 22388
12824 83793 23405
11622 34042 27770
13803 97123 83229
34156 47784 102042
98645 37928 8588
62681 9926 62073
2990 26219 83180
37518 72103 30253
44462 84014 110754
81094 116808 49569
76880 116699 74205
85156 20388 87873
33743 104070 3038
54622 68361 83736
100149 97157 8471
54446 38669 52356
75303 64567 100055
92288 103131 16273
47542 70940 42675
111181 12347 48413
63202 87953 53896
39265 67557 37653
116546 36582 99926
49585 107356 115197
50162 24285 30628
109294 87206 68004
61938 30130 91136
48825 68426 12029
8289 7435 17043
64576 113801 13192
92030 39237 43401
2323 66614 12722
80727 98870 104607
45175 80406 89117
30128 105788 36929
38178 102098 41429
103172 48995 14377
44794 100330 89535
110622 22749 31981
25773 115586 52396
7230 10941 54665
53230 78073 98409
50810 106588 57894
40298 32789 27546
113782 73221 44778
113101 86909 112828
105702 27559 5939
70289 79215 69811
55952 115074 14619
84424 93583 63607
30531 107095 18058
48059 49669 104687
59869 108990 36519
4534 53275 6173
51279 10689 61983
80476 25284 98761
100844 9458 90620
106171 102536 3930
30573 34938 96875
2243 86118 27349
42185 38090 94413
7018 46557 60855
32744 56216 191
80083 117307 32505
58988 68375 57860
100285 49037 49898
3090 63538 79341
76915 40834 64657
31795 82535 52938
52375 28673 39784
7807 109013 75383
32850 100993 111425
47948 14049 42583
7437 70677 11396
108304 76826 87122
32728 101049 14720
62638 29438 2328
78759 59011 67507
113862 26743 9716
64700 64176 8204
31250 5570 64179
26157 23483 71019
19364 97751 51862
17135 98305 96020
617 57750 116214
49608 54756 71622
54949 2361 67201
16575 61060 112500
41937 22197 112755
66138 13860 97164
26073 102342 105436
5647 100109 38127
83657 6434 55747
50241 64850 90132
107860 65665 109615
76349 55819 11491
103851 74343 10272
19174 49627 102524
100495 48354 94701
49216 99417 68611
93462 83982 2041
17357 54157 111311
38645 33851 73540
13269 76766 37923
622 38193 68900
37818 3249 9268
38149 91599 36454
13862 21298 64772
61181 53632 22726
75399 38602 16983
14646 90827 82405
110545 41615 22289
8784 59310 108532
63605 69419 50094
24636 114211 22048
64307 44582 65994
17106 101954 92041
86862 89995 67560
115283 1249 54485
32930 39019 47008
56805 115843 76467
37189 68347 63137
74212 79901 60865
66363 25204 62181
59757 98686 103119
111229 9081 4552
67588 116329 74671
41902 48019 15677
61934 107928 60089
69927 47426 88888
52871 57784 43050
83376 16959 55165
19183 20140 61398
3688 1451 2913
107925 30130 101218
82479 29324 70605
105081 66817 44233
72977 116576 101224
59434 104194 57221
75862 85485 25357
110168 35600 86224
20688 112966 101506
46199 82768 63830
28872 25361 109971
87661 14105 14956
72165 83291 103601
117610 106755 69835
8850 13878 13236
111018 19135 112729
68095 96559 78921
19494 26222 39811
44000 59566 41539
72082 3259 29188
20061 17386 69276
64701 21569 55833
56243 96570 86942
3104 92208 75971
110798 13828 110162
64370 64181 22200
52226 100849 44110
88362 103579 3799
83656 54599 104963
14320 116720 18664
42330 26869 66865
19815 93301 25628
101150 15554 38302
51746 97021 95495
53338 30678 6815
12314 6454 23932
55759 51548 8824
67693 104190 83483
1630 95534 78722
83902 79091 108660
108339 47034 8001
95167 109164 40209
110854 95738 74078
3605 22168 61334
84912 112059 71704
1123 71302 72047
85659 109400 44586
108374 46052 100935
39562 96584 25086
46307 50868 53639
2474 22138 20792
28917 12558 72755
85596 49182 113866
70168 92940 46727
64032 66747 8236
30469 104 107085
69614 101746 50374
45457 38776 4091
79617 35663 2715
30527 83784 56475
70828 21983 35093
4161 4271 105807
44364 96326 81791
