4100
7564211 9610643 7978066
1407012 3050870 725464
6773326 2865330 11311918
1190391 1486394 3732810
1269612 4369866 7323478
7312600 2999177 9082140
7545315 1022242 8096891
7043858 3064292 8243375
5106176 2544884 1163840
10008239 8133864 2887263
4453469 5696062 10584735
10249314 2420311 6505868
5578730 10028161 10400363
1831380 7690289 10431550
1765043 8443930 141537
9460458 8144842 2913768
6410309 6129653 342250
3403241 5605497 10500624
761004 6867358 1854637
7692675 11055110 1742675
7414400 5087664 8089368
5735657 1719034 9918461
6613533 463588 5818542
1413814 7714578 6312885
9608730 3260955 10168268
7561184 8797341 5628620
5269678 1333115 8539077
4042793 4622667 4004129
3372774 7334241 6429609
2347453 8260021 5576176
6012006 177043 5990196
7163712 4252538 9569677
5884551 4799823 10303257
1870200 4783848 7532417
2183485 2758118 5538226
9908502 6598129 3713662
10044908 3452433 8716778
1742014 1620684 5067966
9212968 6923676 7591527
7542121 4535203 3092737
3576603 1649102 6201729
10581948 531067 3605748
3068589 8324037 798136
719744 1528336 6711502
6946069 10716070 6065711
3914630 742396 2983537
1685889 9369268 877096
3449442 8381968 7667449
2549000 477760 5621275
7284365 8583463 7333927
9062037 6664209 6697404
4309909 815809 7662052
5343253 2303025 1231493
5599811 6010160 10527677
1142416 5492967 10867267
6385151 5747874 3583416
1682724 8015820 8247085
3783662 1970010 2049317
5565423 7329016 7415000
1222391 1035197 4114969
4176049 6821701 3396603
271898 5903685 5954762
4868468 5623084 8189785
9851644 4341803 3973476
3301620 9039783 3341695
1224516 3037562 9488576
9405233 9151195 6709305
4862983 932198 11115465
10514101 3444610 689641
185033 5365641 2968311
9035475 3233364 5690029
9112479 6941313 4716381
1232774 2035760 2436291
3732293 11258688 10391430
4712500 6131664 918701
5661233 6431480 2244850
10833779 6885823 6657141
1107104 7435776 6621567
2903387 6539216 1675614
2094671 848440 3925888
4117751 9020818 4132506
3826373 4658218 2628075
7574701 10656436 178356
5820870 198531 1322249
9381486 2413434 5694949
1654939 1962513 8227189
1537941 2586483 4760621
7410302 7487190 1727240
4579020 1824408 7393753
3129564 9405279 1496573
8179570 4292043 3868376
1067190 9237611 6927429
4051772 8367764 9031276
9935428 8199154 7443122
7226345 8734675 8505009
2751846 6273680 9963017
6434934 9732462 2402251
4461447 367660 8708206
8498509 10023450 7757178
995450 7205714 3245399
8931226 9805109 9965632
8037175 10822186 8037215
9472795 907435 3637124
9667244 9393572 6924865
2567063 1915476 3056578
2176024 329757 5180476
5915771 1568915 11228628
1380898 7284745 3139799
9542305 5427440 2623213
2893716 5447143 9825740
7491690 9181705 5103085
5231779 5437248 6789015
1512213 1745899 5128309
2943536 9926452 3261887
3933314 1635620 2399673
6820902 3660603 8405987
1974315 10875430 2590254
3809162 1013046 8669465
8307371 10200258 3779516
499699 11165059 3253652
2340136 4810971 9383995
2034626 2088113 388483
2633512 5526503 835960
9702702 3742370 4874007
547689 1096409 9351556
2240783 2343323 9402693
2335051 2760694 2504644
1418903 8123381 474973
2007631 2451015 8590135
9611410 8138369 9962957
7936231 3899769 1819188
3001311 8345575 5997004
9402995 10387478 605746
8125638 2827909 11320241
7327284 565776 6847311
6003382 4507950 9385829
8419871 3134823 1889406
8316293 149334 7196407
4905059 375932 221028
8292205 3524586 7440029
5439749 1188228 1417557
6211426 7241183 4028160
4475015 8036717 7170652
4014115 7756042 2049874
4641780 3415292 1326015
7175445 10901591 7391573
1034076 6814108 2177570
3038150 209971 4562673
3603185 8745953 11390101
7761 7994979 6376962
10683545 9456219 8255981
4123209 9036378 7818417
6293956 190024 3384169
9001096 2352529 5042323
10037433 1196268 4118488
6578520 5448589 3251761
2519711 9656469 657649
7107584 3533402 8552067
6874674 8709128 5670019
3204382 3234600 7707646
4102888 609567 7890400
1366584 10539498 3018703
5249863 1492044 5300026
10681340 4202708 10388537
2826980 223403 6065631
1140980 9436734 8144162
6780243 2213985 394155
8928846 4529749 4351169
2982961 2523889 2510773
8519030 4379199 3532646
6031019 10219850 1462276
8131475 1171404 5049928
4739075 5420869 5546447
11176262 10196601 10637940
7131525 671226 937893
6060695 997415 2612688
4452232 4785597 4731119
3217566 2860556 6453710
9718339 4949921 2547322
6845433 4703331 5438541
2704154 6772836 8111740
1893858 10502231 1102609
5412862 9552418 9308179
1256115 11388741 10256887
9400827 10108924 99767
4262248 8731007 7002990
6664447 824215 7434946
6087415 6896345 4812909
1023538 360753 4717704
1563394 2752023 4157289
9887412 8982054 164564
1275713 9079161 11314366
7943455 1054922 7178994
7047244 6286636 2414981
3891586 9897448 10264238
10376247 4403798 1658872
8470990 2220888 2680417
4134630 3316389 11332464
10022725 9474590 7614342
6893366 5435666 4106755
7374749 1982725 1198479
5562462 3779632 8961280
1555242 4309007 10775909
6300055 8130890 4028202
1142502 6304333 541567
9173546 5004613 946007
3643414 11305466 10182482
380688 4337943 4994758
5705433 116623 1283383
641722 525143 1176885
9843397 6046267 4297266
6003782 4191793 4395723
7687492 10932393 2372465
281982 7586885 194928
2378303 870572 5186887
7200645 5265528 10314478
10570391 5946930 10265379
7076951 2445609 3856269
3746545 8316040 2564930
10645870 2327496 1538492
8616169 9950412 5295421
4202114 2252124 1720159
9675022 8277330 10528845
1253709 5371890 6325963
873131 3526510 6811184
10919330 42958 9986946
6503475 2609204 440020
2477878 6299799 8235122
3237359 4370867 1372390
2587276 9301423 187562
9887014 8188337 3116151
8082852 3405031 426799
4531541 11195334 4123540
5536139 10304224 5483318
1402988 4619457 2432972
1859075 8341457 9016743
72972 5255156 421868
3494137 899374 4394771
6194592 3226141 4848857
1373690 8787108 6473006
10775445 1421637 7597653
9157506 8279142 6674423
9691634 7785565 1807967
10646029 6139899 5571411
10060207 10244533 491303
11044125 1632856 10210583
10127445 10713149 9771934
6981382 534234 5044885
2745535 5308988 1593061
9059766 1481316 6230110
1008184 8854545 130237
1383604 9069797 7003204
3491719 5359257 3286120
6383271 2842433 10817815
688275 4957211 4077994
4991164 5975947 6874654
6738824 6100599 6315720
8169735 3856207 2900431
10112570 5620767 5887661
3798856 11239780 4352205
9458945 9441722 10831113
4784843 2419861 3315391
4892817 9452769 2145968
1301790 4369895 7791334
2090476 3921040 6046915
5519258 8171130 11251710
5542014 3413397 10429597
2278624 10591635 6829165
4181490 4284519 8914335
2058455 5369380 1121113
1728818 5335410 2942774
10200665 4822115 2365523
8889945 3501897 4900721
10025096 8758221 9653189
6922259 7306270 8346737
3219774 10035909 2832877
3474100 9192346 10392484
1637976 5593425 6306995
6653585 5177308 5948195
8143612 3771701 9778074
8751651 353365 5034477
7288722 11234446 5734369
5626715 9625205 11167495
7367291 10886832 5278437
7418383 10717280 446503
2450216 6604082 6759188
10302753 4792231 8002223
4152387 1160695 44337
10697476 5670419 10133231
7273896 7207129 5135292
645737 5654358 3420095
9977121 4103014 9869045
11077086 664790 11258790
1916851 214779 6410932
7707020 3223270 2236105
7262287 4913278 9324848
951734 7131822 7164688
364313 10424333 6298897
3161395 2476873 1860032
2361492 10545713 559376
10125374 994368 1344163
5293173 5972778 7223718
6554433 6792351 6928373
8847260 8733052 10478913
4308186 9876543 8808913
11211399 7571629 7797104
9705226 73749 328917
10899880 10698867 7211836
3525213 344176 8044535
3499551 9976303 2468753
8286189 10858681 1787797
4955791 8791288 8604741
7639717 5565399 3585465
2851536 8644958 3324446
3241982 3241532 3043313
2703105 4792106 10533550
5565884 101279 1514587
9625801 5890426 8477442
8075190 3920776 8397344
7111082 827151 5029294
378630 3926949 5861821
5805041 8351614 883903
10687719 1590126 1498366
5920499 10411030 6195288
3279087 4924910 3292216
2143000 425083 6857837
1978644 7278316 11070224
2903606 5533003 1303411
294607 6914210 122800
3979769 2886513 7630630
4053760 5803489 1293791
7870802 2638846 11315077
4616887 8895301 2605110
5663363 8004058 9881843
489334 11329002 10605575
7894790 2442265 4777358
10218310 11149182 8743284
9249369 9714441 1557347
8976153 3624137 5927931
8303985 6522207 11143028
10939633 771956 9928181
8676869 5148190 4257431
2485431 2356715 5282865
8158991 2949010 7747467
1938062 1449212 4127671
7782520 3409701 4659471
10972039 9162044 11277854
7614010 10964971 1171151
3896855 4011952 6534964
1966916 539430 10769967
6713201 4262475 8398517
9444579 3555626 10740871
1093138 10331404 6384091
4336651 4523634 8128217
9621489 1649014 2777332
4856671 4585999 626708
8418689 6710353 1098269
8327191 2226503 974958
7563267 2813303 10603498
11383147 5162581 8800167
6835566 3192528 3116829
200986 3945992 617483
5287956 2841938 10783368
4620758 8326854 8174336
2016785 9244436 2295541
5015124 9294561 8794105
9548183 9205945 3945383
11214711 9751635 4136169
10585925 957141 10797080
2165832 3929146 1186738
10609796 1215387 5718490
1751714 10489474 1398538
3704950 7184281 11048245
6200651 9499050 10583385
3032195 7731647 5300449
5498749 9176154 7515243
10468845 2732780 3764694
1355514 4776300 3723977
780823 7769906 8361741
10778420 7154995 1255558
10754539 555465 8710302
3075401 7814549 10669338
4960310 10658252 5717942
5849653 10705256 5030638
11091775 9227592 10797144
8356344 2764361 9280589
7245829 2008388 6965716
2927498 2077412 5416853
4487965 6339127 5461993
2498311 1696398 3242756
2338966 4682648 5659380
4051361 7369013 10612143
8482481 1523353 1659146
1731695 503084 11079091
2598777 10781488 8086098
4302367 7002174 1639237
1362805 4388817 9535758
2379229 7168152 11184883
8583248 6757985 11004388
4849235 3602613 6067328
7862356 4466977 2398115
1033032 5771083 7121983
3454116 2683556 6971168
6067491 10571504 8118684
7427260 6871930 3894792
8425489 686814 4247582
6504257 10734286 6710366
6633698 705386 5647313
2010482 6320643 10842747
9693694 10964501 2929874
7962378 10280941 5679665
10825291 2489351 1270658
1303429 8026943 2948523
6822033 5072514 1967249
6551303 2121400 1078058
5268508 6009646 6755879
9848060 3862561 4534697
3745661 5810404 1391257
5447981 9168760 9091385
699661 11257332 7690668
3854302 9008007 5212358
4378881 10170847 3244168
10234462 9633213 3809110
8917172 5093628 8519953
4039610 10939274 5058266
7427810 1755174 2329767
5262579 10103368 1627733
3062894 9497236 1701772
1820818 922033 5068974
2224840 4668499 4415863
10308551 9468692 2214795
7231612 10459596 259618
3891720 560066 155440
4803231 322794 8508522
10356473 4959258 4121680
7851429 4590492 6693311
10309508 9502711 276658
8197729 2145957 10716202
2682815 8080430 5898061
1700724 6083782 8990543
7557140 2132327 10396528
782883 7303735 10843606
3256938 32832 4938817
7008158 831994 5896192
8010339 7262165 2729287
4303688 6621129 9023611
27873 316300 7218774
9778805 8034007 4261558
84428 9109775 3017774
10640509 11099877 8701870
3942680 2961750 9509427
3288349 7174826 4361811
7776607 2142783 3311367
7105085 4817578 1154550
5307758 8871194 5686168
2686443 3833714 5711180
6622866 5806382 2007951
5420519 3801933 666157
9819478 3953731 4556281
2845874 7616775 3356390
4260278 2829803 9662384
8409781 10686189 6389457
5959324 729670 3821894
8069400 3291538 5006785
10647829 2111262 10730758
6808982 334418 2649243
8247562 9083886 10278096
637970 7724106 7095257
4037022 1282630 2528348
10294002 4975606 1054470
1981063 7341168 7834398
994909 5351603 5612208
2383008 9690765 759879
1971077 861332 575239
1461852 8288317 8477354
10420578 4483003 8225987
1159222 6983890 8394153
1346999 1896923 8692694
1392335 2074830 3634340
902933 573758 1080062
8971758 5550971 4380696
338425 3558956 8832415
4366869 7874070 10599948
5059582 6426159 4669911
9378009 5380666 4731112
6033652 8958487 1653324
6652521 583168 1794275
5472259 9849572 1303758
10992699 6818506 9012431
2077419 3157692 4352662
198221 6054364 10807304
8280862 1978432 8974317
5475754 3642191 7927077
2329286 10630061 1916442
1441397 3879044 6814132
5655750 10785576 6618678
8311514 7454133 6297068
4733568 4686347 242643
411612 3098790 4596142
6691201 9391046 9980997
5463019 233090 1909524
3590898 1307242 6867983
2844923 7649631 4437222
8460162 2264230 11313072
7343037 3831903 9904994
8047820 4434725 355775
1017514 826248 11064689
6809468 1431946 9943596
2081000 3735398 3969756
7025321 504030 1166659
7564978 7143139 2978051
8076781 9783862 8549113
4041621 4927212 2396945
9373562 7499956 5566594
10218983 2417965 1033605
8499524 468955 189717
144721 7049638 7781086
5957063 1170059 7920316
3771038 2777659 1480243
7490004 3060488 2994245
988372 537843 4155292
1798357 8542209 7899951
4633553 5089101 1909347
6611502 1829604 5667177
9886252 4097655 9678922
2480775 2951214 9426674
5730257 3833591 2659614
1784345 3083411 3736558
6834685 5401249 5742983
5053195 10017685 2526836
8208041 7166323 8007921
6436346 2720720 346488
11351197 2101787 9733571
6732468 10859494 2571475
5919560 3592436 13986
6784198 1020145 9216060
1425502 7632642 3726102
3681091 144314 5774130
2807588 10724093 9715357
3674422 7667816 8282873
10874910 2632410 3110534
4484142 9398287 1573697
2753156 882562 5464824
10459613 9708061 5302270
3086059 4929440 8788348
7926790 490595 7435662
9137743 9159316 10632699
4049246 11056081 2716027
2629102 7848078 1182121
4735208 892770 1429344
3750807 1538238 6909200
7896977 8953959 189224
3336915 39898 6688388
1746873 3195351 9195860
3655282 5665668 7590174
8762418 9258026 7703298
171372 9755068 4561898
2752648 6255462 4582370
10657656 4091006 1036920
9589296 4619527 2127686
6670017 8888918 5259417
4956600 1776455 9559161
3846927 2063369 4272165
9466034 92801 802745
10251908 4606782 10337953
3677864 10015417 7382314
6631935 6153187 3558819
10063117 4743947 153815
8721664 2912150 882634
475574 5004622 4021953
6761313 6951162 1427285
6125857 2037907 7542375
845361 6912754 10171208
8385128 3623308 3944011
1540780 4341999 2107037
5063318 5112786 3889262
8951878 6216967 9385576
8011053 5411472 5413653
6251393 7692015 11340634
3487886 5361845 7256743
5960646 488440 9670224
1534018 2805015 8794626
3060943 9309861 6386134
1997862 2329038 7827234
2398285 4615313 9386933
1590131 8805205 7420037
11175268 6159129 27997
10117184 353833 8797763
9937169 11081516 1529116
8430047 5676288 10231898
5127921 9064862 8135285
7502266 10234699 4273349
9383381 6721430 3835028
9549811 5867254 5757674
6740445 6662611 681563
7265714 1545049 7331564
6163591 2750754 5089472
1912260 4993282 9474707
5939722 10527974 1011811
236937 6846930 4488282
2716437 805338 48381
11132153 9387734 4462551
4612560 11033133 3190143
11030447 5713035 4040249
9297097 10907763 3050816
7570513 9863809 1159896
8474116 8621096 3284214
6363996 16760 6536039
8011139 1323178 2136322
484781 649656 9647679
3234929 10554632 5420746
4604889 3751677 882769
587010 10050503 7166920
4760050 1972820 930334
5170811 9592347 7333305
6381546 8503093 10940582
8495394 6391539 8546205
8905648 6766517 2094257
4920611 5398328 6781833
6768597 6170811 681824
7702298 8407246 1642308
4064017 4263744 2466703
2725246 2905169 3618153
3450228 6357122 1519807
11322765 10411498 5738126
10298850 10888017 8980817
9525537 11286395 7997172
5316648 1428453 85271
2042962 2700751 1339421
2131760 3546217 11241229
285904 8391877 7171842
4330012 7851105 80243
9544446 5699491 9593138
2816533 9071712 1104149
1439252 8113454 2419265
7594656 9131401 8864604
5810708 7346299 4859370
8578742 3505442 9024761
5741010 1618868 4440000
8121273 6482713 5791881
11100436 6309036 6554445
5146512 1432174 3878616
6580425 7434777 4322500
5940640 9441121 6133627
574050 1588867 610694
2454466 8790679 8032940
9747100 5102242 10714554
5649732 10679185 6252076
9790630 3666406 3763361
8831309 1001129 628900
8672901 7210856 11098915
6071828 973600 9412494
1608617 1245311 3699696
10586040 7594576 8374324
5555967 6215389 7665353
3085702 5291784 2031910
3651378 4936826 6181934
10656306 6334344 4323413
8997827 10487937 8578513
11122300 11159384 2922523
2372750 7753260 9628411
843306 747606 9113305
6555699 3897805 6431120
4014896 3856105 1506102
1682353 6164767 1836211
2468065 9249255 6005121
8675509 6623106 8469745
1871264 1514306 9732680
5510429 9909460 10236401
183322 2515032 328363
3363539 9239196 2368811
9164630 9103098 1209642
1835598 8319752 1382150
6800926 1114461 11052885
5978513 5150139 4431961
3980201 10559412 8057901
8714090 744236 62510
6821176 785815 2286095
9026282 10730529 4026887
2730283 7365483 3171373
1775784 7761734 1781779
10373901 4911667 5794457
8984927 7997306 4218616
2685736 10401658 4073076
32851 2271338 8556447
10365136 7238309 4712268
4594868 788355 2729269
4818365 11289929 6464259
8803088 9030318 6026697
10808362 8231624 10393888
8519713 3203140 1465274
5392804 3620595 9292140
7508061 8446345 4787415
2843209 898857 8808109
9780353 892641 4123582
463880 4186358 6579116
7273038 6239840 8018225
8660945 2319004 11353885
465370 8676130 1999107
5572368 8548678 5007674
2011855 10580748 1286702
2892227 8120907 2361539
7587218 2541217 8460327
4889494 2903272 3339159
10662827 7171360 6382235
9260624 8167932 9486934
11231059 2519781 6427675
7517507 6635534 7194265
3445341 3182262 5383446
5680601 5868749 1911692
1181254 2325223 723217
10432963 11057582 8088136
4057474 3365103 1911450
35747 900288 1440306
9938136 6833435 11040017
3721016 3046694 1594810
1146023 2130542 10618651
545355 4980941 543480
7718339 9026918 1185195
1889696 6292161 2143262
9815558 1480140 9202529
2565440 8543394 6886017
5556215 4038237 9834104
5809627 1505222 9974760
4113902 6036857 270983
9481396 1092475 1093869
9554642 618515 4882489
2804772 5457723 10938862
9413790 6215964 2500895
6572277 4439054 7178045
3495816 7801988 9035182
10882171 912447 4588968
10823299 9866019 5078924
9191358 3067080 2859661
1663649 10101121 3335223
2522472 4209262 10854202
54736 716848 110120
4005045 5404982 1237985
2920387 39727 117037
8296385 11034083 374179
6768690 1600116 5603549
1923732 7980688 11066003
1129028 5506990 8676121
4594871 8822894 9011002
9289056 10236527 4646910
6620811 8025512 10374366
250423 2056051 9822239
1853012 4973499 10041586
1555760 3133569 6746381
2988774 4671589 11296438
9150973 4989460 603875
3379429 2173540 673558
312440 4908465 6377383
3007531 6612591 5379749
3084924 1624052 6529497
11135998 3071320 6446139
11043879 4126080 5692091
11151853 4730417 10820150
10885491 4896185 9810934
4993860 5614995 1795357
4927010 1814794 1847515
3085439 9081975 3865376
4969427 6335520 9558180
6853223 8791516 931112
104890 6025900 7025729
3180043 10201157 8433323
3195226 8246686 9670023
10876279 3558239 4962385
5606146 7669836 5078684
3436026 10546995 4693369
1789806 2056346 5939064
8635389 8851569 8257360
9788444 9637801 2084309
1068917 6427796 6006616
8849517 10255061 7787293
7009132 3715519 1866271
2592261 6921992 6415525
1967340 6325841 4081013
6217454 1361821 10887984
485586 3402830 6236831
2627922 10074593 666683
9131315 1068201 666463
2734401 2533062 2135648
5440678 1308553 9275604
10743707 11344789 3250998
1208029 6690261 6802483
11346888 41917 8552294
8381868 9907172 3001457
1137480 9318071 3008763
5547919 10636023 6259516
10809579 4459618 6841220
11361201 4751126 2151637
8889598 7032320 6184444
10288419 2515615 6094605
8832746 5719751 9897862
167829 9391887 2898056
7668542 5071534 11175185
4275171 7208316 11310337
11089274 9690841 3587863
842610 8528822 3935089
1374506 11284603 710525
7529310 7730859 2156730
5372973 9393540 6335768
2180587 1529630 2149183
10479536 6788967 2256408
5296415 750700 5072643
9715561 810170 11389174
4606928 954484 7270091
5727838 9698197 4525546
10273923 1401854 7246411
8764307 11261280 10143585
5983850 7121763 11271699
9744953 3940886 2509568
5312517 1441682 10064337
9998151 334897 3833000
9624000 3026191 1277167
2603313 3856972 2290772
6234222 748759 1494104
5042402 1530845 7063308
7168811 958980 8986305
11212972 754065 9998961
7324225 5572793 7743168
1624962 8666210 1895794
2369510 9810535 8055282
2551428 2433217 11075740
363732 3040062 8253396
2175489 238236 1807648
2540817 2512034 3284186
2355396 10410363 2436424
558219 7966649 10946069
5469063 2113914 6319407
10830616 10420336 6666147
7996682 5835683 4796927
801591 9042891 7648560
3041819 5674982 5470665
4966623 9731184 9375503
4018468 10447399 2898879
9937594 3865311 6331902
4714885 9815154 6100449
11216371 4988077 6845610
4127044 2441088 2541132
6416879 310390 1589588
186155 10155861 8244705
4937623 7273891 8148594
9726702 5833651 1939519
11328239 4713139 3485783
10944424 4835743 5996336
4373700 4783989 9777454
2370759 4895490 2543237
5074645 10409621 3391739
7500049 2664530 6497232
10661989 674549 992395
9485452 2597381 6890254
8513560 2142901 7810190
7642578 5997727 10684803
1772324 791069 4944545
4981230 1728371 8123747
5124836 10507384 4526986
7343473 8077180 1401856
7429315 1294525 4990528
6107380 9032823 9447930
6946853 5095430 7513702
9741072 538425 1092806
8328290 10451073 8188238
7013433 2734215 5589362
5896628 4444382 1411917
9669217 1529345 315273
9102771 6035918 8357495
871726 11245327 224652
4807830 7401038 38884
3733901 699694 1391034
3301958 6256296 2442856
6670474 601045 10376253
1040383 8516295 2939609
10249069 2223098 6028398
9907925 2793585 1169689
5587079 3450470 971073
2166093 6438010 2943066
6763937 4887884 3645258
6521881 5848287 2610795
1617096 10236493 2675335
10937373 1870223 2711135
3992427 10157089 8839487
6425501 10382532 5113051
5904295 2308513 3132453
1514944 9059772 5738573
7338975 9783253 4260217
2409128 1323462 2300323
5211594 10212662 2893867
4507931 9666853 9741663
8498523 2222551 3153554
1061293 8325025 4912163
8586666 7047382 3791099
3585513 6944844 4415229
6082492 2356044 11289021
4069931 1670763 7292661
9984583 7710505 1240984
5375106 4863052 8236989
4782640 1587665 7480427
7261381 6083997 6980266
10365945 1296699 1479978
10219390 9961958 8943818
5471591 3417805 5083108
4884954 4172349 3804147
4585572 10526978 3183192
7346916 8847021 4991908
2857141 8096862 6837119
3853537 2604929 3130646
3561890 1313708 2983789
7227575 5009303 6377311
6624156 1219452 6268599
825542 10310854 4552534
4808102 7917716 9501194
3039284 325317 7654578
3482805 6303614 7340288
537010 7682766 1944426
10439547 1232735 10198733
116291 8868335 9111633
3249805 7470699 2852999
2481645 5715745 10098966
8071823 6578514 1294212
6004106 2590166 3980080
1654097 9043130 8300861
1584095 7189686 3017819
10304894 9293095 6332542
10142102 6065413 9343574
10479705 334175 6089942
8654816 10369114 5091199
4573334 8663652 5842933
5540016 3346693 7679776
9249233 3267987 526667
3063114 372549 5740103
9000483 1456588 9793420
5268740 5817242 7883837
1437954 3265551 4409492
8135440 6409897 3397648
985318 1146060 2784869
10000157 3148416 1730288
8016520 5402513 659281
1501659 341700 7201686
2568273 2364130 9429967
2688202 6622671 4642315
3735391 6915461 5929618
458824 9653977 233973
7037968 2253704 6834823
3423039 5396770 7287497
4488466 5783825 3638233
7376636 1035516 8646626
6520880 1349842 1365964
6322651 9547035 6879231
5021325 3676239 4550599
11001957 4637324 8518591
2891909 10699277 1802274
6349173 4960721 10527575
7813419 3047941 9980147
2756490 3581515 10191387
1381349 2735909 652369
5211165 1363451 4811096
6200168 10003710 456400
6603992 8061785 9477150
11169101 1855218 1444928
9414661 8096759 336279
3220996 6317328 11087587
8935495 4494483 6014269
7874886 506950 1735096
4463963 8690451 6702100
3346409 841403 1862047
1848338 8272625 1871590
9313402 7230674 4968802
3448196 9519816 10884187
7440189 689624 258544
5428188 8057341 880811
4459906 2042270 1934408
5810471 10987733 2969282
2241219 4591791 1998765
7369950 9600962 5192773
2431218 5515186 3417623
748658 6446310 11039128
3304034 9656732 3979337
5249525 3020381 8965808
8127724 2173093 9992344
402184 8993254 3397146
8080392 103046 2398229
2061854 2560049 700370
118847 7770362 824780
9931957 9289108 1460880
11370436 8375181 7387770
3985288 9601573 2148198
5748568 10816100 7579188
5095920 6247763 4771138
2219123 1625136 2725013
353927 11087149 10730749
7607991 1852375 4272385
7171625 8697313 10253518
3392974 409183 4814560
2325273 10353014 5355692
6125293 5082533 1944883
7938430 1833962 1907667
6767237 9537129 4305382
6936833 4843222 6619303
8022132 2442827 7870493
1089268 4269680 3450649
4675479 4079453 2249652
4489955 1168247 1312070
7811799 7263395 2276612
9945686 8856724 10652332
4165619 7322009 5239371
6441214 1461042 4716388
885888 6052643 4599124
888138 5121608 7618376
10566246 5653368 7677722
4941075 6913845 1556435
10794206 1721783 2108404
3728818 3619158 1296262
9800133 4149062 6097282
11280172 2935448 9415394
3950186 8613980 6871978
8458220 5565209 953663
5718742 10918298 5860037
9896991 10652849 9683655
3185534 10632668 5831828
6763666 8317486 1360737
1135648 5475639 10903714
2802626 6038998 7821624
8163360 8655179 4306684
2671569 7830093 10468732
4700938 3856357 6751175
1970774 9021041 10084388
7910791 11293014 562325
2959637 8127712 10139017
2394692 1213158 3168787
5273062 2202104 9464885
5228090 1633839 2782691
8932812 7800040 7275959
10867062 1240512 5626062
5522818 5531777 6166388
5352192 6100275 7034958
7267727 3784233 1770359
3543910 1180274 5204049
5738461 11242171 2004338
7725678 3509251 10722017
6026152 8150736 9529457
4294856 4600605 4058148
4073158 5258529 10431557
9059189 2943624 2508980
6827118 7332541 4740201
4172053 7992588 6947231
10551208 4049562 3158352
10838714 344382 1229407
10333879 9635633 8442612
5871987 10233672 10437903
6934667 6619259 9108830
7512250 7132913 6256675
8241672 3124497 1094196
10821832 5911160 8176353
10333799 8818305 5681672
10086348 3527826 9236752
5018994 9759894 7949746
2762881 6714554 1045255
681642 2875450 7551899
4366615 9348722 4708584
1952062 1630691 4980729
5465826 3560209 7669353
6300359 1187630 3360291
6358168 9940532 5971391
7071525 2316745 9504720
92349 8718438 4744926
7089722 6187734 347799
5049365 816786 358047
3846312 2148884 2013728
10026695 9219951 1424404
2806523 6361478 1974091
7554987 6115525 8792748
4033005 5882212 3146977
8058122 6000755 2164307
3031976 9842263 8726810
10266866 479251 9185236
8031110 1888202 5803093
11126306 1174183 6162343
4589270 4653897 4693486
6750968 4448693 1258289
1708116 4822829 11115489
4441837 2432222 8607695
3018144 6682468 7327097
5352401 1820920 10427802
7727890 2055045 3695681
8989942 11086739 3902434
4323569 2496796 821306
493250 1168288 4472925
1510948 3377480 6736680
2301561 3937734 6839552
994056 2406844 103022
1386408 3239415 5811470
2442249 6745746 7824782
4818998 10117984 9918909
6891456 2200677 1327335
9290718 10339481 5539277
5717263 2520118 5311491
2393159 10981540 9606070
1814470 3138377 8789589
3016408 3110656 6126954
1975885 8985962 4064089
11249460 10507892 8501253
2460773 1889280 7966251
1089977 4671331 8568053
10023983 5386702 5974092
1035299 9019359 5078766
5399802 8853065 6714540
749844 783876 3174375
10808040 9326749 9470998
9123818 4750838 1274277
4348214 6701610 4364168
6362767 10844067 11331926
11000845 5566474 4162282
3428828 9308993 6353105
9475263 10356434 1898742
3610845 8133413 11172877
11281031 9940013 62739
2794776 10932806 2596032
802332 3114892 3933661
9230377 7238766 790668
6046013 6341252 3214716
6341761 6031668 11104073
6754589 1233313 8129354
695422 822936 2410077
7882235 6344298 4311148
9009748 9245081 11019778
10674893 5114710 7271331
22386 10248106 6483488
8422641 8575086 6987905
1174764 6265009 7222387
11311751 10123113 7046507
10407546 6886028 2422723
3148420 407763 10909383
7554181 2804843 2637009
10238443 5364006 1207702
6683559 1072973 1914362
10226828 9714976 455427
3090322 10204126 4358823
2906150 1323792 6995559
1607961 5896581 6630806
4620505 4980631 6148072
2043620 7230471 6119133
1472342 6340682 2154883
732698 3439226 2687687
1023654 440057 3854275
5716866 1904692 8538496
8954812 1263731 678049
10841731 3104027 7334651
3884726 4043606 8197354
2029305 6721556 10081132
8941823 6481089 3080037
8638641 6597350 2842104
10277083 4252113 4743563
5200420 10900825 6833588
6634947 6027713 7708815
6245152 5696197 9290681
2359023 10747928 5698077
9696371 3436485 2097519
6291121 4396524 2366318
1302810 9547333 6438473
8955498 10908233 4992043
9307484 5080191 9124596
3041802 5975821 7566133
2243848 569862 4532014
9353530 8265894 8195078
2375471 3812777 937372
7155144 2222213 6173790
5655609 8670931 1444950
11282978 893826 2997216
194716 5122661 4951456
3920832 7975672 1657219
6711468 9996325 10812827
10440339 7694854 1760837
1883913 2475510 3358102
1149617 5218682 6317546
6633028 6069321 1180307
7681415 11287934 10539479
6742174 4815542 578863
10331572 7534818 922000
8900442 2300557 3978675
7460723 10855257 6045441
1657682 8737515 5622434
3034857 2361257 2526401
1350478 1006496 11344544
10925469 6456019 4899341
1536550 827411 1635205
5903227 8501626 3609633
9973997 9948263 2636605
4147475 10440478 5601387
7947544 45534 7805721
3700642 2330393 165085
9937440 8054548 4950112
3286094 10773099 9311619
3014049 581323 11193295
5472656 1952768 3167961
9181018 9484440 3641597
1659389 4771274 8964108
6381622 6360376 11179812
2646394 11207861 170459
10392439 8836944 2062917
3070153 158183 10507180
2357295 1508295 3720491
8449432 7291786 7903808
3654878 1724038 6293150
4640830 8585391 1333291
2156304 4250503 9555574
2402953 3270580 5155122
3747667 8157540 4494287
420364 8887879 7787194
11345763 3623928 5893196
9827115 1906503 2052838
8971998 8660865 5452147
5576238 3288642 2588592
3552475 9389063 8688106
4853087 9945304 11080558
2656998 10333746 8754056
6191792 252269 10089956
4140315 3440031 3795829
3929122 482493 7471150
3806914 2263875 5869370
6179661 7209201 7080084
6979920 1205170 3067696
5060104 4953423 8798649
2518811 8608414 222462
4430948 4899563 9307017
9346819 10667704 2362717
6455186 8548585 3435663
5796804 1071632 1576126
10920274 9008121 5634790
2049721 7673241 6888365
11244827 4747 10923571
2826139 10618346 8098857
8540527 1703406 9456035
7308874 7497534 10530223
2479500 4251710 2718717
9628227 9158703 11027366
8948070 3980535 3794767
6929232 6529976 1889311
5113048 9533003 2058443
10094486 8931531 6396090
8063706 8298161 9767600
2016211 1695515 8034800
1668225 4722323 149980
10865831 5127076 4476102
7692641 1774813 7542690
1252789 4626165 7472832
5102542 277036 8991307
5680717 3096493 155057
3879956 9019925 3740169
9196464 4639958 7414858
10570350 4663042 7624651
9573926 2143860 4753641
1986382 8156465 3876675
9199512 4539533 1571714
4957453 10228678 3351316
10655098 271036 4959306
7171787 9668290 1964485
6403184 8712604 8404378
10062072 4928331 2650268
1505876 10121373 9062924
2565521 7852704 5903908
893465 11209036 8895422
8147938 7182552 6236803
3273967 2766335 2711276
8237928 11032561 3830877
3407977 3858506 6667572
6222071 7091575 4710124
5096666 2319779 3835081
4115605 8622427 3987351
3695253 3403431 6214440
9245002 9147196 2086304
8192378 8941258 2727056
7747956 1732895 5020225
90800 5044743 9438711
10032413 726014 9397702
3028276 10437944 2384938
3600558 2033413 2803680
10414851 4009405 9023417
8227864 4633455 5006388
1503073 10960434 72005
3005192 9804048 10795829
3573446 8659101 3822103
10530470 510703 3088929
8840607 9675624 8531600
8693371 4286473 11340420
10667716 5766159 8580892
7346408 1389329 7298081
7577675 8275703 10017305
9997486 6106799 3099875
8818513 3532063 10791714
7943323 1024725 8214581
6510619 3389985 950502
7974318 3499425 4231635
6417983 2609602 4907503
5855988 3869880 7544650
9409107 8573625 5980929
645094 6491412 6425793
2869146 7964341 4617558
10713777 6268930 4483981
2855504 10494896 2948678
10040123 7922720 10990453
5626695 704138 10959468
3227634 4855890 8986583
1141298 10087841 7728553
11376955 968694 980440
444638 978481 10386551
9182370 11119847 3611432
8970257 5309445 10621885
6863277 5535153 8322050
11073895 1955309 1434885
9727391 4011027 8308145
4898107 836539 5810109
4769347 10764428 8630766
8956059 2644870 1055100
3642854 6413475 1702992
3094115 3845515 87177
8147608 7631870 7881869
6521915 4906137 7574732
1746920 1647972 926139
3422530 5829272 47515
1990232 1418614 445635
6724721 6285758 9170878
6645324 4825263 7912058
8204226 6059218 5985618
1423379 8652038 654703
5120369 5182388 9768646
3228 7005044 612349
6221616 9122280 11295436
8066848 3820844 9721829
4342052 4749361 10816734
3943706 660565 6698761
4678940 6582247 11302344
3531034 1428258 7405406
4982479 254572 10394586
4288502 11331804 10600384
6896155 5695383 8159794
10857325 433876 7078371
2165611 2774347 3335019
2170690 9694959 11331231
442106 1018000 11366698
5056955 4886070 6659350
6565993 10191947 188937
1754121 5025554 6110921
7552742 8277877 10115410
1309546 7579237 7673703
6284646 2257893 162736
10415377 3725150 7519319
5184204 9251631 4043679
10318697 8001981 5052794
2811510 5836702 8177909
9980843 758209 9009184
8342735 9930219 4292412
7511585 9073434 4589246
7316239 8395669 7385385
3705118 9696117 11250696
396004 8087548 5084340
4431215 2580708 1090457
11013928 2374808 607437
2901753 11161011 10459660
2361735 2573623 7475942
3494578 8055790 9101669
11363367 2631910 8475420
7379884 131678 6818541
2938115 4802201 1675328
4847018 2263287 1599535
10179990 1576010 5040873
7199905 7072196 4218339
10816661 2133408 6396982
5096681 7587647 10623254
2472306 3163893 9861473
6173434 1701983 4511694
8191420 3099713 3144059
2555649 8240675 1903946
8486647 2173894 9438672
8156524 1385924 1110685
4266022 1707742 4398941
552386 8697629 1963595
6838318 2621938 6434300
306471 263167 11227378
590389 8731168 5614702
766174 1621884 8769543
7272636 3045412 5151608
3993905 3698985 8395409
8931994 7942305 2538876
6835801 8863173 807486
8121521 9439133 5214435
4047429 6710329 9931809
4193340 6554623 5540818
691657 4608130 4449089
5696377 7816965 5699906
4989820 1561916 2462317
5034649 2586526 7728724
6962750 6777849 9966988
294305 6524508 1215969
11338989 7974737 8790692
1641960 7129622 1839347
11253044 10591811 8791729
2981524 8953212 5312180
5678810 2826289 191442
10475423 11031787 6185412
9635986 2139014 186163
1748264 8263277 11182559
8318910 9228331 10150755
2211340 10608876 2764180
8135994 178366 2962417
499462 8751853 4190682
6770224 9881126 2423735
713596 2097894 9782715
7932568 6789247 8013709
10464423 3035755 2103332
4978624 9399836 4485799
5356765 5071163 5753273
3222526 7082507 10554174
476450 6631390 8694067
8936463 9487045 10608030
9079596 10534376 5197797
9518391 8283058 5793525
8950838 1639466 3562575
5613131 3456146 3358572
8893750 6113517 326996
1738227 7236962 8020086
2154471 5940152 10683735
4899574 860598 8720494
11143364 387126 3024780
5964277 4370510 4659593
3318321 9999162 5812895
1495136 2790224 5641305
10915178 7382609 1174452
8455944 37080 345034
8439843 8233296 8411138
2955190 3049336 1175031
3397314 1755251 10988178
6922755 3853136 3912332
5762542 6277205 1810823
263104 3950567 3804536
5820700 2008154 6696297
4488439 5377955 9097750
8120935 4867473 9670908
2411638 7111664 7257811
8983704 5690876 8569886
4694774 4889453 8388346
1525642 374019 7548344
6515500 7514208 10819488
10449947 5225875 2234259
5287985 2017065 7761679
6198962 7613477 10327859
171781 6609947 9819244
6072234 10751308 8675667
2235037 8592861 4600241
6038432 10687875 8579540
2089941 11361187 7974076
2913648 3704868 4908084
5128710 8487933 452714
1593924 2534352 5185941
4442031 6047002 6615261
6902491 8390975 7858270
1109390 6623712 4381438
10022401 9617367 5629943
10811575 9274152 1370868
8401776 5225571 838676
3169974 4044071 9613564
2691388 7498340 10629480
3871252 5162724 10026832
1186776 7090601 10895934
5226373 11191388 7243919
11150502 6153623 6224528
2106801 8770611 455147
4006454 5931565 10188855
9871396 7106509 9741838
8793717 4863005 10162780
3968367 4727209 6411671
2763727 5487015 9152639
1294187 5067115 4689982
4487230 9985708 9436168
6044727 2475431 3223351
4696714 7689052 27744
4587356 6431381 10329379
1855762 5897328 7578481
4442367 3969067 7886392
4019572 5700261 5273007
1174640 659944 912267
10288183 801326 10835674
787423 401052 4424741
3807094 5509513 6611566
3901902 10583847 41873
5315597 6300287 6458684
1151033 7897155 5194090
8384011 4892273 5059604
5192358 3849578 4758907
2008982 10772984 11197282
8480042 3604928 6461254
2682270 10141800 7345174
11096207 4823180 5522605
8555818 7031148 8583843
2469282 6313628 3270613
10369980 1101816 11148924
10915982 173926 4941127
1926738 10849719 9552960
6390246 539255 8559342
1323411 1053060 3822194
5570918 1581368 7817693
2655909 369373 413491
3792908 2265163 4764538
11174240 10380475 9777604
5660344 4063748 3361330
171188 6397108 9803904
9817264 99298 1094090
4490268 6432514 11266172
4838079 9905477 8650341
8032298 823546 157876
4431735 4675783 6945135
4983666 10661501 1995531
7649313 5128499 6268018
6014959 5576088 321839
8528888 8344615 6136109
5368565 2930741 6360060
3604988 8290914 9649400
6564891 10777385 7138078
8985600 11011793 3472678
7541303 3101412 7478839
7874246 8845748 6063383
2068639 9794948 4068078
1974277 9368696 8351063
9707275 8414141 157635
5983206 4985006 7290943
1120359 4008108 6704673
7888869 6637036 3177594
3239970 9148272 7899672
924937 8280854 8980146
10188641 3143953 6406215
989516 6716620 6923762
3314122 9222159 6157782
9802620 8546820 3836231
7347949 2672362 5762308
2895948 9583285 9657908
5772952 5986491 3180536
7070020 10897159 11159920
1650845 7246771 10127371
667211 8352958 4918914
6080087 9606768 2823769
9329265 11276254 10612468
8988536 4513421 8763848
5918758 3333300 4446525
8255422 5421479 4588749
10278127 2953938 10196258
10196920 10885828 3420495
1262460 8889957 2646650
8576742 4899633 8529167
434473 7287665 8580478
4138272 6729836 865765
2126014 394067 6664135
5257487 2948874 7191514
3336729 6857861 7466997
7212984 8251645 5762339
8248527 5361757 338263
6497277 1694694 9714029
731167 5545635 4724830
11218169 8633771 5053575
122353 3566117 1770757
344468 4868880 6592864
4016607 11261372 5957819
8426563 1379325 6798658
78269 640329 4105639
7346829 6264705 7695051
5845328 7653832 10821869
8786515 8965281 6656796
9376031 5609303 5373845
515906 3666640 4880879
10078011 1744914 10905812
4994826 7306482 3828765
7332965 469734 6978130
1676240 6754447 900432
4482893 4612084 4921858
8395270 3907575 442024
8264753 6138483 7230657
9720037 10770047 2979869
912368 3906336 2114963
5200743 7331928 3054387
6587939 2901471 1880279
2704131 1823253 352250
312654 10422952 9767850
10596179 7592939 1143552
3416244 8005673 5842589
29521 10977215 556667
24590 783453 9498876
3405043 1466909 2602111
2441418 8171449 2428920
1918690 319979 7475746
4142143 295226 3956082
8413433 4071621 9632272
7106771 4264645 7373728
2189365 1753758 1769651
686572 68743 2401412
9197752 4983227 107572
7961805 10198442 10833150
3658174 5169242 9179035
8825698 7105927 3148260
11358755 4497257 2490874
7792395 7942017 8312095
2262540 4104015 4704438
6154455 5699727 1237478
9470764 2208195 8942093
9190119 11337340 11261299
9529701 5886625 3412206
1427893 90103 9243139
1746658 8424029 8381034
10453662 4199723 8386834
10910190 5475681 5005424
7767348 972665 3034224
9230330 1770196 2832121
5336799 10118221 2587120
6404009 9334970 3259530
7957861 866510 1354120
260066 7649985 7215850
1417191 4175113 4381304
6875218 2102651 9219863
5784724 5541248 140711
7578403 4380414 2788485
8909365 536678 2447824
9830424 4932482 4714993
2520132 4802781 10596756
6158632 7190150 4626116
10264551 5953916 4056182
7687667 996197 9587105
3348909 2040455 7382244
9060530 5400860 9281084
1792195 3412970 9221
1487349 8228731 4818144
3584301 1795285 136371
166498 3983896 9037693
7128394 7460100 3139745
3138935 5560133 255748
5758934 1176740 2450842
10820398 9998142 11213849
2881325 5096960 8728891
2853248 668376 624486
1353250 10054568 3497710
8452439 9024905 2825632
11128997 7344621 3904893
5778783 8267054 1671005
7113404 1019892 4606177
2183163 8176339 5781845
2395504 6149715 162578
1969253 2827742 4308249
2717942 11105778 2709698
6809279 4699943 8319378
6213274 3579367 5475267
5921232 9090206 2185519
2369742 9060338 1244228
7447113 7004657 5119080
9428504 5481946 10723331
3853602 53778 4946760
9482282 511549 5011900
5834808 8361182 11178771
9250421 3675166 1160277
1692790 9280754 3299919
685575 1775815 630733
8451030 11176574 6599543
11025837 4946012 6296739
8290880 10685491 6447230
6035834 3984531 3726730
8895805 3548691 5418240
10638059 7828086 6678543
8024837 5311111 195104
1782685 10309254 9289615
3805426 9806654 5701359
10914087 10328121 6490208
5298543 10908052 5257007
4712888 9094354 10031036
18813 10176303 2675848
8396583 5559008 2934461
9457380 9274549 1187219
3014385 1508667 10601704
9496126 4188175 3512053
1483269 6918320 10408115
3644500 2956862 1287662
4994932 10034718 10898988
9845564 1992645 2609952
1739806 3373771 8894371
2740777 7064941 4840783
4907888 3525497 8547471
4635064 5810092 5336228
466993 3599281 6877894
138270 2878633 7878637
10287567 9409142 9584344
4414718 3138293 1547666
10306810 273674 534721
2094093 1135917 3349255
6845834 1567818 8632034
5790532 4377611 10083681
10282562 1052720 4800841
5370716 8789723 10168669
918364 8366144 3964224
5421600 4859982 6054942
3951247 1526587 2939652
6376735 1626505 7718829
7365308 2457816 7159040
2429739 6318332 176693
7703233 4326062 11327956
2511597 10172929 4433441
4518479 6629021 2578419
7986967 1432859 9647399
1771516 9858933 8172818
10194645 6797246 2284361
4668635 1769817 1387666
3974425 922580 3101445
7464058 10434065 8535680
3548927 3790061 6887345
9109670 2939506 10676734
4476317 8743995 1419928
1777187 2162048 3087820
8314364 7706455 8227893
6926517 4720525 5233101
11358226 4234512 10454616
8192282 10210259 2188927
7947716 1852607 7365662
1408258 4958327 8057046
9454966 2693664 1272139
3699682 6505654 9359367
9936892 6478179 4744633
4027812 10763127 4784852
1010944 7278523 2204965
7680581 1042377 2288518
5213255 917693 3656597
7479550 10030628 8462917
10611256 7527145 587209
7801209 248766 4237045
9857846 9243887 8038707
8520418 6664060 7061168
4707653 4223162 4424617
2287182 102725 10137012
5470011 2813217 3494897
6756858 9973322 8138835
8413457 10578949 200863
3138163 5353546 2453993
9988331 4520276 6898843
5505156 8842215 5910471
8813042 1160781 8144030
9741964 3598494 5540601
4936026 9791148 267169
6367750 2634801 6397201
9306380 9660127 4956094
8076723 6138238 2907621
8762583 10369408 8863564
4897987 10199615 10936700
3248349 3270828 1759661
8211396 10840787 6689909
6437008 5552782 9005784
1746919 995431 2853868
2699822 9539152 766550
10855584 9346689 6802210
8669338 9126366 9769324
2475895 2724070 8171141
4293749 10956591 2362360
11358630 9367129 1563516
5664542 8268341 10680078
4331242 1035427 6232899
10507668 7167866 9642234
9367992 5725710 654009
10568723 8629246 2964236
5406918 9427739 11247116
9591848 8865812 488022
6652873 8305820 4118622
7875399 10649901 5786741
575960 6393853 587361
6309217 6332676 4554740
2695643 11285765 9726138
5957709 6950563 4175438
194070 6210059 8754973
1122704 7183394 5362476
4063527 7374326 8932533
6911021 5630533 532317
7529187 3616266 4782384
2453683 1526616 3101110
5780182 4152787 7140695
6503733 10970085 4820601
3369186 7122250 2049628
8048358 3726948 5664609
2637003 10309998 10983423
7977262 7495422 10810298
126322 6868999 6940940
4937629 5458463 6357824
4452086 4076816 1093665
6230425 8320273 2365013
9074525 772539 1176316
11192694 5917908 10694929
6089774 3484177 5320153
10881078 7314595 8152445
3858390 7155635 292594
9613516 10288845 3670533
1025926 4630149 10964222
6278440 565382 3034762
9529367 4016138 11318448
6733535 4582065 3569873
6626203 6205750 10069409
345908 1305009 451510
10015920 3476537 4986751
9415384 5928249 7555054
11162843 11199137 4719812
833655 10307164 8253642
11258353 2265852 9057540
1530742 10177127 8031503
3076383 645296 2430275
9594625 3072821 8391338
11021802 4652794 9156115
9612339 837930 2786837
1807664 4890350 220812
9683568 4938167 1566249
3467498 10274822 3056143
10701316 7823780 9458784
6784088 3163911 7175171
1409308 3218067 7071394
1907561 468071 10623185
706943 11295123 9180959
7026467 5716804 4373612
10298440 7900006 7413217
2798665 7678785 210948
10392369 9621728 2575025
10142282 9074062 463982
9608140 829943 7793949
7457367 5747506 9979809
665501 1516925 4880585
8875155 11367426 5626232
10958059 11207952 9222977
6349751 10060428 4099004
2287238 2358628 6319488
2391895 10085080 1837815
1325620 9624951 4278073
5756601 4716429 1438139
3179473 10931412 9235284
3690409 6809097 793084
9332682 8401588 5758523
9279365 8214278 9656378
7124390 1339535 7776537
9798621 10133386 5494416
4455609 5735428 5670042
679103 6813568 10033532
8922675 5972789 1585073
9306250 8728605 11035274
3092204 2267092 6753831
10147304 7832830 8859427
5519734 4637423 2761954
10731708 11370081 6957820
943476 206592 1973848
2195495 2173459 10776476
3737659 8488967 2930364
3858970 7421438 7070381
6581943 7352671 8178221
6812608 10137512 8090809
3035618 137766 6724912
8370044 6887252 1962154
2960926 7661603 7040508
4147193 4217434 2424863
9080514 7934666 958546
11247626 8784296 1952708
8093697 899853 2888331
7960428 10999618 8114309
1317799 6177636 7521579
5651850 9792171 4816406
10258017 7694497 7469876
2565401 10777047 3534826
919057 8965079 8609059
1386774 3994410 612553
8842545 4697019 9233962
10785058 5993710 3436570
3524304 6695759 8063209
8910729 7331361 1119291
8400541 7771492 10392477
6154751 2241123 10012925
658952 5542911 10801558
2545650 8968589 4561870
3564899 3551441 9263107
4207164 3222992 2616563
7848591 5412927 860548
2051335 7876757 1478085
5189117 3521754 3858095
10478998 7417441 5557735
8642687 2053816 6497888
324352 9025769 913856
10576421 1845320 4645265
6453141 1766801 4143231
9805216 5798186 6767997
7872928 4138339 2656885
2516100 4177437 7077732
10392112 6220680 5946074
4044183 10962303 2237556
8898652 11040184 3681790
7006361 795858 3346584
1922573 4802063 2011202
8895162 5155971 1002876
4460256 7819042 7598749
7141429 1173151 10644246
10023588 8498239 11201310
591122 2193213 5553138
1172093 4903935 931572
4970044 6982309 2231449
6979463 2006768 1654802
10023659 7944102 2462753
1801018 4996025 474452
5042479 5841042 4147184
3463180 10461326 3920165
7554841 8853487 3513890
8704716 905159 2162222
2706290 1431896 7384386
6950206 2968795 719733
2200360 8296962 6834285
8777031 942978 4267558
5252796 4055673 9497710
10584788 6195469 878689
3767939 9537040 10865626
8243976 5452599 8915418
9859333 8157202 6916332
3271961 4722920 6563782
10145736 5025381 3272414
464222 7547070 9723559
2316849 294183 6361536
592399 2056318 929854
8658420 10000343 11099763
9493868 10298692 5136073
7572241 2805347 3247279
5611960 3705170 9639705
9710747 381547 8038993
1425055 9048309 3688111
4814373 6521228 6467417
191825 638662 7000777
4221481 10581629 2887936
3457038 3234790 9057957
8318901 974460 7844459
9109108 1804316 8671955
1981202 9856153 8742951
9391011 1256978 9780300
4790163 9214643 4673794
4362875 5400088 3823512
4170388 6962081 7301549
4420041 5794594 2385082
5598149 9338545 8834749
4313211 264885 494032
5155535 800222 2957521
2167567 7815274 693593
8993060 5383031 611954
4091136 8685810 6786578
7964332 9496739 8148109
7197382 3368473 10622004
1684766 6288430 900888
49990 8293656 110904
4714744 3721369 2599612
4991186 2573574 2178252
7806866 10685264 8753177
7514280 10925010 6197702
6753861 1541607 2219330
6666080 6030765 3295989
567192 6360858 1345369
6244187 4278709 4454730
2570041 3394104 9222463
1037135 3752886 10870235
8015110 2202014 76579
6354472 5589602 11069216
2758758 6645120 3889989
114427 2161596 6157182
9257475 4528647 8710996
560156 9587449 3349037
7773075 9506074 3476894
8383592 5720252 8845269
5652790 4965083 3602192
4357445 2953344 4971552
2168326 5261875 8306470
735492 7596080 4390720
812943 5834228 4590412
10457850 4992157 4191650
1481228 5246367 2804367
8124622 11159576 8796103
2268738 529341 3327673
551321 147716 8445386
5031411 11249774 9828253
6861690 1112698 7647505
6731359 8676846 7415472
11036937 921291 3302412
1535159 10019722 325990
7705272 2639078 2589633
439846 1851151 9377590
2939959 8348722 212937
5739863 1197478 5578021
8282953 6559150 3745182
4949959 1218060 5359985
5407401 9525314 73206
4306530 3540761 4971312
5190419 4284283 10591201
9207951 1015284 8170515
358328 11304923 4139700
10886485 1387297 1443015
10624651 1904210 7126295
2649466 639790 5595048
1679941 4502210 4275441
5752159 6822324 4149506
6624570 8778408 4754816
2371026 593953 2298691
8850283 9224145 2275689
370186 4855081 7603446
3977930 2204712 10819170
3931678 8951705 5972021
1949558 9500780 8031619
6366752 11222093 988097
1676842 10077377 8634262
8314569 8882466 4381490
2523911 10000261 4416210
8120754 9192999 1495631
2060299 3174732 3533630
9914883 496108 9378658
9419036 7801608 3513467
8679062 10817983 11106748
9990692 5960642 6620557
3544526 280249 1517915
8649580 6057126 1841701
5507756 7589218 948996
6425485 9757449 4035395
9747025 5879965 8428946
1721555 7804329 8524846
951229 6106126 11252200
2176468 3364557 9540774
4363239 7541196 1081921
2888682 4233435 6169523
2332731 53904 4161973
6253066 600542 11325490
2602765 1939576 4311372
2329408 1890319 5169320
8944789 4381592 7899208
7154663 8688414 7597545
816377 3543128 243941
7694554 5952979 3288282
9443446 2756459 5308905
9365969 5047173 7474207
3318045 10569021 10161629
3870635 6277479 6604155
5564992 5948837 4970252
10964120 9034535 2307566
7282829 7956937 1576279
4479057 3658860 7314330
4591797 5094071 7627483
8546658 9785333 3954552
962685 1342249 11230818
6149181 316460 7472733
10779737 2638288 380988
600966 4107679 3817895
8584801 2739522 11009619
10619207 4422171 3197672
7108771 5260937 2413946
4956266 1942690 10763042
5513011 4745413 2944083
8837586 6164942 3104947
7842790 10527937 6653184
8917792 9637948 9162995
3177570 8496349 980857
7619626 6029348 996933
5873845 345401 5982724
9481594 6004777 207326
9633754 5284660 499682
2100663 3001807 2321110
8760725 10162785 11345919
8238424 1351631 6113726
830986 5997352 8767850
869269 10429153 1234847
3438578 11074174 8697941
1682219 2780571 4426102
8743268 359462 6993943
1425154 8868122 2369642
716183 3247414 4398862
6323328 4970566 1311396
2552112 6302870 1784838
5262791 8492554 3859196
782946 306607 3341928
8274547 301629 4861639
1833177 8266004 7196223
5985930 3212829 1793265
4438996 10268286 10844891
4178543 9239498 3406050
7475677 7424245 8441734
2365992 4259176 3368483
13119 4342389 9475565
2358086 3109310 8997418
11096878 9821240 6469274
2983347 2108334 10042125
4482234 5873255 8558458
7899643 7615209 1745177
7816047 2563685 11133173
79050 8298028 9240968
10695972 11294270 10569069
404026 197036 4167504
52809 442586 6848293
8964970 4418226 2952461
9144862 10286679 10701562
10582951 3912323 4026397
9821147 4417523 3332584
7990233 9308324 1649211
3693475 3447393 4631345
5605215 4547252 9670193
146799 682769 10197391
2421554 3004594 2348494
6711860 10625496 7355265
3265643 5109901 8468299
4153996 1570478 2238880
9527217 8310723 7077394
4830912 7703360 901858
3883495 10170919 335996
5863375 7773374 5658805
1524145 6803018 9253859
8287833 1036750 10111964
8204326 5372463 7306134
9734595 325891 10659126
576100 1861028 4447253
1764789 3098180 2623223
5058999 5838781 10000948
6018838 10298804 305725
7128087 2410859 9580430
3891626 7881768 10703617
10941440 6140876 4123036
5383173 11348919 3738678
6619875 9118380 9479016
9096450 96144 2180617
1168301 7257756 1339798
9879910 1101744 10017045
8138970 9726132 1389803
8358170 402059 8856840
10267938 4801204 8691590
358828 5696341 11062113
2297107 756483 943035
10606547 9744539 4112500
2289957 9883857 7160737
1372013 8465887 5831321
5837337 8105538 7756811
7405812 4491518 8170232
1094087 8536229 2482827
6423143 7235179 88553
11054131 8208546 6092668
11388764 6646709 3225663
248927 185887 2466335
8517876 1786911 5956835
2679695 6339877 7621125
8023843 9244396 6986377
2948444 4336323 2824982
2294530 2161255 7764963
3434584 6821238 7025815
571721 4209705 4285051
3905339 8356460 4399764
3997398 1578097 2593017
7029613 6146429 11212523
3832276 6210595 5641804
7464244 4237371 1008112
5061671 4263839 2049853
3521114 3027635 5284569
11069561 9666202 344772
466836 4528067 4709971
2468363 3120186 542371
10282431 7291925 2569805
9436596 503224 6845487
6511771 9926897 9244481
2679461 669542 4402191
6029371 5370124 416691
90733 9683965 3429127
1555588 2916936 6271704
4981958 3372691 7738257
344659 872563 6415613
8537756 5811125 9671037
8969992 1435953 297016
10488093 4374123 7943319
7835016 412161 8524499
5690257 6810479 3277420
10565151 587586 2605308
8843558 7241008 9799796
8068011 1033775 1446447
4788903 4481383 5781056
5491347 6070876 921518
4206019 7449374 250753
2297403 490458 5841406
4157079 8731688 6153234
7898496 9590008 4854913
4043530 5632939 2789342
2742911 8017699 10780819
11090663 3305602 10488186
6518875 10383086 6652418
3841811 2784708 5399030
1466312 3092293 9174227
3035757 9953098 3676707
8556348 4956348 9077677
7081862 4233970 195517
8667045 4900505 6599203
3245514 7531395 5884185
8451149 2361318 9028733
7268776 7452301 3770577
3287011 6256421 9310632
5717321 2079976 7968071
1884798 5774226 9563625
1708260 6101746 7349912
8699405 1190743 5371728
9000206 862600 3046264
11319164 9481097 1080953
4285263 5624249 8669257
10632831 3596806 7882181
29012 3067102 7851223
7445342 10223452 3961773
10573069 11236933 9046581
3653028 7155883 5995318
9484591 589369 7334437
1223405 1428945 8864588
2727676 10566445 5066710
8367132 4127025 6271255
7355125 8812434 7433000
3552416 9125289 8946856
9275619 11334255 1545000
2018527 9596246 7261308
6767988 9164473 1922263
1943153 7397193 11283974
1794641 7883476 3278130
10168102 8831563 8335337
7220410 5798289 118787
11207908 3779917 5700280
3378307 7799064 2878969
1195926 5778067 1957987
1354195 7479959 8582327
2351186 9151329 5880662
6360401 55265 9313543
746042 1674137 7897269
5084159 5975012 7301181
3894126 2014333 10356506
884077 9111415 2585564
2217094 7095016 4112340
3411722 1241879 7574665
7855235 1748970 3610239
3578299 2463292 518731
6691890 8912739 8765402
3163731 2816730 2608398
7701792 1631465 1980807
5576036 6404791 8832523
6943581 3467838 3348166
11207248 10448084 8734727
9023369 498959 2082107
3002621 5414046 433637
3748102 7091550 8201604
2487053 1320039 746166
3717378 3701078 8413456
567145 3090590 7758437
10757523 5259601 6504161
8219700 7428936 7318640
7229961 4451687 2899913
3875964 10004784 7141016
4002626 1477226 4345323
4925681 6234498 352943
7174612 4799909 2244470
3019104 2644648 1119056
11140253 747216 3556674
7083814 3930999 2530307
2143248 481679 536764
6594101 2328261 61240
2531829 552575 5375293
223787 9590065 8346126
3776011 3534978 9556408
10818387 8125865 5914327
3004125 11133072 6943036
10449538 3181881 4860548
1467260 9446119 10785394
8080527 10420644 8708600
6541965 1461325 7778764
6243689 4681125 9765169
5715313 144858 6518974
7327337 6991329 4221288
10363876 2930759 5482565
11028965 11225380 5535814
6893239 8936909 7191758
8473189 2407608 4643177
1835088 8026053 7152116
10129063 7208726 5518088
7771040 1617122 2677395
8785405 5273932 7247561
4061630 5844087 2701629
3252681 8469111 442713
7396775 5732104 7214356
1254960 9637474 3913773
1970379 6451261 8635497
7437793 4112189 7179364
2019783 9206331 10458541
5928544 6275186 7700061
5988899 1296480 9992360
7397670 10201971 6663833
6529099 6299557 2721857
657219 10319058 5913280
10094575 8602448 209293
3657508 5925918 10627067
11047234 5430516 5564956
9655387 7796146 5873475
5271687 813676 1387792
10598136 6566909 9434032
1421839 8148025 11272456
4646061 10709957 8947853
4536038 5349825 11153804
9881836 6155085 9838570
6518485 2852254 5163914
10234757 1442255 6673829
8200869 6323028 4668913
2901155 2437031 2185103
3753030 1620314 8227425
11380168 6180156 8214745
7156867 9919118 10954788
8017334 1443543 5783013
1197062 8113044 7755779
10846216 9261947 8584322
2851774 6687784 9428399
7888717 8767048 4409692
7445953 5228324 4137152
10974284 7951288 8720330
8558971 9616453 2802967
6830943 3497639 9088807
1565736 364536 652524
1112355 2625210 4995893
3301112 11258024 10135286
4622948 1409674 9349595
977464 7867674 1805708
7842412 8211858 8069074
6876810 8160631 8030766
2792578 7221492 6362054
4222537 8699354 10240146
5011960 3165983 9663586
8186482 7407075 4803205
7807059 3546378 5921617
5267121 10232251 5882841
9834528 1429887 480647
4893079 9360756 8347128
8222388 4931239 2746465
3061906 10887943 7546505
543592 3093440 3418717
10951535 9645260 5248824
7269020 4582262 5614529
6401120 11353908 8933644
603486 3010753 256759
2209812 7059415 7718376
9164361 9826021 8005417
10643964 8042 4340189
10071852 5765474 3922688
3625079 3622974 2219678
9125163 4121323 2584900
4674229 7051464 7130558
9874384 10979978 3770705
4073080 11352093 2695402
5081251 893663 7767272
10620317 10965074 8952910
4511994 2246724 10166660
1487 5925037 7995798
3962671 3860881 10080739
8901897 7701701 10277416
350379 773935 1015010
5910174 6425255 2509390
7137205 9843624 7659292
7768305 4185003 9071875
5451687 5514937 10720600
5744313 11072116 4614978
260420 6385923 6299042
1748625 139003 7940000
8726183 3677772 1587498
1446796 3452473 4208436
9774852 3021376 315326
10130889 4119564 1911841
10687121 157687 191878
4208512 1773313 6686910
4524065 422942 4801558
3147995 2275799 1442815
6519784 557953 4402310
10715518 9861907 5576371
7391748 1938167 10976990
5463842 10484437 2730737
76853 3622037 3498002
4830237 10662378 4886257
3131127 4508045 7965728
1804011 5020338 10166517
5871067 10857920 6069790
9836679 11189319 8153182
5978858 2153459 600692
3391865 3176631 812730
10109015 9017084 9773311
1225160 5802550 6779651
8313816 7972846 984232
2514071 3150297 9840190
1870054 11097493 9984035
1320006 876901 5725571
4026403 10524408 1602804
10817222 1403469 6566042
8642931 3234785 7686532
7140 8968878 1055549
5457282 1729960 7690480
5528716 4250807 4362689
9481569 9698795 4339750
4026129 6552437 9415879
4396965 7936042 3080266
921785 6094750 5991195
3421235 7131580 10486281
4373443 5532291 8852053
5888241 793198 1514919
7116393 8938109 1272498
2139377 9517705 5345817
294553 6987085 10835570
2434779 3337927 3568672
7949242 8997539 3338638
9383155 2898391 8305351
4105718 8587478 11085078
707206 8997929 8299999
2941544 4966020 4885638
7596820 8698860 572253
1303491 2600790 1400474
9043322 2193183 4361184
5846978 515381 10211817
8894641 10578897 346993
6460380 7947267 7635846
2130708 6140416 2513877
4953227 11211617 11044254
7032115 10113830 6888493
7176855 8925281 10423965
379169 1015157 237960
2089950 9284011 11331053
405984 9039396 7179143
6374443 8626398 4089678
6592322 3451747 5369579
1682056 2437988 7736055
1420445 1518428 8088814
3392045 11198138 1718065
3155282 10915709 9981643
4791538 8485986 340894
4668271 3252767 3701001
2965541 8695880 3199076
8950889 4202922 1590657
10769619 4669825 3484364
7228056 193759 2570326
3639184 7570717 10327463
10960190 4415211 2484092
8649119 10414093 6033594
4068836 8794314 6013460
177958 1408553 4083381
5655447 8948317 8194256
9836463 8242655 5652844
4542830 7363489 6829330
10761104 3841682 10167493
2429928 6489456 844963
9632613 5031848 2432891
2086160 8162064 6644841
4263114 8997921 283060
320151 6058023 7956724
5524489 8179278 7793891
6303226 4968465 10503112
4721991 7775209 9023753
8080793 447588 2527971
3122842 6382257 4652353
1945129 7651506 793839
5676765 8361788 2235608
8226225 10466984 9268608
7275487 6715353 9258299
3456837 2047512 6529933
4794659 10784612 525762
3153972 6343002 1043517
1169231 5655173 3566600
127358 7891384 4082805
6165145 1338624 3315529
9787715 8992070 88589
11362140 8093535 8811281
8139848 8265509 7746398
45562 7030196 2930664
3579168 8680550 1453851
10802217 7884865 9903530
9292954 11097236 4802907
7679373 381274 5401763
1883910 8244137 7637600
3251658 6876948 9197801
7487214 2769702 5981559
8163317 6757614 3872130
2161616 3876769 10363762
5927583 5255581 3312568
9297852 4786581 10133047
6243304 5867316 6264455
4584337 282062 4756251
4955270 8252697 7443210
10216150 6064861 3894407
2514713 1077011 1684468
961478 6312997 6015437
2715617 409507 899500
9777746 3482737 4416183
10780942 5779144 10827148
10789880 2967489 8439554
2989921 8402980 4964731
5214555 9006786 10925714
1454077 6309506 6252793
4543248 4436996 5247073
10776758 3257643 2008053
8666676 9734940 8743942
2492278 9214455 9126340
8594249 9207874 5909589
5528715 7154444 9002612
10449694 5718858 10235659
10772311 2747450 7134158
7116198 129281 5808015
7277201 116347 10785688
10561441 2691591 6411302
10665498 1050774 9980678
6113376 7764845 8923427
11003628 2547077 4358905
4397392 90947 7401237
4911365 10555715 4647215
5287840 4395492 9885702
6127061 646899 3018785
7430874 8595531 384278
10563797 3669173 6956941
7378201 6055810 1711793
1256251 1360568 267126
9722884 2789456 1550734
1549727 4452697 2197764
5867919 1356614 10902659
1227837 10119390 10651489
4264327 1066750 4667051
10571464 7909575 6448095
7485598 4920693 8081705
6641083 4133745 9443789
7884561 7876371 3547610
8123990 1006281 5200835
6715190 10272918 7509291
5048847 8081500 10458245
10210876 8404907 1465980
4668369 3401280 11058120
919169 382005 337313
8982271 2313237 10463033
11228245 2430666 8936423
7907997 567134 5064175
3681944 6901648 9926440
7237436 10980914 6096359
1937436 7173914 11089428
5727258 8515673 377987
4666957 1714489 4921394
6850540 9833372 7329855
1263081 1298887 7083641
5468914 5634327 4563725
4842638 10214136 3992145
9854617 3443380 8524640
7180443 7843478 3924697
4819563 7243309 467530
1087015 8402831 600748
102114 2381548 8262671
747068 10570493 1664007
9390838 10404760 10123266
4897898 6566052 3120461
9118002 2928805 7019890
6414388 5350195 6066072
11340197 10068418 1862633
4833080 4092908 2338405
4316759 5411546 3967838
995208 5071485 6449310
4552371 2210667 9846861
11255294 1693445 309100
7407311 1747993 11072669
6119322 6345489 11025823
3444415 4676158 6084744
7744163 8008528 11334758
700373 10505956 2703542
5935896 7237756 10054632
1700314 2428040 2709262
10286646 5135581 8707149
421400 2929563 7697468
11004851 9497613 2719823
6527595 6358271 3278501
9017094 4698770 1882196
9891876 2443303 1251169
542737 7430489 7169067
6884057 3665024 4096859
3140817 7700350 9494798
7255708 5985769 2188438
2498407 11018734 7305604
4201775 11230399 3654031
4755157 7772505 3321334
8904154 7450352 1664326
3813155 5228791 4971727
375728 7969877 9198711
1692779 4075169 8251811
7791964 116995 3667435
6765317 2550749 9087928
4686358 492524 8282673
10794845 3495589 6331293
7348269 4521064 583123
4431684 2970357 10782230
9555583 8284429 2636447
9923233 1754724 665097
10438723 2205012 8583860
2831342 3591135 7808209
2045582 10099161 6229667
4727706 1649140 9574355
6242847 163348 2454044
2273070 3735697 10459985
11024827 6503175 7647757
5015331 118426 7184020
3338623 325995 411184
7510491 9120199 2849961
4209165 3436876 373334
216465 4261681 2618911
8583431 4178066 81160
2175530 3837668 8869967
2439866 6791880 6666972
3959296 144242 8384222
6713394 7201420 4611849
4937862 6996388 2488999
8863565 6966367 6521458
3064068 6248033 8524980
10453671 4266455 8742211
2355694 1789027 10514156
3973700 9325583 7795268
6466406 4396092 8429921
1981368 4231056 606949
6054657 3086013 8505437
2707796 5627857 8499785
9046530 6310349 5514654
10942255 4087665 2152824
8016974 2143186 6955206
10720231 2553646 4187342
5128535 4292950 1512117
11253595 4935143 3697662
9238166 1701969 7013442
8570708 4046953 2950105
2923161 3458770 3074580
8197570 9913825 5506229
7857213 2405878 10229411
8676220 6557229 5710551
2049827 6161305 10292958
424854 4677849 5915224
4764849 9747406 4627351
11175008 2345696 5657245
8956126 8612337 7417253
6136744 2139840 5670988
731711 7585781 9460439
9494981 3229567 11179620
4801564 3815120 614753
2336225 6426291 22916
3957659 2363472 1617727
10612278 7558468 3394245
8980659 3632292 10543321
4399502 7028072 6754875
10199384 507327 9557194
3480751 11120980 11168572
1955500 1073617 1484746
6135918 9420732 266334
6508725 8274059 5420470
5494603 3329060 373380
8142871 5743371 7640588
2699767 8612547 1060709
6148629 6585320 9667348
5029380 9238401 6571364
3975494 9256496 364866
6176786 3335125 3455819
4412960 3155417 8964690
1516760 3350297 307010
9775078 2437056 2568231
4272460 4142018 3046290
2609348 11194814 7174508
1116603 9995617 6332272
3022843 323801 3538087
6201612 6930305 7531272
7819670 4096806 9459189
6710984 7549115 4178480
10194261 10029781 2703422
7808720 139265 3198448
7284849 5269298 9523649
2650038 388664 3848441
10836037 9077702 8849919
9567268 4997002 6457852
832997 306488 7331466
2661664 11358562 4961489
10839864 3829413 10115896
4909126 3645592 10900159
6951648 1884710 3816783
10428519 11140677 1521467
8139911 2393035 10818059
8720716 884290 9734882
10841578 6231489 8028418
3844335 635589 6486369
19298 4973091 9579656
2525649 7945248 3676196
1119390 6740575 5048416
4111474 5958670 7891622
2684097 9810078 6986720
4020732 2165389 5737487
7033961 1618274 3451248
211056 4203945 579609
5121985 4785 11215461
5888470 2027711 9900085
867656 9858620 512163
85969 4178841 1197153
3538572 6831463 10713415
5328458 7022327 1880167
9911782 9265201 9867990
7818423 5365072 383348
1795821 4391255 8802372
4626895 10387570 4048207
7818693 9585849 5634066
3485789 8181240 1958250
1386370 1593657 339233
4998637 7498302 8908894
886465 7334526 3356617
6300318 1485210 10428541
10948537 9183711 10424354
9676721 2387458 10758599
4710364 9993614 2289329
8380147 7098417 7063148
8614407 5766163 6116201
8335580 5549296 1457022
1620413 3264086 2555279
4852904 2597082 2470220
508958 5834948 2047210
3456284 802987 4374747
1137675 4261192 4649730
4429189 7096549 4368867
8026252 10103208 6633502
8265165 9454553 5075226
11128352 3936706 8660846
1582521 7168010 6702340
1011983 9207072 11324122
15405 3519677 1855564
4478512 3925272 9262773
6591403 10270002 9475337
2441638 373072 5482940
8922257 1558536 1925081
6124112 9339737 7100940
4107363 7043017 4022541
7051233 15991 5770633
9553029 10183920 3015668
1037868 1077999 4504114
3812739 10139154 8035116
5802851 8770827 1286346
755490 10615915 3039402
3488372 10649553 10392171
4513705 4514833 8447782
9700430 2079935 306886
10103306 6850328 7325766
8815976 626421 10526075
1187486 1941336 10606707
4524593 2645939 10609559
4290245 6974336 2398323
9981757 6154296 2803790
3654769 3918551 10825012
3887187 987257 6327313
9288936 4156460 4176574
5943725 11154378 4763418
3629771 786731 7250199
10219114 8894852 3280486
5658740 9308869 3409258
7189397 10452284 4710891
10854298 4514807 3358548
9021181 2492989 4653768
9256180 8458270 3613079
6646439 5732031 10228803
2389904 7857892 3520890
9500784 1104883 8140789
3259680 667910 2190232
3301497 1189593 1640519
3593185 2869964 10458202
689245 7058868 907094
7718507 10904127 1363470
3095561 2084496 2491509
9021228 9516340 4389814
4762487 8693530 2966891
11020224 590580 5010679
2488970 7124663 1566999
4639173 8049486 10847247
5294083 3033077 5098665
8775298 716196 378523
6835946 10564271 6415445
2131329 166667 8514592
6376139 6740524 4042324
5874834 2622266 4922949
6344238 10808314 9749399
1384562 9608992 2217167
5506511 3889310 4955947
5912487 365525 639804
5606970 6033773 11125192
3943192 4734666 1248239
9013317 5689156 11259074
10624554 4975944 5894676
451078 237842 3411607
11303264 3444710 5360681
4815978 10921473 11299703
7315450 4317181 3522186
8328670 9540284 6805051
4323596 6836436 7299041
181445 3397235 5678798
6085404 1257595 1357538
2259090 7236528 1833523
4482586 2992979 7929027
226927 310764 5402347
5592954 6713200 4470023
10145640 6623899 6349538
10972640 10452966 7443413
1822476 6101864 4605922
2172752 2849997 1063182
11076932 428502 4374299
5692914 2165165 9758248
8533467 1051024 3792840
4971987 32252 562997
3718876 10509600 522959
218493 9994909 2681370
10506273 8327625 4136323
307534 4823465 1869182
8047909 8434900 2774352
4692058 10937461 1405649
11318205 5709847 9595744
8873166 2599046 6362974
803990 9772309 359305
9048244 4585613 9562808
9279408 7646075 6858148
11024809 5589301 3467797
5955613 10979443 5715726
3543888 9794917 158263
4949830 3203241 6728198
10013944 8110852 11059406
7308269 7405441 5341662
8249690 10515868 3804864
3035006 7663605 1848558
7036168 8455587 7343665
5271830 1625976 7506114
7240391 5795869 2533106
8372802 1905445 5516975
4064959 6264212 5816374
5537545 8378475 3359589
486670 10330964 6991752
3915201 8957225 2936573
2307617 2478155 4177078
5525498 468620 10434280
383950 9376040 131214
1722651 8777449 186648
7596570 3617303 6427786
9859047 6772950 6366264
7534815 3112022 485967
9010761 8879837 6149849
6305351 6068242 2913361
76888 3079106 4158131
2261976 8899384 5873337
2292431 2248264 2280710
1067025 8815913 4091062
7217850 3305225 390095
517770 6241199 10063374
8528053 7167855 10194343
5400887 11233 176158
6404038 3893388 11335023
4926821 4767444 11373712
8624454 6950974 10243578
6606246 5529147 8821759
8524511 1609441 8386224
2133217 11372201 7856681
4937738 1265280 9522055
2377814 4492411 5810720
1909480 2545667 3885391
10393562 8293753 8744930
999049 7129241 10724320
6646449 1185549 7918545
5277335 11354907 4907366
8049622 5957998 1927828
3943855 4268708 4585241
8114278 8712802 5684971
10203800 8838962 11217372
9087049 10664501 10594469
1688655 1890063 10637899
5129749 4215948 2373554
4106517 127563 1830869
11181532 9727385 1411643
5336476 7045136 8505312
8625852 10675217 7788524
8287538 2294804 4604064
9940229 8782491 1374779
2961465 1946881 8922666
9429435 5382856 5519697
4913155 3445093 2479189
7112108 4109458 10789137
6467991 7828956 1511268
4017452 8737653 7021524
8062836 1002264 2421550
11305976 3269033 7561716
808601 9513929 10404875
7769257 5436532 6207959
2708280 10367129 8635715
10727905 6817345 4866812
2018367 5457309 6746037
7591066 7399930 8747321
9558231 2925236 5219063
3714185 7432093 1396707
1567764 6482238 6862970
10926374 273582 1410990
7393294 3994224 4640260
10506831 189188 6126660
8338149 2573942 2580403
5935631 8577972 6337276
9833917 9588354 2865617
8128445 1188943 8238187
11361706 2891840 1199350
71685 7859999 2616841
1232587 10591538 6651501
6910517 6922332 5506628
3744357 7786828 4777000
6763678 10727481 10680565
6867725 507366 1847611
10790682 3299538 1223440
10751706 3250531 55860
8956002 4755007 10883258
5491990 2293231 7809029
4376298 296967 4528805
9700843 1106371 5051149
2756834 2475035 10764916
3785834 3594025 3129012
6201010 6249721 2404343
11281324 2425694 289239
7767536 5281718 2943281
2619249 4860461 10198725
8792725 5842153 10581609
9828341 8289735 8157963
3783692 7931898 8040813
720239 3215967 6171966
4284731 3439896 1215783
8969500 4459989 5819422
8961503 5052723 1124030
911615 4887726 553642
5853021 6325023 7339254
8094120 3575562 5893423
5963716 802874 9094278
1304981 1442996 5109107
1275461 7955581 881291
8021388 6351241 2058124
10751268 11130013 3572496
10007213 5298825 10177450
5420883 8476380 2488012
561710 2753833 4394358
3297647 582988 2684347
7540971 10453123 2679295
6292340 719126 6379229
7571533 6711122 2851780
259775 8172952 2917403
3470514 4350773 3866610
6742902 1971667 1638647
1402557 7135583 2550051
3431662 3215961 1222088
3797349 11198416 4213458
6675718 2128917 4163743
9902915 1210713 9696494
1438916 2921343 6059147
349249 3395429 9755244
8011739 8849953 1449309
11043397 11041170 2390290
6907432 572618 7579761
372097 590168 3182146
9197440 1149182 4177638
5402171 1152468 9780143
5791642 6199843 9852842
6310662 7798715 8384481
6223142 6326729 9285909
11122224 1923746 1454113
9252119 7619177 11020058
10629021 657809 5331124
10309343 9743310 7431721
11248617 5369660 2401662
3560076 4802173 9730276
1785091 8397318 7603857
5380246 1216750 9334206
4381519 7615582 2550832
8334431 8865258 750441
5063529 3863607 11208075
7924206 9366977 6854534
2159017 915332 3298220
3315589 88128 694718
9186467 10103440 8883768
642103 6301698 4494014
9865827 9170489 1982815
8121664 3697640 10789603
10933836 205325 542229
3626869 6225007 662690
8893562 2747577 4838410
8937840 899794 1657992
10662116 5919214 5066064
417647 4667644 811001
5356697 7792571 3732061
5169342 9764576 4769052
2561167 9954234 963076
3061804 10587853 6404923
4057473 2276935 1814331
10328098 5138193 7890980
6874737 293050 4497551
7419973 1628861 5477850
563900 860902 8193189
7590438 5973429 7416066
6337311 9079133 5450102
6323385 3207211 11095489
9693771 5001847 10801467
3397070 10409570 7617821
6611219 2597308 8804673
9460170 1738116 9481737
8640816 4759869 7814028
6438822 1622302 4313407
10597441 6523344 10549057
779522 2717356 7538168
5869113 6197166 7473427
4153748 698063 11130850
2134049 414454 7068066
6771833 6370157 7553956
77027 6815598 8461807
1534151 7960804 9045608
3582905 5811429 4399609
4714717 6345653 2804491
4093551 850324 4729531
1412237 11066466 11206539
9119908 4490203 10763804
4448306 4091724 8940549
3522482 6995057 2521531
8784074 8123469 6233069
2818230 10508220 7743494
8040307 1864262 11365162
9784294 7686774 9729628
767824 3149070 9224656
9017338 6748931 7789231
9690400 3501926 7750259
10640613 5658660 1089294
2150443 8512018 6545262
1426484 7362983 9849296
1799353 9566186 10144983
6453671 9753189 3245841
1511020 10017111 8994906
1764018 1274052 10909413
7599716 7762438 10012745
2730318 1686093 3804036
1044996 2605403 2792447
10054964 5717234 2451455
1545288 4395487 1014412
10516630 8972188 1445888
773292 4491550 4800806
5392830 1397097 8825356
3821659 5496092 3610034
8241923 10039444 7029007
6684028 3066186 2802283
10050383 7102981 3245778
160138 1109380 9216959
3099633 11365820 5240556
802098 9790020 4950466
3797055 8368110 2471313
6696522 9143921 1345820
660463 4627964 1196107
881617 1659906 10417618
8411161 10724079 4694216
6007612 8674277 3967739
5557461 1596813 5749547
1489016 523876 4105447
1377049 1635355 8144906
3775367 10619292 10366613
8707267 6733837 7344619
813616 125070 1161300
6171112 768707 2497198
5446889 874596 3078642
8930652 8764717 1905747
4867293 2257343 8700090
541149 6891259 9235423
4138501 7141070 4096093
9199484 4451717 5544844
8412846 6628899 5520232
3050064 2284107 312936
10647761 3065123 1434089
534630 1775577 10720514
9793465 9788985 5377327
1701197 3086703 2992815
9893269 7776186 4877223
6917089 3959410 11087572
7050181 508299 6573388
50714 2185973 5651877
10968817 5609442 5256602
10136326 11086238 1397487
10953007 8016000 775168
2224177 10665365 6662324
8725754 1297345 1463437
3427712 3669663 261165
6014252 216229 492222
3113032 10748764 9511507
10882157 10660023 9205468
1802784 9839351 111562
8025768 4513919 11139062
2691814 5201142 6240670
8157441 7911396 4359854
6605820 3415501 1840608
2817096 3149550 1894807
438328 6226329 1534058
10226187 4043467 10286699
11034017 7863365 6151069
4011893 7356785 3030493
281387 8440109 2664105
1512445 10119111 2343602
3871026 1440445 3879418
2168490 9011027 1839886
8492165 7193038 359186
7939078 8886019 7351411
6732777 7861022 717938
7000262 5503999 3026450
3605934 10211684 2264843
5597753 4920011 7651025
6551470 11310450 471544
1993765 1611142 76363
4244975 5055643 9030402
2208182 4496659 5798877
5159210 10338046 6137882
5620855 7977482 5026491
2445385 5977192 8965871
848928 6718308 7772849
3211434 155634 3956618
4998453 8954060 4344935
10255158 10528966 6143377
4992902 5591772 9632744
2443250 5646160 10266837
10818959 9257254 7829645
9080400 8468607 4181636
3808424 9321505 9893114
2782284 3791906 10194988
6948988 6408340 8871030
3191404 5358421 6974572
4618015 3643282 2127220
3667446 6970378 614474
9603339 2657953 7707906
9718596 453356 4820607
8340489 7342273 9169701
5664823 7677187 2506064
3564431 10738245 4846033
1613479 3156378 1038457
5658254 9735992 10645248
6111904 6724391 4531917
10362829 3245701 3465609
4672092 3818017 9482792
9858074 3274499 10814061
2094018 10132494 8332843
7856360 6522281 10376798
6757463 8303123 1712676
10809024 6078953 354961
7805465 3075877 6157018
937000 3778856 2332342
9876900 7873100 2184776
7811794 10155881 8633277
2003050 4406694 61680
5705277 4810676 8583107
10759731 7090188 3216976
7647319 10144204 5480288
8213464 9092559 4808982
5960829 266011 6786753
3809288 3058443 4247087
722150 3609764 8276376
10901495 310442 5093682
5472500 1860738 5692129
4536632 6323362 3165523
2535639 2769152 6177504
10118018 9479703 3521735
780138 4571349 11210315
9270974 1173261 9659578
2637659 6638318 5311776
2740851 8927798 3422306
8967192 6184088 9123307
8286082 8862976 2720778
1527334 5953185 1268210
8004248 3715495 2020900
4279067 2795387 5928282
1125547 2174975 5782851
9436231 10262329 4982483
4137759 4304096 651266
1648157 3536104 5741929
5739397 9298679 8301459
37181 10438467 748882
1657182 9028513 5547014
5252805 9357569 2133721
1683771 10536652 8109172
8268109 3771929 9655651
8343564 5737621 7879810
2816782 4287509 1221670
712386 6032456 7221524
585732 6069049 5663172
1825937 10338410 6498327
6810439 5537041 5988278
7479764 5949751 8618360
6706969 4444889 5312762
8120519 5210183 7613963
7795417 3207194 2418129
8946751 4179413 6904326
9126246 4330791 10229059
5174407 5620531 1662271
6450102 5916722 9534282
7609859 10924391 4495836
6525976 10251885 8755632
6054849 10613060 2295220
2827365 10343328 4816931
9379952 3589289 2275503
6011466 3618911 7608773
9177738 3119534 9751865
5812378 515902 1857308
2448519 9874798 8272280
1914634 7456506 8746176
10018352 2923900 229827
5697839 1312792 6766503
6384701 6115721 7615263
3061394 8603940 664789
8152082 9635445 1591450
18771 3960218 650081
3271650 7260233 2228259
4569976 1716296 11370793
3565851 9157190 6558508
1592174 5107947 2186784
7652327 6266754 4091905
11378037 9280568 721473
4577723 4522776 6664599
4099524 10112132 478980
8426512 5052276 2763937
5886437 1158182 9322361
1734728 2428935 4431691
5378470 8029829 1823273
1195406 11369116 4727708
884344 2383210 3680421
1993277 10866748 5006455
3678296 4931762 11121024
11361963 104079 6328331
2444218 1406074 5012973
2636261 7681061 4152264
3075406 10167999 1138514
9207808 8596232 2107068
5039955 7029959 6745124
6656144 10291799 10255464
11156393 2507386 5864378
4976925 5003948 1745310
11362089 189060 776290
4792781 3849876 7552335
4673977 4111853 1617162
285930 2632026 9032571
8785600 9010717 4119897
2737078 5873527 9123779
1389123 1773247 9186819
7478056 2215248 5836351
4195932 3828698 9062480
10322298 10046893 1169778
2918119 8833801 4510073
5686889 616712 3851692
2432509 1722567 8490526
4816166 3672116 2266952
4472884 6548244 4721417
6812634 5280231 4054523
10673924 6184833 1840925
6817732 8902240 5765802
4490138 7955675 258946
6427088 5911230 9386361
6582344 10617971 2642607
8313060 7050488 4782418
8671567 5909669 1099957
8873518 10766218 11071549
2520960 3068570 4123200
6800266 9220289 9626199
5026123 3055909 4414718
1769130 11081907 10002334
3939317 10580809 8854840
1715958 3243581 8055581
11343759 4930348 613328
3580040 8647542 7139
10599707 10968542 10083186
9093126 8209064 3370625
2415886 4539326 7255058
7304296 4319351 701028
512621 2706049 8829015
9075591 7301063 11296119
11232743 8918544 7817939
2898285 395392 1628486
3686848 8971157 3374559
10632420 9092633 2149708
5479762 3097947 1090807
10483481 9755713 459779
10468882 4270697 9977727
2179050 8247066 10100750
8840900 1412258 6948031
8859700 589421 11151073
2254826 8718785 5202404
11315026 539765 1572521
1315655 9614651 2201015
3867501 2734961 5145725
8650196 2875370 9170630
5588021 3540307 787431
8275127 10119431 7158666
5463267 9193026 9215351
4559520 6857869 605472
8132051 2859197 9359754
6075769 3031109 8544266
823892 8101828 4102148
10391291 604580 3237097
10668554 9347432 10319253
3644863 1543235 2197437
5511909 4702959 7413344
1425715 5469116 8860818
10254741 194257 3714355
1605265 11327650 7655552
7470623 8247649 10380708
2457757 10162251 2595596
3891770 4749906 641052
165313 2657512 1083697
10245209 6462820 917147
4593245 3379544 2004394
1490535 6393018 3781099
8968091 7413326 8855879
3112456 7044965 4602031
395865 2943335 2835883
1158215 8573503 8372240
5951098 11166457 9321116
3588010 8342305 8935401
4428125 2356846 5844639
9771679 8548409 6743744
10074976 1483292 6993959
11137909 7291641 9865527
9994957 6714822 3556612
1891027 3200373 2837135
4735268 7614719 890616
5863757 331621 5232905
8965946 7125119 4892439
1754204 1941663 320916
10947277 232024 4064211
9857513 2708265 4315692
9530859 10000367 8708858
2674284 1449588 3798286
10207030 857497 1596281
7436842 8479916 10896892
3284029 11079217 1060988
6769690 4156284 10452222
10664964 7742095 5575098
8292450 1644960 3457257
4249928 7705186 9722207
6250585 7768608 10546494
170521 11142647 10755484
6354460 4487405 350392
11085886 3553222 2300739
9809775 6473577 3179086
5824144 2955037 6281496
7478191 978356 2013457
7958037 3170340 27336
6073184 1769068 6465852
5560839 3066332 11328332
9359093 7349396 7348785
10539217 8378356 6947906
10966694 10061358 7626994
303419 8203395 390381
4934722 10707324 2423534
101021 9001803 10441860
10640183 8596459 6574109
4208265 3234253 4626920
9743413 10851437 2171870
2266909 9764010 11316884
6093326 4399915 9499501
7078768 3216296 10921048
7974530 2735106 10211201
409490 7570262 8494113
3128971 4148300 11175153
10202777 9265217 7636218
7833347 10827508 10212056
1637274 2775966 2270171
2345839 1450527 10940765
7259033 8438948 56608
5347472 9783101 6595944
5092699 5542232 6018007
3355967 6098138 10775691
5178043 2931427 7303285
7025157 7949963 1416284
559109 7466342 7988914
623299 871040 8593123
6910334 6075637 457384
7180683 7113055 4655927
8164538 6566731 8939777
8797534 8361374 5668648
2021605 9136306 7768619
3651898 6391972 5852932
6661762 2439426 3533054
3098418 7517720 4148168
7183880 7088985 9902741
2464548 7437063 10803771
7984490 8445597 8174781
8077332 6046651 348828
9831659 5319075 1923011
4800224 6910423 4750241
7053830 7706111 4399761
5045973 9978074 5774178
3513084 11382402 8366841
448528 4314980 2191107
10495949 1775338 2084094
1219827 11168267 2245835
7847006 8377108 4410426
11090017 8362837 9866651
4233543 6914588 8173799
8767087 5070583 11194351
6402264 7579911 3257380
4066270 11127173 2052358
608531 8664905 3372982
1415016 3739921 8902136
9421830 11138391 7567086
7055032 4153256 6209258
2347853 9275285 8235234
7693626 2351848 4040730
8035110 7329990 3656739
2506303 1512010 6436556
585580 4996609 9370885
5580173 9011653 667505
5564337 3860251 7018135
9390561 8404312 8073348
8468029 10703633 8790253
7740166 9408692 4052693
9430812 9547476 1366228
717806 1511115 9644919
6771539 4064464 8698905
1151533 8164392 2652227
1458346 10208500 10748337
279234 10112413 1628286
4763689 4289959 8582577
2502870 10471535 10007560
6552989 5337914 5836148
2396172 5242776 3543387
1881593 10853210 9002550
3564166 3585109 7617830
3658222 9883540 3285294
9364831 8976634 10009565
11277970 8249024 8338062
7869520 4000439 1213390
6458664 3438337 10032913
8395324 959632 5640158
2854496 6761045 4755686
6516282 513756 6639204
790320 7577635 9427911
11271755 6263562 7122956
84180 2028734 8651543
990276 5078075 1828955
3944531 657677 6026789
4629762 9865797 3619030
1242967 60599 6183951
9602820 3840691 836881
1659039 3095266 7444036
8021628 10486975 529894
2072537 10110292 9826280
11099453 5554914 6512792
8803318 238441 6290450
8854330 6745794 10703360
1584918 10529314 1815159
9987072 504258 10157231
2063337 10478803 2000793
4148623 10728451 4703519
816726 10728685 9789584
3927945 9181106 7223613
8852063 4024183 637199
9541833 5209517 604811
614429 1774200 6819331
7840266 11219938 6532975
10401881 8309327 3300159
7235679 3101055 5970791
9778624 8360073 5587646
8188683 5865569 2528524
7653562 2187619 939262
4025410 7659724 2720040
1480460 9257061 4352480
1510951 4610631 9599631
2458942 4791461 10999073
4140342 10401448 8107856
6589166 1055341 7662689
7523842 7275021 2816065
10477460 9101835 338711
8753504 8024455 1913076
3207385 6923799 9259627
3563180 3497226 899372
10674686 4950135 10900143
5852169 5506084 7644722
1870632 11310377 5124441
10265933 9619100 1185317
8652846 4563077 5561712
457420 9049202 283881
5134211 10819170 1338731
673357 6732978 6112698
601722 9082632 9274372
7489544 1743635 7525298
9081347 10136468 10169138
2569025 3170675 7875010
438319 1245618 8202780
9923211 7264733 8745850
1165354 4224947 5959006
7945532 273272 4491415
236125 11286050 4671486
9903666 9750063 6411765
5339985 2305418 6944579
10457081 10249285 4854745
4528258 8378533 8096003
3824213 313535 7241035
6050449 10146553 3421401
1693958 6796958 1492027
8849467 4698691 1791242
3205077 1312552 7746580
374727 2997778 5852662
2394662 6124597 5498203
8536794 10362577 10914128
1442761 1788777 7134857
11062852 11264358 3872685
1420161 9697476 7785616
9391552 251116 9490895
8884791 3685479 7594340
1514445 288636 8465135
5544673 9935978 10942033
706355 4838406 6064795
2252776 4927142 8911768
3390767 1397581 2772594
7347199 4029257 3867055
2417951 2235521 7523885
6146604 3580452 1750633
3632064 1076570 387623
6500651 4054383 3430347
4390067 8850679 4701563
5861865 4069224 6715852
4134136 5369575 10943057
1914136 41724 4311308
845501 343673 9308481
10744043 3721346 3395370
6959311 8743611 7664038
2468658 819620 5157663
11167795 7352412 8955814
11148462 2265156 9435908
3478937 839952 4828143
8610836 1428437 6140812
9938676 738106 4630519
2653583 2587536 2750722
1980515 10554375 423267
2346297 9085336 9376501
5763791 11364541 1089558
5047157 7392406 10074307
4890063 1148786 10586964
4981182 1976369 3678372
8613082 11083953 7354816
5960535 7966706 10187802
11361927 3503282 3769024
9840412 4994091 6040205
6192031 7188565 6802268
7091226 6843562 3832106
11026411 1011980 8551187
9977450 6443386 3531285
1816407 4932190 2933375
5319291 1324228 5407436
11143638 9962170 4308765
6167505 1015800 3458679
3686166 11221003 10863642
2224859 1261197 3008842
5959986 4667663 2690033
1095598 7907791 8651437
6843409 7831153 5997936
6531811 1484740 4511812
7270234 10307631 1025025
3213865 3033496 8959869
7519103 168922 422632
3034492 11195772 8883063
428772 3773789 5436701
6873365 99029 5919832
8545994 3495678 8520948
8531421 3666057 7756023
565729 3671454 11118558
933829 8609027 9307262
5511304 7737236 10448743
7205241 1305053 6115364
8900002 6871763 10549345
8783857 4460677 9895277
1079051 1250936 5377937
2853844 523448 2160616
8832712 7458019 11003402
10432443 3613249 4530996
9909089 4116430 1219748
6756907 4987239 10656239
4983827 7831172 10845496
10108636 7910377 9133692
385178 4481940 1444445
3621097 5071001 10803439
1802337 5492384 10172578
1833826 5700154 11024457
2496048 5761482 208778
11066325 3556583 4764142
2223774 5661497 4157363
8178162 2657095 6712986
5757400 8298089 3404710
7838271 2118550 10738770
7093801 7136590 1631753
5936960 5846983 372736
3952649 2631407 8852043
3969182 6057974 3837773
365972 4513698 7706141
2411421 1307843 3481367
4392265 1607202 6118189
4910205 426328 3679943
3837241 958831 295574
7463358 9467045 10902402
2329599 6883314 1831519
4913566 2686534 9413932
463640 4428328 7196580
1863745 8696684 9694359
3042523 4632909 9878224
2167057 7848848 4071433
7848275 7001502 5365599
4488643 3192561 10183027
8728173 2622567 5985081
2813481 9591265 8194072
5546974 4825613 2727761
2338973 3834098 7980999
3939563 777185 7759173
1759886 6245628 10021842
9200411 4111658 5474446
2281904 4543109 1189474
11378281 11254162 4658300
3717638 1691310 9885617
8712674 2204666 6618880
5513073 9533651 10919877
5338281 8799011 5071197
5528130 4690473 5428572
8608562 4119641 8576264
9325788 4904559 8975277
10129294 595666 2073888
8262905 2851236 5588946
10242450 10377629 3103843
1929121 6271275 4446506
9142027 7798880 463411
11260423 2222711 3951152
822647 8776030 10099348
1769735 7596209 2482788
3041599 10667879 5004022
9550971 9260328 3165551
9050662 9705232 658096
9295792 4284563 5339881
6996524 10319188 7094827
4621931 7225479 9622710
517415 4884675 3550378
9930128 2566049 2517692
11162185 8521478 9732146
9584287 9413195 9072714
7331089 7494046 2753307
3708123 5519741 8123860
2000192 361359 7904406
5029295 2523644 4916209
2292692 2522730 7527365
3031030 7791337 196616
10538996 9269034 1391600
5462854 5328402 6750670
9611716 5914152 7593686
7578647 11390103 10701742
6077590 4296791 8519375
10601692 5040078 11046600
3955906 2155095 6869517
8224464 8597365 4192906
8677245 5886926 8616725
10450763 628275 6224361
1115751 7773401 4431068
1422011 9143870 7413005
2875295 11173819 2653224
487913 284850 1995089
5615005 5080551 630091
10995042 7951703 9707849
3424732 7596932 5086182
1943072 7311661 4891719
7842838 9004221 2379529
8485596 10450219 4531097
789584 5712726 1249845
1266534 10554214 300415
108208 4972663 2867834
1827810 651886 2121969
952295 10857490 9749521
2551773 73887 9841568
3260466 2926479 8149676
3416528 4982825 11184666
9233534 1470366 1768168
4246401 1649532 9916808
8540165 8642310 10043321
7886593 4711371 6590406
5983085 6966062 7537681
9088860 800864 5464869
11216285 10246887 599378
8655538 6269403 6331353
9497880 2699661 10479050
454772 5341911 2489575
9722843 1489463 7777769
314467 5904574 7653520
7534541 9979246 3275507
8344774 7444108 4037902
10909353 11225117 11003958
8018969 3109639 10403415
4441189 654935 4429091
3309121 10049044 6265265
4800124 6781163 2440135
4915087 7437937 3823960
4465920 3951879 1425335
1231235 2345343 3892937
4478644 3967852 10007918
2019920 3521860 10895467
6005411 10420828 692557
5448400 3300468 11095242
2353260 2821110 6188764
3376575 10537527 6303021
5698827 1835294 9585447
5342737 1582260 4139198
1486910 5430786 9495736
9582592 10590925 11097709
2638676 184632 9262540
9110806 3791459 4185649
9934679 8920432 3189403
4423370 6988605 6877213
1883733 8415934 3150026
1568415 11344654 11162236
1835414 6355671 8735703
6050776 10186707 1326715
9850111 11124227 1569684
3637066 9415140 808047
247767 4609737 5106354
1293518 11280544 5858829
1456452 3704559 13836
1956620 4754934 1452960
8763659 10089141 8632261
7293873 11135504 9730798
11341410 3994281 120413
1692266 9551593 8134092
5253381 5827955 4571819
2136296 9414956 8972811
7656200 5281098 4093587
1986144 8639094 6589813
10692418 6744624 1524319
9277256 4932067 5448696
6914231 9605173 7362438
1246043 5270394 3122954
7389668 7643576 5481632
1568884 3330075 4614677
7805583 3810597 9721735
7198064 9810082 8598860
446475 799441 7815615
9597081 6034516 7938998
2480716 11117168 3245523
5146189 4697980 3380173
1389610 8988415 1635031
6596453 6957293 5744060
8070235 1738746 5751972
2299498 6644179 7376392
10656154 7299495 5999130
9682093 7763484 8063249
6819763 7112505 11056889
566626 5063046 6492637
6536228 7502805 10794192
2261682 1830755 5911543
5993501 10779560 3255794
2130344 4698827 6061443
5888426 6474817 8081783
9039152 7520350 2822428
9102935 1891395 306420
7327066 1464410 3255918
7650094 2927518 8955985
3412259 2567518 1140928
11137706 2179946 833296
6889264 6737675 4181063
6102326 1106441 3452154
4236710 7318145 8419186
10858959 393855 5019921
22848 10571830 9528565
5672050 4843572 9945399
1780835 4839780 4841762
7435933 3738522 1317426
3807657 1334757 1324603
2135048 8683408 9262406
675548 6592967 3830707
3411409 10543007 6846111
3651338 5358923 2010509
5865805 6857416 8015500
9362636 9326421 8863293
1500242 6919983 9878959
8704117 9566086 8907092
5579538 7612738 8780112
10909455 2311582 8269831
2138835 6347030 5042367
8674580 11061395 11290179
11154531 3627679 7386488
9518787 10563209 8745829
580710 10729791 3392664
8797382 8340922 466411
5370848 10292566 6913285
3604979 1701572 3031098
10443572 884033 323427
1990376 5571484 4966022
9423309 7870240 5071900
4750003 5256966 6962317
11333989 5143992 1128196
5563497 8166646 1492366
7846959 777066 4595537
11254206 8867008 1565249
1870803 3465946 7716015
2537748 7615792 10720220
5890774 1819112 3489659
4097215 8710363 7576121
3675103 7921028 9773752
10128588 672765 5046746
2718280 4837234 10128183
2971219 1349379 2487779
4209205 8904438 8529265
2460718 7361443 4317422
4541493 5689045 671353
11229605 4905616 6809851
6122475 4913125 2768962
10756032 7168336 5443079
9655482 6348075 153695
3915999 10636817 6000424
3009984 7666707 5981150
1872488 2581173 2215186
8020691 7358819 8410957
1546630 3413047 1312818
1436740 9220191 786292
7201206 6176273 3997955
6449284 3232785 3022730
373038 9499589 9931658
10962892 11366076 2134821
3123829 11140234 10246607
6464530 3486137 10804017
3311992 1056482 4227188
11149855 1175935 9063167
10128894 7454751 6481170
1092214 3514857 1334165
2651984 5975090 9606583
3702812 3538836 4036721
9737827 9376856 6290556
2203914 9974389 10178038
4133755 10072252 3710903
2129103 11180158 9487067
4748197 4325120 6598061
6598907 7105349 5775086
4765277 2941874 2963570
5267849 1904382 2150379
1357300 8362932 9082431
9211787 540108 2339100
3470351 8085299 71938
3028941 8128809 4545202
4988867 2793943 3559363
6973760 4646041 3464157
7658867 5072809 4443190
3761174 6912029 1947619
3576839 10176621 2402679
7040357 1036273 3826306
7328321 6025742 4480973
8828562 10166496 5350284
3716486 10409847 11346976
9384610 8306598 6139959
4518312 1622241 3038454
9374649 10897480 6454820
10522661 8997295 10398662
3995663 11166921 10182293
2547582 1781102 7500673
9876397 4203778 8450492
787967 6131221 693259
5257123 4352411 8018746
1759348 4975006 10037821
5962389 7776486 4344823
10429935 6149627 2769837
212933 4408822 3134251
3238864 1493509 6388883
10809429 163127 4660738
8241506 3284752 3428427
4057616 2362513 9355401
3687860 10505389 8480343
2144568 8576962 3586731
4105679 9241127 9858418
3704684 1022166 1844346
9252171 466002 5162899
6431551 10372024 7181304
11335305 7532933 1591929
926130 308431 3617645
8562544 1674600 10209438
596778 1660777 4776066
4205387 2889337 7818671
7030635 10307295 8137511
8974775 9161506 4068607
5943756 7273316 11370388
9064703 8837531 3791834
9695369 8331113 1594324
8420454 7674755 6306904
7842264 1009988 1431786
3714498 701717 7801027
8186756 10641499 1879488
1552545 10977917 4656008
2211440 8653625 2515278
3219025 8247764 8386765
8257100 3037622 11239825
10523411 3290912 2992667
2415512 8917855 10817052
105001 32610 5359853
8270742 5264197 935573
801090 7500876 6231930
8223920 128531 2978217
3251651 2799035 2041628
4194370 3523352 2411097
5898972 9865032 9972196
8627629 3197742 3433913
8475793 6158212 4503968
9550343 4558435 612674
5116177 7910290 4797073
1507228 10050270 10425730
8134428 6710255 8579928
6750338 3774495 3672248
10788238 7399989 4410199
8900418 1869634 3261062
79882 8343471 10721356
10037838 102261 3020913
3713223 1277042 1986481
3718775 5179015 2875407
11285241 2453200 8966785
5655191 9537162 5510448
5066922 4108497 2880011
6755843 6878896 2946394
5775279 7901596 11010443
5512560 3547205 1203844
3468092 8719815 1054441
10025941 5105898 845940
7294405 10809062 10110095
4888657 9302293 7628947
9748459 6431149 256519
10145992 9799787 6414896
5479920 9257197 9681321
11102560 5688566 2030368
10580027 11342123 9336441
1600967 736506 1136155
7520028 10294927 4522821
6636188 10430316 10787192
8066682 4149560 5835531
4688923 8720799 10572721
5350117 36974 98810
696190 7175677 2705409
1098362 3708421 5891762
404324 2854690 9063209
9612700 1045276 6109851
4082749 4775664 4201078
10727671 1406438 7190664
8755625 4484519 97226
5878530 4217349 5985757
9452247 8432159 7173713
3351235 1401696 8938519
3314056 8255252 7876858
2476958 11130365 4076208
9729178 2220942 7243767
5738746 2914008 2275229
187392 6016162 8327433
5778377 4366078 10771251
8541499 1660198 2758219
2990370 4431325 8492952
1556679 5215367 10077816
2859118 11059768 7886374
5368696 3616036 4593614
5805630 7507212 8655109
1692134 4942691 2979356
9649446 976487 5097611
7275324 1019843 1549579
34357 362030 10844853
7282640 9762902 6958998
821158 7169310 11224669
7059947 1142610 3890010
457724 3190448 10043381
8325092 7563566 6017841
7180415 7655534 2335823
7353749 1420553 8763021
7252453 7071524 7454779
7215259 4265311 11073019
5961254 9179859 8850522
6180371 505856 3213705
563210 6538632 3223747
3213167 5487658 7270752
675242 1520956 2308691
7433657 2297653 6896980
4365956 3735551 8935613
6086246 4394986 1965343
217432 9285631 10897069
9291457 239464 7034722
4257297 11058515 9690760
3202099 7774596 6776622
60263 143781 1802271
8572821 742873 9468064
8834279 3958542 2438821
2581094 9568031 4869941
4952123 6735209 5040965
6468390 1283613 9028006
3367641 1369265 7176709
2080992 11085319 4151687
6789625 10450217 5640562
6390118 8728059 8577479
7121517 1705157 4040161
4474784 1573165 2172491
4106896 10616579 5861754
4190166 2314205 10808650
10294222 3366719 3127517
9247553 151780 9764493
3076481 4965397 8272272
415211 7726804 560110
10504646 3338113 6063642
2605310 2076926 6948750
2446426 6228341 5169462
9671217 3931437 6242844
3599179 5292376 64414
9806012 6929737 2563448
3902881 1345 7135264
1266274 9811674 10392444
9929567 577975 863948
11269347 1076994 2293536
7231492 4289776 7393036
7515942 2552318 8032095
5510490 582650 2828732
248230 8051881 1068047
11297861 8151365 612035
158663 1310036 1374807
600616 10713285 1102484
1632063 9944287 5054966
2585033 5565769 5373775
10343210 7447966 9946124
4195928 7201036 5486342
11019649 160518 3107510
8567439 10336097 10790637
3833664 3185642 4317382
9032995 9357261 2973465
1227929 2732702 5129914
4824916 2232959 6584897
5112373 2088362 117728
1145575 3795158 4940582
1389259 1100567 9970135
7826633 10477674 9029122
5538222 6309623 11237001
1026366 10067737 6525511
1221907 6954202 8897178
7082096 10376689 3085406
5712150 3303178 5848140
10270621 4749844 10963222
8546543 556125 6611985
2567886 10972453 7220218
8308955 996444 1009908
4128493 7510365 10290157
1319990 11188407 1868118
8973678 4926839 9442606
9423956 8531833 8752060
6224129 74230 804164
2957723 1395090 8578572
3327642 2549894 10183915
3506111 10112304 2424935
1510285 8752373 3581321
1901071 5459112 33593
6681560 14622 553891
6826385 8111570 7216332
4109948 11002016 7398473
2329690 1202910 5779853
6618653 6892294 7484299
9986887 11212062 9853404
585461 9103088 1742382
1984061 7819293 7052290
8985841 2116734 7550518
1951887 5542034 3544351
6093666 6951456 8665726
2067290 9727877 1981568
4556611 8441606 6786653
7881477 5156171 2472675
7733743 8697079 3959501
3636451 6576629 2855245
1527909 9692502 10297102
9731741 248894 2460457
9986524 9739982 3201875
10562514 4770114 9961102
4642780 5113140 3399378
3795707 5329392 2156432
2909296 8321666 5853253
2996625 4846059 2002142
508326 8264090 4582415
6240517 3562744 2076801
7423399 2823775 855952
10106663 6236887 6759078
8019800 183468 2830129
3234676 9603339 4970572
4990500 2849443 9501520
2416352 5425943 804312
5376768 6840096 1823015
9302173 10842322 7118091
3899920 3100681 2138685
8230398 5503348 45413
1323960 661201 611930
4368600 10708294 5669055
9999519 8733766 2185095
2862578 9386694 3143247
11070430 7409449 5750895
6647114 8059494 3107772
8418037 5217268 5477116
11220402 755278 739422
1898220 9259241 2956321
9359364 2807087 1902230
10985321 3778430 9322227
4958344 11340260 8617657
6150083 2674880 1803871
9403377 6260658 10682764
2129575 6896345 7887912
4316861 3631829 3000118
9694112 11105310 298158
288869 10258605 2865063
5337965 9652146 9041609
10758120 1145546 237051
7237955 8248488 2524787
9832814 4718113 7615216
4760237 8119606 5214095
5627103 10265525 2346761
9278226 6060930 4009541
2609375 6490186 6502323
9663318 9116467 11025676
9418714 3976562 4428651
2651164 5296500 916592
5934944 6819945 8879762
1352809 2839960 9855434
7127963 4039516 8159
