1600
174560 188068 79969
207940 125124 65336
162339 181921 5975
98209 5716 228015
212107 107943 142036
60492 128228 75316
79601 101835 35315
244379 54972 84536
81080 208187 968
19297 258923 135328
67824 41147 50065
75070 57673 243444
222974 162756 102317
225004 7885 10780
101762 184403 199667
54023 29924 127484
128128 113503 147677
69078 239398 116138
165528 107070 87895
84873 140928 145808
137926 93454 91319
15280 46398 16323
241104 54751 199929
59170 139204 28631
232835 32184 221625
56115 168441 101755
105482 113405 72338
167644 230142 117680
220290 60646 11834
26759 215020 151842
108703 50664 40605
15988 259511 28782
8205 169867 59384
100281 255222 7544
253112 145703 248645
227957 193778 118133
98362 151305 191994
165403 223167 6693
154679 109410 175217
148954 92582 89735
39888 248592 18774
198930 136230 180014
85164 52975 145937
84994 159675 132288
33952 87357 153562
248315 157173 20304
102051 69547 177262
95664 165450 10206
230302 113170 182051
182010 82632 69038
165222 129817 22046
165388 138438 20010
227302 159873 99475
168010 44577 72065
221495 254141 162578
110119 170618 217239
229689 213371 188357
159791 69819 232963
104477 112835 79926
203777 161104 149685
182858 142706 197309
110300 202780 211973
63496 222039 83853
214571 146741 205090
242476 160615 40520
64038 228975 23925
111924 184158 122753
88851 72429 57614
195313 170537 158995
178321 39354 52074
1722 86785 56633
196983 132536 69886
77115 91415 259522
15277 132862 114228
104496 97003 43267
191269 60326 253994
9635 240120 123431
75325 129529 36144
261448 84495 10344
4438 19957 41873
133871 29314 28577
87336 237026 236047
53987 186058 66009
136234 97991 64716
22837 234675 72859
256823 238885 219073
49504 568 175312
3834 210394 201848
53031 137400 131283
224453 32199 227492
200672 45035 62162
176322 229896 138511
119095 227209 78807
242446 11087 206136
209935 261893 48094
116413 242310 11138
161535 201678 24732
111830 138088 71730
152115 91676 103449
230558 158847 241122
203780 22127 222879
206090 231181 20615
169878 49395 105740
187827 197895 223572
178806 170824 182095
122228 208111 5433
12698 90439 18959
210715 218880 4650
86426 162434 52106
188333 25450 65895
109605 293 151622
254081 26201 83363
200753 120002 105875
58679 35424 222209
79177 211071 72409
186434 6 12493
127884 15803 252891
190120 241189 44373
209305 68370 54051
247774 88336 231046
61853 198456 78354
247167 200370 68807
140067 20017 52489
120343 252554 62220
247174 23892 34154
21369 124577 186036
112590 72957 215627
202435 190204 176382
138967 166321 143871
114252 23343 237114
51846 1223 233180
119780 241472 192261
66842 162654 212744
45447 125886 203685
165063 197973 139413
196922 124974 17038
195489 64147 192210
10161 104362 6982
138608 109883 196148
235357 167804 62817
13909 241427 39393
34940 12626 88443
107332 86365 256664
24256 13990 138154
247952 100724 159379
57460 84201 45344
3827 126467 13581
69379 54415 213986
170995 87474 203830
103092 193162 207770
90422 104575 192446
82467 70338 246159
165755 191999 223166
212521 122749 144133
253054 62270 193230
197709 61052 120190
145033 6524 102705
190692 3202 21335
136126 252443 50685
155026 80175 216440
13133 205845 241570
114236 257163 171426
30756 151732 129645
233408 78682 45770
235600 130033 125503
138014 244511 31659
222542 35871 119316
93278 197020 33729
176652 196473 207831
154365 182887 147325
214768 108420 119803
48779 125384 215911
31691 65251 56453
141616 218809 45355
103854 172712 125124
122207 171514 115123
74641 24211 197713
182793 42556 225393
136328 92962 18972
122255 156254 27844
94253 193117 10088
223093 119629 41785
205157 39559 11938
194472 233551 53321
54655 20411 30245
145475 212434 179505
238456 7180 105231
246922 261280 184964
151246 213870 155798
248004 193727 203244
18515 60438 124239
70712 128866 70472
7834 237112 69270
222000 198983 259143
119946 85111 178943
90836 200328 155086
100234 154267 30389
204984 148362 81942
243534 173325 82701
164915 20981 204753
86170 136757 38693
61329 171708 236456
113630 150152 82629
63473 258311 107367
99822 7938 212444
127997 40883 114687
132054 154998 124710
230062 174801 162094
173186 150853 73073
5612 125764 90261
92531 64331 143598
68157 33830 169858
250367 189126 232004
106680 130845 131489
23207 124163 233447
76640 98898 83333
126373 95796 128702
27107 223644 184628
190552 33176 14761
42913 68948 118561
192208 243154 116896
101606 108677 206130
218177 41886 131121
65012 253790 238972
85008 161663 100230
247877 246346 162865
189638 241470 172765
67656 194680 41757
198565 24584 219674
120968 153508 45438
140846 127806 222489
101772 161012 40167
98625 228255 182271
122922 46458 158148
51144 148157 105531
223115 220870 178753
99527 218388 190826
34321 3361 149767
238212 244143 48748
252745 217741 66702
222879 55237 67295
137673 130048 250580
129555 236275 126174
146972 23608 42929
83588 142915 207191
50979 85795 231349
77371 165046 167651
22268 223185 196582
169761 49407 181542
141743 124420 18948
178616 219908 128186
230372 22845 254873
254217 203350 144698
32356 164473 252108
80252 113199 101194
119808 182154 21510
153171 18310 235526
25053 255825 10098
194531 39883 120530
196157 217955 233259
256187 29085 172659
72722 260569 98351
152051 59313 143177
249420 2175 144383
14419 173689 42915
177400 200233 73054
88182 135197 56239
147204 92772 125717
104755 1182 247199
155346 15202 97769
95322 567 185164
69321 189613 53021
93037 247407 171784
162393 156928 87765
186223 192459 87265
127631 82909 52417
226830 38738 224971
119808 178573 179948
74746 198145 172533
187763 62464 85715
158432 152381 152221
158771 233233 139231
172083 2135 13391
45985 167 11264
98352 235961 175610
96171 207121 212489
227710 132698 245605
218210 64655 227443
196903 238404 159021
179075 170563 73049
91706 104192 53336
106400 165186 113691
88624 176210 6863
106952 66284 134613
257731 258887 165965
36572 167886 167247
98147 18430 166715
163143 253138 143273
113860 261416 62550
6798 33797 50539
232212 52571 99136
5465 141035 133277
243873 50417 146273
95797 232006 143526
168027 4998 134959
180853 52613 168227
7833 62169 86547
195785 19489 25732
211883 14363 22242
248716 5320 69307
46042 31091 2254
94311 209301 22597
107391 132171 122698
56436 250553 251294
161658 195045 148722
217117 111468 233438
18591 120366 143904
243261 29624 58354
30705 132082 166738
170528 50833 194813
169776 29306 180386
80093 242930 138353
156604 76744 93596
186811 12386 82976
87849 255125 174374
219258 199144 112357
30574 143838 112928
145250 144747 53101
77483 224899 158143
119431 122824 95239
19378 68208 203284
229467 77521 144500
124591 115390 55818
13238 128175 79469
146644 247905 141374
110413 38263 22015
33771 15179 41841
199001 187170 1485
127677 73633 4128
174410 122723 237336
207266 121839 40673
161063 38133 121484
126729 159275 209596
209960 163936 179391
166823 33612 226035
160616 189678 172948
162825 68868 66091
109559 261423 211296
108858 52472 191864
188094 156310 228627
131917 75683 10691
257204 219487 64304
92271 252057 56153
256634 67972 197378
173575 241276 212404
72775 56397 241686
183394 36287 87420
66995 139284 231373
158610 144807 62404
92003 222005 92812
48705 252071 199763
81818 258718 233892
179178 180464 202188
15930 193219 119929
131962 196758 208665
85140 7797 245466
42215 228236 118570
144606 242303 75475
122947 242490 187391
232761 95650 3806
186470 171670 153469
46218 115434 211694
198196 254046 238302
34237 129248 167032
136651 6736 252385
217991 178395 74468
7571 241350 31960
51179 235509 74197
239807 192837 63525
67315 199455 4367
45624 192834 198041
15470 242430 164618
190899 236771 62475
91295 162226 61043
91518 87582 224145
114531 103976 161538
9783 246583 78429
23854 105177 33573
121364 181108 167011
220190 20532 98058
51878 65572 48623
239350 227806 167559
29617 54627 36590
188884 81762 78854
194115 137606 216789
229804 34909 214660
25516 166170 49022
21683 178156 248
21229 13636 73549
85824 59831 73343
12470 17279 59867
199961 136934 18897
90776 208300 114087
153323 105187 38070
123611 89200 92349
131698 121234 80570
20469 9853 41166
197908 252342 154718
95954 622 243329
250358 27453 184156
166117 194689 83954
56860 14126 230388
145842 90798 110764
149761 64571 23735
116641 107338 165435
76220 16983 77518
107539 124594 31304
205533 180588 220978
108016 162811 137204
61311 222762 82200
41972 26198 51091
95643 199831 160299
254677 194622 110950
48909 114251 163363
49325 237889 180509
5195 31863 595
223041 86558 190788
19385 243652 66525
217133 224669 198190
178341 117682 209809
2838 171840 133663
181031 49591 191744
227975 52259 38278
67551 150979 80158
172763 28918 227439
245418 22740 243832
228220 188084 199422
190535 215717 177534
86505 98429 190932
258387 100438 42459
11466 123309 99813
146761 156153 220264
104761 96631 103812
144562 51621 119280
188119 228172 77238
133858 44545 159026
259281 205379 59021
145849 240431 150496
168376 78204 83242
163715 68159 234554
170364 55164 100862
176427 125512 35665
14754 105740 91738
144509 208201 97504
47791 204890 108172
120100 246886 49583
70310 244755 64672
59553 188554 169680
141353 54062 195975
225617 97229 22756
181202 109135 253287
114519 199976 117571
46707 259813 212985
178866 62708 10908
238686 125857 13397
68141 84198 164932
7938 118711 85991
135838 166228 38346
77244 198496 162585
246748 125444 256602
103847 58044 12886
80153 247149 247555
1818 231549 71700
116906 162355 99890
46372 219484 127959
26595 256941 223229
248472 72872 246988
233171 119541 80919
163593 143311 227632
252137 118700 167320
20295 217871 200609
171153 233117 240210
83198 90803 172623
240481 60559 121545
108543 143385 217942
256832 100613 246717
113401 237728 235558
91101 119744 261413
167511 240328 6197
208403 231298 24946
251127 9717 121100
222244 162235 127136
82939 142794 19524
24848 21750 50609
158046 88465 16160
235438 122332 220223
158611 216732 180490
193214 101061 128131
121846 181533 144594
8169 29591 48191
138993 221124 108603
73264 175612 4574
26904 163236 177985
77079 209568 137230
112185 5321 52148
214509 261535 244898
227023 134648 145260
96049 102402 224001
104080 67488 194474
203477 173507 13839
56542 206884 100682
21830 247008 95881
34075 155229 95210
114204 39938 1183
2192 142609 24889
104490 9594 246586
196802 128863 161517
226987 72791 60423
231541 205148 105286
108132 109889 227086
34628 245580 216303
29048 40835 128027
124053 109653 120871
206187 19175 142248
131650 42214 32764
139063 243680 137700
77837 224284 186127
33777 113816 171250
33310 166236 159346
31474 234165 78726
233312 76373 132514
52622 250123 152299
152777 33898 82868
254415 239440 30633
103022 171758 115665
6394 159965 178185
43282 139751 13717
230633 230781 58557
211754 13615 2591
247711 132164 17400
82753 97676 195635
234771 132598 84469
47471 41342 243976
78955 155535 72497
186493 163116 114106
109290 241589 112861
167006 190456 103111
228067 255450 106957
109031 126676 142683
144292 142326 91936
56814 55000 86193
236143 230192 219533
16348 4037 163632
113701 100289 89478
122267 155098 137275
29685 221256 126411
115863 140132 82236
158845 62997 208299
75197 15619 150789
109386 71979 50382
192679 52298 231639
227472 245499 87240
51906 24081 237571
182286 64448 105729
4690 50000 70113
106634 112940 190143
163494 238384 40752
261044 167162 100999
241203 218357 114734
120649 3737 86945
147109 92719 239198
192105 71728 122777
44575 8306 148134
199575 220872 213911
101459 230214 170123
145709 61805 197510
103850 146632 155059
139260 70829 27287
260539 80764 200951
156913 96895 19312
238926 178820 239472
256541 197789 56009
50016 151889 97156
85646 231649 80014
124191 66234 258303
69543 170677 201299
206162 243040 210189
213513 60011 229336
42538 144305 99364
77945 127889 195218
181162 42448 72716
189230 158637 110964
179598 38492 106633
256901 189043 11238
201593 223228 116604
102471 123951 100470
145239 205236 129309
162879 174848 9824
221348 180486 235080
102029 213636 204539
217363 191290 180777
35 194176 201375
256513 23690 38763
184536 231333 215886
6449 160025 120307
119408 24191 218795
207120 130972 216946
86762 142948 61952
150665 144144 259248
113700 235839 47780
150163 70291 55289
94602 28719 255514
47049 73465 191172
59528 15733 60360
56116 143857 167987
95442 101654 21917
198242 106152 60269
187158 210165 134065
211445 73398 233595
228725 116264 196798
24291 40606 220743
205903 88061 25972
116650 256555 137363
240906 129033 18905
37758 217768 138142
131618 49780 85700
219190 255555 46902
192328 260630 198196
110532 71912 206706
68858 189463 144326
32926 13874 140210
18723 41121 99944
137885 214037 8406
224635 73561 183993
137571 126776 117758
222698 61396 201376
187437 103508 193158
152731 14106 32038
16389 100734 34642
64439 242974 128025
84067 77283 69129
196169 222707 84535
31054 20660 247603
74830 148750 190159
225492 94191 70361
154270 162795 178523
173470 207930 140256
84915 42422 7702
238247 165331 244726
130670 113170 87882
214908 89311 5899
182918 83201 250876
117976 185903 523
161776 77864 195185
100474 178512 223603
100220 257742 110381
216747 58258 210194
95440 96436 87783
87187 149064 124136
242871 33824 165181
176573 90710 176173
21600 95002 109953
59162 200806 100832
154250 106093 10941
42834 144154 165781
120416 85500 255216
250259 25338 80572
66374 227451 20517
204153 9757 41970
77094 83184 104402
158115 50395 143008
163847 191484 81325
254458 44898 128746
77755 113397 30326
125320 137900 241017
211621 107108 49787
177326 245460 49964
36129 20020 159875
228417 259855 206260
189269 153181 199582
91714 141816 62371
82268 56355 179877
254838 30589 48051
144532 192716 44751
206983 217462 84803
120908 32483 72962
110803 136538 258817
69516 154510 109308
40438 127186 106267
155167 10900 186809
30491 149455 183191
157524 82706 24101
161386 168592 177409
256808 257501 136940
195213 83027 221839
47658 142769 155841
96454 66845 55994
8244 232485 88528
117744 38867 116485
18006 58627 110110
203336 219566 23082
149843 83159 123043
115167 257456 58105
253042 238030 192070
47049 225160 20553
163248 25704 147365
176618 221811 11156
42040 38376 151476
143967 167840 258234
95965 248465 45332
257606 208322 16258
4014 212265 233788
193646 12092 79307
213155 158502 144674
87649 193360 47888
5453 253140 171342
119700 115921 18086
164701 250063 109692
147068 57509 169732
101358 101158 90365
229878 71254 4645
239743 188832 27892
29711 55079 148779
196946 203672 122367
116032 141521 258781
68586 145156 112733
29754 186106 86777
36917 75664 106419
71750 223024 103759
221612 229469 194208
95860 71376 133249
235205 54918 182219
191717 50251 84189
171079 178784 80980
207191 231694 154319
45796 160915 61664
38440 27217 196788
251145 91798 57362
136029 41071 240466
56200 71148 259619
105377 253999 96837
165501 40054 37602
188830 7984 170137
216107 222147 11730
201431 12684 109628
234605 55822 31115
174682 6668 200270
190085 117283 182838
127826 234690 139473
233607 222463 164864
50001 658 146226
200206 107212 34987
104994 197097 156385
89466 164212 244950
92602 151351 17033
224126 167085 177122
167970 3786 155121
236541 114698 239336
31275 14842 262090
252873 196791 151763
15854 83644 178043
51117 198394 214243
240556 115763 153954
25315 116532 221719
111929 218433 219640
230930 93263 223499
147277 170743 164123
3283 15445 259610
253953 91666 237828
21930 152875 56400
94190 54005 251312
255312 215274 243013
142125 79904 256251
261195 241182 154102
135037 45855 201542
106214 239676 40819
239575 8840 219152
261772 112477 128032
215227 102608 61564
235713 150608 235542
125449 135083 84473
97670 83304 57271
105327 111310 63088
67154 155069 243602
31739 183426 252357
228737 119968 81022
184503 14964 243013
61413 29685 144077
15577 96308 181604
101839 144798 217234
149681 196090 135702
88066 105659 183742
168843 90561 89401
89930 71970 112406
133266 105416 197803
58726 171447 170122
19582 17159 90390
61713 37548 74650
91060 23362 21432
113755 211407 186529
17310 93074 220076
18498 219009 177137
97832 240916 7366
254224 37880 234008
139114 102009 208649
191257 105833 130430
260158 175252 170447
228385 44017 200219
95578 139439 250764
20807 55356 141350
40568 224959 242859
261647 256948 194902
218543 44748 58042
77678 43268 149105
193803 180779 112790
204635 33552 45301
188816 232942 29213
27214 131726 209249
143243 223368 205740
217253 43067 40467
227701 250931 254266
13812 156258 195557
248816 42080 117905
251051 191714 237370
148157 12718 138367
99992 162745 54754
201210 217863 168570
153129 261178 175082
197052 218947 149804
229250 121898 193280
190369 247840 177356
257632 57182 27960
218751 144415 1084
148145 125366 211999
241921 64918 234192
121788 183095 41667
257077 241741 225232
33547 124555 6528
174677 127610 7176
245356 99260 186371
179433 66390 94466
134134 159738 258137
101099 65224 12057
191157 187736 33748
172061 156933 164195
5028 36996 173142
52461 155565 55031
83531 72791 184786
182548 112344 249782
260826 64226 132309
30607 205148 138201
7241 215041 110955
241381 102777 120971
105018 248260 164450
261490 233074 50792
129534 111513 88434
153987 227350 242709
220553 24834 234310
171666 68314 181016
2799 202049 7786
233857 85476 87702
149074 194507 50497
61712 95559 109904
45366 142649 230356
47092 48812 29220
150773 226459 44943
250520 38783 7
147404 98384 146558
142758 63796 217856
236170 216852 260135
252082 1637 151795
88859 170755 120444
129516 43538 50722
234745 95274 197075
189756 21125 19959
145248 177070 139147
119056 238644 118671
72942 99059 165451
115112 205223 147873
64311 209691 80596
18147 151127 154649
152594 38596 229060
208720 153041 149918
187555 609 14974
243912 191560 245395
20255 52670 219496
246594 105193 225189
28606 69933 164775
84787 108588 247657
202594 63794 158004
220726 205433 47802
99851 119968 19205
47621 119744 30595
51904 61744 199093
94011 29490 61908
149923 80815 89201
123942 13624 226600
128043 248287 250436
32233 229123 175008
222985 60020 167033
118975 45619 40065
235603 48628 157331
251556 56692 230559
72845 231226 182228
175641 157116 225022
126012 102773 184184
4989 255985 52490
167685 173111 229793
54374 86632 87934
255829 161331 61805
261767 69718 129832
120024 197347 208052
256085 16120 166988
149510 34879 101239
191467 9096 143510
14920 254001 91915
121451 32211 260474
301 246727 177788
31031 94366 61455
22455 7909 192451
193426 108841 223589
212327 198287 38827
81980 112562 225166
241593 245195 59864
56812 94414 11879
53270 117632 175583
46283 249222 245576
251852 33456 156218
89851 26540 99145
143042 79979 9902
200395 244680 94517
10610 19367 25521
22318 9429 214685
97879 23462 21429
46128 148205 10484
102387 37797 114641
147740 3089 29164
127082 53741 261662
56371 199425 240164
8930 77798 188475
31761 135869 186613
207355 174029 218034
40503 45360 78730
6702 146829 14947
149141 186261 166011
89107 126959 175034
215390 88458 91575
135762 13774 11291
146915 47591 256820
242022 33425 247325
39828 152663 64067
217835 241547 113465
260563 188668 188736
85631 192458 206884
226237 236854 239373
185451 212337 98427
223867 17287 244826
46246 231609 202423
171398 73841 237134
34039 129986 235915
208118 50008 5962
238359 139077 134244
58927 124049 94718
166750 15297 123209
6015 28372 181177
190910 32811 73190
87809 115467 215918
19710 17666 98492
71434 143071 134484
231476 177848 216434
46125 145201 188788
234540 60751 207314
141521 220572 129946
47964 195341 54628
210051 66010 173559
125822 225117 120076
247177 82228 55394
186310 160889 49206
258854 200737 4488
236641 211073 119997
229964 71066 26839
194963 261991 28720
184071 29526 187121
192480 91377 193507
117013 84605 81559
169058 139709 153916
178393 7606 83037
146598 146668 229369
209209 63760 122209
196705 214284 122031
147683 241554 241758
2702 235063 184776
252766 149928 75265
223009 141186 163870
227915 2014 25780
200790 226082 117671
103100 145782 261283
79938 41572 130799
115817 117449 73883
260701 123707 158623
84626 120545 112922
29248 90128 118268
134192 130190 43825
72054 31433 247883
40568 21205 73164
121625 235450 94794
60153 8762 216251
247114 186740 235068
9206 227984 139643
61633 46672 40303
86657 92117 244592
259666 9016 155980
12454 129301 109352
83360 168987 24378
258151 193593 220717
38576 181798 166870
180647 113021 234739
37408 173951 3041
168997 81929 79887
125829 78720 153391
188118 43434 133484
202469 109158 115475
240352 170169 55055
165498 66046 44237
18738 192052 236966
24694 5146 103596
30418 192385 256517
114285 159689 90485
2092 28054 242993
186749 136817 215867
229815 45351 8951
238332 20372 36786
226420 48455 123810
91183 192235 55145
248565 27297 43512
260182 159552 252273
139537 24865 136237
199465 45269 187389
70280 101511 46243
243194 7934 122042
200805 144538 162317
57019 122881 227915
85477 231213 126235
90960 193094 39428
244545 132922 43521
239463 222022 238347
38028 107939 155890
78314 259214 47098
203644 142988 28672
194569 6320 149516
101148 121981 102304
244328 66115 78325
29298 34214 86521
94643 229824 35571
223642 72959 25766
110230 162968 242759
40927 38183 126429
39998 73521 261511
42200 162050 223632
147945 102314 61646
107928 135936 114632
204288 226736 228288
14420 193681 260341
206773 110728 174997
173012 75986 250242
55936 62341 234710
189914 158752 260465
254315 249697 68112
9652 14766 184077
207312 214362 192109
87441 5949 253077
102554 150526 132671
10634 247146 70306
9844 66577 135809
29018 95004 52744
18627 238137 62315
107865 209666 153158
122077 176245 117207
153236 258746 46763
47857 259593 30173
125046 120310 5456
26946 226985 64513
51222 228512 80452
58796 81785 246797
29673 183028 12633
56692 29511 233088
174632 70202 196015
144847 60006 59488
91378 154555 136783
244992 157313 33154
140937 27076 122862
246516 196343 15822
159989 229476 114451
11396 250088 18961
130625 88647 87093
61608 260597 1834
109724 217943 112595
223104 53116 145649
170791 160701 171745
133864 23532 171769
234497 163875 124749
66400 259952 66484
228633 18767 68504
76572 118935 107264
173717 76630 85758
136737 250558 8761
137620 134432 247413
118066 209541 79225
59787 62327 252125
8099 170715 84487
133619 218647 23237
207949 118718 26636
89794 134600 127922
64670 114601 105483
54447 195759 108123
223142 34981 222206
197885 227074 64424
210190 18210 85171
181726 65257 80398
123139 18104 84320
245072 28848 247139
96259 177482 52639
230008 50741 237548
213181 111319 30847
176261 122355 200372
133697 51963 200537
13780 250646 82143
161795 3553 16116
37254 193020 134841
78802 137875 223982
245646 176331 130713
9236 183407 186657
219074 85275 20689
125884 242140 230213
126725 42007 175652
254728 54569 31809
218516 211380 6293
31654 164241 251715
192497 91762 33182
233901 243203 235502
58990 66412 219434
140732 3896 51630
217493 195356 19683
60098 82693 231630
122247 202640 196146
11811 230325 159631
54063 153266 248812
261568 94160 93213
152045 192202 43499
196468 118437 72732
136143 191726 48272
41951 92655 237390
81152 39268 180986
235499 71250 234337
240302 37316 53060
130922 242796 215275
186205 59579 243328
193067 90619 24390
108120 55697 83888
694 182118 148642
146933 251280 121356
220038 106547 32118
202929 125733 116863
144496 220331 233702
158936 86006 81597
164429 150322 176596
179926 202239 73245
59349 81234 26950
169147 250494 158771
66427 35576 74660
158975 77105 78853
103446 30375 176899
217656 4695 182030
106041 91881 23863
227212 28275 139766
130380 109073 189410
207799 163817 144958
149191 124224 118708
15776 250542 49302
193733 161825 65170
55877 147969 17641
22551 51442 234222
202637 98257 234938
101698 1876 61083
2186 77979 7900
48361 201158 226462
57986 67034 199394
105788 129695 111162
109088 212135 191102
119391 88821 37778
180380 89773 5494
170078 101984 139141
125571 98033 130631
205938 88017 195044
139903 162656 90600
55230 71469 221784
45268 41595 250179
207304 57084 36281
158081 126416 242898
203279 211951 53715
240709 200899 44740
26735 55874 91148
102118 158812 101060
36604 95877 53239
254427 49616 181137
177707 154365 192961
103041 116530 109905
224389 28452 158144
5460 109788 185333
234790 29680 46020
224957 176684 24692
62705 226110 194660
2724 8274 152145
113740 162358 238885
81592 100755 15998
68634 51003 216133
182321 180227 40161
45892 222720 78845
261215 170350 199305
2712 82878 111558
66950 155189 106401
62362 158213 117056
249444 47285 64458
48022 232502 117825
17479 163708 62880
143413 234718 240222
195883 190836 43550
247141 65734 125776
164268 13022 45871
103943 216618 8255
112014 2675 206069
161669 183483 111239
188566 147539 187590
124907 98226 204768
162361 215732 6475
59968 72635 83366
181454 128273 247017
72543 172175 257047
46549 42881 74808
94067 261883 9287
126883 36457 22254
91661 214018 161866
216923 222269 228758
125982 109322 180806
162706 87112 235673
131958 236035 46067
123276 195120 178855
248312 252264 124879
30202 155586 103069
85683 201048 181424
225283 59191 145468
83797 191267 84974
161519 182227 246226
52820 94278 59471
193889 180052 115743
226943 23392 62857
71011 64442 145258
123981 197492 114075
124211 251669 187422
204264 252239 83893
81503 202394 82205
39890 262104 113236
13272 161850 110372
50297 163691 123740
46897 245411 161227
836 18088 119603
16529 27255 142336
41034 176011 3945
26079 153980 36687
49164 161739 135426
101937 216350 240060
238078 75828 89332
136973 152243 201908
177491 135806 62718
68326 36986 83346
229983 34111 138271
130121 44844 131692
95310 251960 226175
147238 178771 96866
215077 28592 150412
203068 54950 19994
255161 93591 121790
231529 202424 249231
200379 56053 103107
63072 84820 125344
164723 116442 18156
55139 10927 1511
237335 236255 122777
180357 244381 181952
41163 81028 36819
212318 240724 205863
162272 18201 79867
138687 152752 259885
138879 114609 250926
261874 164128 168656
67129 187624 156491
223605 236981 173694
141203 16731 218207
213839 100050 19577
146831 155725 223612
102415 251111 200909
66167 8483 83163
47298 187114 88675
189990 133542 81603
47191 219909 47808
179405 237855 172234
195634 212712 88339
106304 158900 143942
113604 4845 25095
34378 201661 52314
209104 178373 229297
40230 200762 126835
241169 73243 110345
119676 48530 95670
239471 172537 56557
106130 33582 30566
8730 197524 256194
81434 84642 243549
182497 158758 183435
162820 257225 19818
190709 255280 110675
156164 106829 174039
13213 172262 104745
51177 26261 226361
130362 151678 200190
17674 88369 229431
163226 83586 213739
28515 244569 69583
252586 62646 187328
182671 229649 203344
123694 230759 259655
216982 149578 218444
155624 32238 163273
177940 121697 120787
7983 63682 9553
120992 164796 165248
58574 260875 91739
90572 209999 175260
178069 110683 116830
185162 215625 210731
124835 90542 110664
181866 154727 125055
238229 229809 56436
121307 168889 37794
260819 24176 105285
126405 47767 132073
4928 8666 240024
136505 147078 153965
123880 119247 169629
182107 181247 207335
90190 239454 176717
221231 148641 80553
134500 102700 174001
214220 204613 249818
223591 48949 231987
242586 203046 158957
130110 199224 104181
138241 149672 188879
12703 56331 121592
69908 245473 250924
42172 19444 226185
175862 71262 255308
207838 69958 218564
57244 133960 142533
56802 103627 163565
148382 101426 91506
197538 61101 118392
238761 103615 131846
132841 167133 217741
82219 195743 140262
108520 15993 179185
96341 191693 114100
258751 121687 181317
167253 118720 171144
129502 143812 248234
194388 261738 98970
14110 240068 257076
126524 42525 52556
64372 148238 219760
106795 163705 2570
108473 190747 94011
51227 158705 191534
101026 83805 46537
152698 69783 245117
90479 233503 25694
157042 255275 168061
103249 176079 146739
187804 219424 13892
135409 65332 179580
236832 28305 48632
184583 152723 249720
123910 200737 247168
141117 248946 35688
72023 119445 9679
30629 153153 116209
122635 158417 212318
246771 23595 191731
237214 170309 185355
100461 41120 174421
60290 35446 215791
87687 175303 66896
48472 127658 132931
155146 63875 113059
40100 64269 138396
74601 109722 154540
134434 44653 143753
228168 221953 129837
79559 211441 218661
61199 61207 8737
128900 208669 152787
95612 180215 33855
8448 105666 245583
110782 208687 153567
233399 235421 220304
21084 190367 232275
70969 102324 96759
60374 191647 233406
223165 10797 181034
193986 137581 168814
45411 85005 219225
48029 92344 220049
196707 199593 98267
88221 75777 7042
201694 109434 204875
39042 44973 99787
224988 17132 58992
211289 259393 257873
133529 182547 75881
202976 127112 230638
54783 188028 162077
2454 185751 14594
230063 258400 35635
194537 67404 94835
253288 17182 163946
103079 190140 210741
132925 178599 205391
76519 231025 201019
199648 244440 107409
204360 16548 2465
116374 248707 251382
226928 37462 20953
175678 155743 162698
86212 55619 83528
45936 81072 226323
82842 101197 174269
176869 152243 221993
112154 38487 153754
51480 131125 44879
42621 134917 1875
91390 38150 17851
255523 78558 161995
175002 31915 163182
164075 131276 130331
182190 204170 228269
202580 65997 225957
244787 204512 120696
237734 183293 3533
247804 46624 227966
11367 79498 97601
134865 103971 59967
172945 222759 23610
167340 191949 129429
183742 55423 178069
70447 238247 89864
200689 61056 92145
46247 210471 247078
214861 213498 34251
169763 31273 240603
42930 162602 35942
34994 256052 140173
180247 260232 90996
75717 59829 59863
83958 146563 94322
193094 8531 19594
233633 147055 247950
250448 122338 249112
189812 199919 153930
196066 230814 96616
155003 142878 104926
18274 18592 129426
18205 174682 138716
82965 64525 210363
69194 71612 189386
214122 186496 79695
231494 124804 38570
219920 52382 226078
107070 59366 23487
91677 196527 149068
77643 113018 36302
13241 257793 166140
140410 64017 71514
49477 68596 136947
241327 50587 249023
85493 5925 198173
110837 261252 139107
202740 122651 169283
187883 257157 102620
54018 107482 220304
211491 223754 206888
154702 26462 91734
181169 208445 155747
49986 18332 125888
147269 109205 135122
63119 197560 208048
101527 241269 165856
248690 53318 209342
80861 70246 58428
205984 104909 128108
79289 38330 85472
241679 173735 5343
244022 167636 73293
154991 137933 142629
100620 214903 125272
230584 80504 260676
25268 147398 150752
6257 195328 100442
37311 202057 245704
117840 150389 257287
237404 156434 214769
244820 203277 200827
247008 173000 130818
135902 226758 156167
159310 92643 138447
1466 2200 182393
96740 109978 212537
46595 42933 87364
54631 162937 134644
78099 157768 145188
28915 224487 206095
49285 87790 11631
190326 206101 88266
23626 124595 177276
81656 69291 135026
235637 69868 46381
119833 145513 5312
47343 183927 11639
110789 236278 136218
67298 208973 80743
247028 116666 147289
18382 219629 189489
196568 91959 235261
88355 161032 26665
201849 246177 197244
222504 259292 153929
176515 257697 91493
85326 39303 220646
95607 251479 118859
229139 194390 53177
66183 111070 13089
255593 32137 40989
50432 144010 180071
192280 37655 258880
102394 247144 22006
141271 113308 31709
114739 8575 4489
98509 98293 103944
162614 149362 250396
55666 46836 39847
134350 14587 140675
184841 82545 39877
121186 160424 36719
123023 20604 69930
10995 208057 138057
30720 232754 39659
44681 123477 99058
81701 84423 98790
213593 245041 211
176230 89597 85631
120766 14021 111617
121270 255328 25138
160894 236449 108927
210050 233120 82893
118841 207857 130318
73006 259362 149012
201530 102429 139842
194860 148520 186618
9775 110534 35585
63796 144136 151547
1353 167229 18188
74454 194918 254107
169811 134327 6797
93541 175164 86101
143892 132616 177274
54134 136107 141004
113812 143442 32997
186613 62164 207376
126459 233925 107941
45589 191875 212134
193704 187879 68033
75938 211539 238474
205161 168465 245374
171137 94152 46633
160594 146143 99090
177386 240731 103120
108278 226008 229763
138013 29452 229976
128028 45840 99417
93937 102617 201588
185007 113746 32388
178072 80361 96553
