2600
202738 120343 118949
412958 19799 479396
403661 335556 299965
80033 353550 459411
437696 319436 516332
328959 452386 295270
81894 480515 169419
239811 113896 279774
217661 441034 139311
228489 393684 161701
304292 214354 264396
336029 368743 523470
23838 464173 7283
137457 169160 468230
62614 336020 231533
213848 8806 235389
50820 26513 18865
33633 287493 337836
520109 28967 414876
135520 289817 109062
370402 5486 206125
4666 469799 71594
422043 74353 203585
497723 241887 327779
480081 98605 23032
471481 154504 349308
309683 462101 27468
204800 90001 293373
391561 78396 413553
176237 336034 479760
99682 442013 168857
482644 127953 279903
260429 149850 307690
468098 85652 456632
473430 195026 246417
28453 135506 77658
415519 268154 31985
210266 20043 15296
115504 69592 221945
519848 408402 183533
33587 430571 102229
120161 100434 65534
441671 476466 288369
342157 500010 135858
47448 500968 32131
216126 33708 276134
145828 453546 509878
90141 269212 62052
49603 322971 281686
348856 252443 389155
279059 332119 406926
246041 475513 472404
372462 108060 343817
144529 520159 194664
43601 122702 184732
309554 292629 102492
131716 160624 458098
34970 181134 86401
350399 504268 96242
158921 515962 442832
530692 215752 518487
482917 245194 213433
445124 324626 111968
271858 500900 27778
419105 441110 191720
19708 455970 223826
523553 345316 191563
298889 413932 464009
89041 324181 318650
432458 7283 270045
10636 355594 34711
436099 232336 341142
15315 400430 500303
353478 140 37082
174652 306266 275564
309940 360131 469423
127335 372563 326079
244708 63929 32987
341801 237256 105854
84118 126952 110905
366163 17285 141393
27420 498053 318100
330396 67281 50595
2401 430713 163544
297178 258727 124656
95113 179703 509916
314576 378229 463498
235920 252778 212355
60988 428243 314265
454311 502522 220622
12557 306153 151403
222322 87188 123717
444271 228697 246021
376378 43413 363247
330387 492065 389067
368337 489199 337698
426128 70283 389736
60649 339946 57107
501037 345413 210152
246110 482315 11361
443533 407909 151876
35841 199075 99745
321738 288846 227760
127284 78496 212868
352314 371307 388505
313799 305442 39328
481924 226370 200933
63709 97309 183519
450262 291705 26372
196135 445957 445927
437886 205484 18166
193888 339366 439430
475991 259851 197754
239343 410555 135579
137615 138859 145223
187468 128804 141822
14024 125879 404381
239269 332087 206113
446825 269143 273870
350361 348599 127721
198288 410476 184621
189719 305091 245874
270861 11972 315402
336150 104333 103620
23320 155608 194880
520675 118594 422306
133563 340353 264973
522175 453499 157232
513603 273631 433538
114552 176891 99160
430713 88350 62815
137363 399917 183236
238368 227832 298604
283831 109768 379372
290554 521167 181948
433356 241360 204926
498975 438903 215046
7055 52778 234026
221494 220244 364475
459139 89890 418408
131935 228024 319096
411776 91630 71820
483350 530413 148987
151290 430841 179291
526268 306024 420647
399545 8223 246952
409543 33475 121428
487718 330507 324972
233320 61166 248122
5477 123772 433672
34667 288721 376671
278635 202937 526350
143624 73635 391565
432544 318275 267607
10472 338972 150471
174471 182132 83116
293629 109025 428542
428801 33467 360605
241121 132506 280949
108199 322269 176398
349202 136050 177561
370948 404236 59819
88554 498429 424493
220869 63866 150449
318104 208889 190776
444161 269741 482133
184840 341823 492155
438832 510613 161734
291033 309527 279234
304132 124514 421021
48506 500054 518805
230702 8479 203612
106246 277432 462279
304477 322795 487316
115215 256278 38340
410948 46440 158048
509323 3036 499995
465059 117425 521187
473164 405375 460686
276978 222584 212279
46465 500686 332336
169238 438644 458478
23334 447704 527815
366657 284243 168938
442686 413723 166907
432534 374101 482729
31232 39842 433123
425800 519394 1914
19443 41897 476492
238444 4917 135269
241311 465031 95092
346924 56835 74635
301696 357464 404810
166220 499390 359900
362378 416877 331705
134404 5729 20928
23062 412724 144417
69249 186642 10557
172864 211660 325802
375157 411234 373327
411881 403852 493318
290861 522026 321189
71244 463574 458898
442714 211836 93609
58217 84139 198848
188765 484717 9992
307427 451471 528207
257692 105766 140156
294337 130691 402978
485268 508534 12262
509423 417216 37568
11308 7946 388726
62054 132840 79712
481429 350698 217655
92280 395074 417765
145963 450135 416826
410754 260710 24293
338489 70168 304286
151104 339002 349145
397952 14067 506189
154940 392964 127946
5892 317437 246321
78357 226253 197019
457498 416541 54191
477513 398693 252461
440838 496398 60642
347136 427145 465005
38430 3012 405604
370861 70273 414091
200137 20045 334099
470814 485497 356085
26686 386498 316258
271029 433244 386695
118202 52679 478707
194662 505453 507088
106840 85942 381139
210565 336067 205488
164282 163041 110531
36762 55551 502523
143437 83407 99173
502403 459994 62420
58058 314724 375479
469121 156579 262374
229888 220336 35344
212577 410180 241668
151461 327368 445731
506982 502035 474721
171596 492921 164690
56044 101143 79647
484639 213928 466831
459491 352904 498555
493616 329152 93780
371062 194437 56742
299874 241320 213779
302815 270526 388726
150880 353669 352020
8809 94031 353981
302578 152073 22326
232946 52606 186324
444687 468565 346467
342255 152071 2439
321454 216663 503107
425319 506382 34636
214600 225307 94474
243292 208496 425121
358680 61846 464575
326966 308797 320468
487828 189346 358599
74438 315227 216346
106066 487108 396000
206211 357419 44215
148875 258235 184115
264298 250019 216107
66389 368834 445312
388300 443335 446065
391048 299946 253188
365373 306595 314822
99597 466811 288055
28244 23863 421461
312697 481843 459350
328787 520121 298702
20932 425061 229926
472012 328816 178247
509900 178983 191928
104420 205739 199039
295742 11037 431394
124660 460764 322803
391765 365867 227371
244048 232064 64264
481813 375376 406788
64406 146140 15571
170407 255572 384186
87213 353795 395139
196755 279358 133677
267518 416790 122015
227365 350550 167548
250360 525609 334608
465169 364694 336483
510415 59315 43519
157534 295466 512309
21194 101362 85340
300495 110575 288378
352390 225934 478969
489411 443605 204700
282215 396604 56765
329139 193757 386837
369302 43025 221288
46705 76289 241449
250250 442551 179957
39820 161501 304302
348108 306738 80438
517260 72609 34991
214864 241113 510664
296982 133588 454847
452900 477836 89919
370874 431417 336290
347789 269297 389366
129982 53610 515823
202634 468733 504516
323608 241794 128711
103922 334137 172092
155994 487428 410408
387988 305018 347260
132020 99682 370130
285291 145036 1077
225959 5876 172566
504044 133078 482694
366263 218187 245653
417488 247843 45244
521547 250909 11217
87357 219463 450570
231760 348830 314095
439064 458513 166343
227458 181158 208906
451229 367502 247442
465150 114827 328323
342077 171569 22653
193631 285690 461196
192747 503241 56419
174555 526711 496923
325884 181076 6307
291086 166666 144649
15068 449114 136817
503997 87314 96859
169650 377401 395388
289029 143502 249740
93230 446648 385223
444774 286479 181988
243507 155157 304176
77614 212506 427959
145679 336988 334840
140009 482259 199418
179236 371350 293815
62351 401368 271763
481436 177069 451656
115500 401921 466401
245348 60578 194397
185904 439285 347230
505507 276462 214224
412429 620 28527
18029 129929 90227
91528 375535 61693
278514 98318 358124
522460 68679 464983
22430 380873 247303
372150 223431 95571
193528 75830 277892
7292 488624 5342
187759 287549 404391
383685 149241 368964
490209 292897 298993
228493 447464 321233
1746 226046 195788
346930 302351 105861
399362 291399 508133
515627 485294 445980
33915 83542 16868
81466 90231 462475
118687 302950 520865
183293 509216 34487
358494 299605 498021
458340 173728 323727
233302 466435 308275
490121 351231 366304
296762 366707 26575
474179 32574 417895
40698 15385 402898
183325 369480 311274
57183 255998 390653
112135 88240 435683
221962 72289 241106
301473 505672 257245
293605 176160 247655
494184 117629 332849
506421 105508 438424
242569 470193 149787
191717 468745 230418
463846 375677 484102
284595 499026 239080
242185 254273 431690
511684 235859 494233
132958 440502 92748
425255 69391 271868
272244 388163 99665
530626 435629 155110
262778 290387 308689
33318 282953 101840
94740 249312 239628
457702 108729 468524
314040 138071 480284
194959 523748 154774
42042 78969 431741
313014 305078 484125
436835 3202 175928
173273 8117 126099
101723 82162 447395
106144 70173 308186
180708 28128 195665
461345 320828 368424
84378 463546 200479
309672 249950 341496
399092 357977 262515
381763 427116 58625
325647 120736 15381
282586 495732 359244
432750 152176 25589
371283 302461 123208
346659 249869 387354
232223 10153 197627
520744 330723 147647
296655 87772 326067
289574 265881 505781
324034 18918 47438
238044 399763 370429
262521 71384 520304
124096 373458 447151
85006 50288 220480
368599 175619 383132
307615 125866 89100
19297 301576 177419
75518 116338 379595
125968 321337 49277
314736 254127 62091
390795 24803 430996
140609 496513 213930
444562 447371 306945
209381 113391 122906
514603 446211 239831
20459 346723 370314
445060 311071 409076
93528 271950 279595
314289 270570 255158
403912 259444 373433
300712 476627 84458
89289 184311 128663
452353 493053 492153
381892 79283 413339
266715 61435 432805
195384 32572 478011
378968 165342 515062
428959 279819 513918
167163 225996 516882
133584 129127 28554
129106 321644 340188
368318 272721 68923
368896 334047 454269
53829 499725 518066
311986 485982 132943
11678 342099 19010
246629 333552 234990
145877 510069 269472
282468 295288 871
238408 413107 509536
445506 119692 177998
343425 127676 257274
336175 355800 29863
220721 366504 193481
73407 198093 518295
523377 330747 312446
88036 228566 193222
313581 186052 63758
171835 108586 8695
365357 427594 439742
170193 59434 45
85845 523355 275720
59095 228396 193724
268221 99166 286543
300951 427820 50173
106693 305569 12120
383454 337326 140589
95816 334839 43909
303065 323447 32664
37046 232979 65360
442562 261189 523409
71415 365861 177212
96263 14840 434762
433106 412179 191130
361083 359273 35317
87795 129820 216838
32376 459327 41334
190939 157675 471713
426440 32228 23844
413657 526623 377700
303224 81139 47855
318452 153444 396412
456803 485907 283889
178639 126706 233460
245273 43465 281606
199603 191678 224081
416484 391775 17589
171039 405150 236103
190703 28651 207102
349324 228921 299204
295003 119090 176533
332198 267822 268666
266542 362570 455485
430931 95410 31053
148537 406191 366848
310872 236141 123101
458530 156148 128934
47553 195501 55136
474200 368810 3406
147756 82205 153686
57166 411494 192107
484964 188682 195078
377119 317141 289657
494607 319561 522752
464562 225548 95952
206420 40073 390287
513213 247381 92175
25273 197922 365903
447610 445961 253630
207463 81042 471598
148187 99447 37467
382067 477258 78199
238536 393074 363171
229493 446112 263605
195032 489663 214931
284972 520805 148355
366990 330082 354964
494453 469406 280258
248433 101665 136795
59603 401266 121574
253615 76073 307328
414335 508559 520468
457307 221455 263914
131506 147346 444004
221595 141613 119146
370394 504011 194229
413975 180631 154683
299131 450347 6460
112848 353534 42298
31088 293029 182251
491027 19092 452955
447584 524472 310461
253450 262491 444352
145801 287344 163769
426524 59520 145595
49453 179993 399323
226035 90629 332609
273199 70654 350404
312590 426080 67189
512469 16026 181956
337290 270785 38405
140982 519783 247633
379458 381512 405993
111441 403340 188969
444849 509007 149546
68587 59761 169430
197609 335161 80992
475610 342048 392097
54584 174444 175683
233485 58966 342892
4423 25162 444267
327839 407922 46853
278433 478534 285187
440414 216753 391113
42334 13938 323961
509641 152050 389004
78586 472685 87255
182870 134302 27762
97651 175680 423024
264970 159597 297159
191211 48568 404854
38526 224256 188371
389115 140418 231231
144876 148862 495870
516232 69377 83503
266999 101118 261688
63506 496671 225298
449156 272229 92525
503381 66951 236083
169783 431465 146606
222543 517134 39574
207676 403550 469404
411217 135076 432122
78024 489390 13962
134227 323455 196175
509357 345537 170618
63988 328510 142653
477873 251394 80132
14963 512049 495099
111146 156123 126938
280347 348046 166666
130834 157218 233928
312278 525424 471014
436516 528505 30267
429533 219155 233758
144950 12915 250118
169036 204703 132305
273755 239478 215494
372068 257270 2301
352276 216288 108898
456425 299097 515513
262707 49677 473143
29712 421486 412531
386824 487780 331883
35103 59229 480764
509733 144943 108525
198173 84577 308476
106848 274198 476719
206098 507495 453579
99794 396989 140839
118254 192318 384125
105295 460286 396452
251535 137011 174504
155967 432673 460289
478201 340439 287331
444960 66976 302961
191117 180985 7689
78611 419743 380454
123851 114704 390778
209797 166535 107851
281806 99176 212264
323557 195821 17700
263301 484786 272489
179102 250691 422331
433671 273759 509961
382370 253066 441541
7945 239967 500355
54867 204482 455794
17072 268843 468832
184245 111641 45761
342589 51725 421067
158240 374751 312203
451252 118519 522112
149954 191383 42942
320965 452490 17517
145124 530011 308070
125734 240109 118873
194523 425312 237436
217763 425946 216902
365336 19482 357791
154146 35113 362507
71436 184776 291688
241036 133360 257265
268672 333455 94922
84838 227698 138775
269374 20209 473000
115055 327177 73124
7379 83373 66285
95675 359864 522415
247951 74337 246320
475771 405606 75398
376137 463314 207078
157245 347854 182777
187654 94080 406470
119109 430066 189261
31879 287299 256108
197415 352446 118543
186109 399818 100329
477020 124228 165537
433131 33294 171530
448948 90303 353001
146650 291124 111306
424183 193962 208821
448989 447277 502920
346126 429728 454035
371774 109575 173767
470776 74893 416618
443112 379983 426046
151372 480932 177670
445864 67081 166466
339056 413949 415930
369615 277160 507208
138382 119361 487922
352284 490555 51474
81233 214001 240377
265993 389654 260676
157509 386513 386392
407577 409936 529029
435861 221014 9706
103610 235505 29025
247861 427829 305517
99909 424548 330886
469745 137375 509947
271210 483022 351582
411689 16328 2368
126199 29440 191285
256202 362185 403577
174403 38468 375689
18877 256721 79921
32166 140920 376561
120357 479391 379133
19113 512772 306123
509356 12758 476249
174152 206781 510274
272644 313319 170705
4234 515527 16564
189776 211378 1927
376179 117779 68245
473891 470693 75484
496307 330247 480858
382023 78965 353818
341009 229284 148399
462404 35816 84149
34861 231973 161180
63256 281113 201375
2864 287232 409977
258808 249156 444181
344276 44145 116802
215188 193997 211664
203366 374266 72723
474637 466680 380874
133272 112318 268516
11053 522275 519619
469317 199163 219450
156254 317439 477627
510167 249406 145722
452835 425701 166700
125344 260058 334420
86524 151220 428529
26418 333509 185668
148237 287752 447585
259896 494246 382182
4888 503257 123399
188075 480893 157622
408244 272122 297844
36774 184687 58787
365887 175494 515811
126084 463187 147698
259255 181235 283071
140828 240032 21193
363558 298459 351282
406388 85992 392568
70015 345583 459649
448448 81889 266087
181679 336958 239640
280160 221112 487495
325746 489023 6585
483148 256875 51681
242194 431028 216439
231012 92215 513769
232780 309247 490368
75865 432571 423817
483533 170104 470259
333197 222897 141790
188954 258828 120174
220837 338766 127094
39598 90278 169655
447230 506017 13786
526407 261898 269527
530901 504832 115943
309841 495328 486570
210821 500897 92728
116810 64184 364710
298402 346653 157951
217181 47409 137857
193589 482612 170407
352074 169319 506371
108281 510972 210782
271195 4423 420018
166005 507376 203659
93722 96734 245084
86082 456141 393017
487820 173167 130499
506493 391491 255738
90938 14762 304975
87117 50058 297450
139446 184856 281253
131614 58950 108807
476322 469986 338271
310066 350087 201537
343734 48859 437093
442647 274694 347125
448985 508688 149316
376646 53687 339542
201522 397801 486086
17069 334501 277620
477255 439668 15798
283302 476576 13671
308095 260618 249795
506324 296577 59021
9503 164384 208765
340817 445125 507350
345122 161860 273615
64011 517508 84733
71038 346458 217057
395935 358081 295181
240661 301621 58057
262355 184121 378280
175769 149061 233327
425257 469153 502765
364027 420814 277551
58737 268337 215728
184995 495942 1869
230870 18494 521530
334097 2781 151448
313450 446039 351325
40170 167920 224525
495856 451398 163437
113590 92095 375858
456890 531046 149131
386907 13170 382090
262251 54676 457531
288663 41884 176714
267171 265145 265985
388551 153653 326103
303469 514240 349804
509997 358650 9099
37652 324485 65877
495073 407397 368365
120758 318439 76049
65539 255127 493419
383556 335265 145450
205919 418395 382978
149929 208863 479205
258495 204635 52090
8597 249957 109669
529613 111895 378243
245111 95032 175819
458892 530919 183573
260332 77722 41474
259988 362522 389048
455173 455044 137376
13421 292615 446958
233787 418588 377511
4816 58676 39293
492262 214297 193077
502320 273516 229045
515875 329324 181836
35815 338507 245589
419485 209566 87704
446952 482012 312107
96636 216532 518652
81631 111063 367886
25625 463749 254831
46482 248913 64528
457681 429110 183302
290132 301699 125183
438846 31000 37011
311990 315489 147661
446453 501716 70258
470186 11465 371042
394807 390768 131507
11400 15296 73777
412548 34782 307362
479043 286102 331539
190932 485796 358903
30192 423712 329079
424231 177043 54930
226884 509679 414938
85243 510355 245612
449278 338505 306288
350971 40373 143043
500752 510236 431173
201989 509257 510323
376111 325218 521208
136975 431762 493321
241782 448572 527200
16316 467537 60971
88514 34768 247585
81207 270868 19859
3960 460667 125662
291118 276122 480666
175960 342428 206245
393101 474804 395773
403718 492242 303477
157757 120693 524159
207857 466021 507622
479785 311098 331107
118826 37392 200163
412496 529135 95101
305800 337938 45442
365922 327576 112509
530737 196198 281998
343948 397796 287856
31134 245567 469950
296630 262451 240757
488661 280059 42822
65026 281958 462834
144422 295795 430776
80694 318329 361820
108703 226703 86406
38685 35813 112073
70848 482569 383708
23539 45076 386706
35785 448233 162959
48589 89363 427085
199509 220818 436399
15137 88775 205331
358344 399142 513885
521199 222014 231559
506027 44930 345272
372460 249185 324468
183267 387675 450116
314139 120071 191701
457358 366428 513814
113490 457533 298
47249 195133 127288
499369 149500 414597
467323 233524 210198
151651 176679 275770
494376 63854 46949
5562 370534 380846
296355 30605 453889
198215 445063 212728
120157 32326 119389
258614 48126 399167
464676 128938 410325
152114 472154 147227
370381 473478 209752
50473 28243 180543
74684 496458 378099
235101 61555 428689
48428 363442 256435
233223 345726 13469
372740 334757 474501
205854 78664 154637
324220 21255 117930
238415 434320 388015
72124 185763 358678
110052 165234 173222
133415 180554 371686
217840 20337 411042
365083 517882 514660
522380 51740 135479
400619 171166 31401
518267 297669 324118
490017 508352 140249
209686 319205 222854
160050 473354 291441
123153 70588 516027
411706 259882 452982
477500 306480 387467
472259 529849 288188
528769 177018 363061
322087 175948 173140
43816 409715 138858
128746 459985 102900
136430 21448 471368
122272 505286 423111
459619 219560 163104
132757 147438 371392
85916 175205 517473
499050 75472 60230
19532 62374 4599
136498 237147 446643
192534 149234 256673
438359 454544 369294
489409 58856 502656
136301 449080 140803
256239 84639 281599
480849 396131 185172
122486 3084 91909
419301 382779 475724
136432 147061 312794
513418 285988 181423
232818 425844 299186
57322 337939 507311
385551 62070 363170
402670 511532 187485
363520 289249 252357
522118 367972 350636
386613 99294 87955
400845 227991 441543
134145 35146 234222
479739 209689 315634
265564 211306 138926
15007 206900 82060
39676 311292 456924
58556 40522 361087
228246 480133 141430
511931 171942 105259
106961 198523 181997
484153 20740 215585
393129 249411 295015
243987 248311 519961
164515 33332 413700
61985 330041 312008
394072 381160 507412
259374 255164 84859
216756 511227 517951
69746 206978 142930
326654 59781 68562
72795 519009 43887
345832 265076 44251
204478 320803 352119
418696 242575 173825
231804 276421 91654
222183 206112 139306
223226 161025 307095
450879 196656 131764
130767 456608 117188
302698 40501 298489
478562 351637 241001
271054 400932 335179
332000 429088 486053
211032 457081 170203
347925 458484 493241
12958 256118 77263
455549 394820 340644
283432 387690 522561
129235 43376 69719
428536 528535 458443
157522 13411 506988
498666 235601 402354
276116 3207 481504
241163 407969 386439
240976 215421 245739
42 344506 429627
302482 168041 304149
428264 115569 149652
515582 490734 440894
78498 477284 251694
113460 501619 225201
196657 153202 521288
291540 316502 512722
230008 7948 246336
355578 65275 23928
180579 501369 214275
338374 209004 292782
227109 54840 462787
522030 464226 294739
266215 149241 374064
292238 326537 71091
413086 217916 230258
530821 386038 288214
531345 451045 108575
227008 192708 346004
348993 43713 214736
376301 105277 503089
32800 312479 462086
60561 291125 124385
171576 264590 390952
449699 89400 217790
238992 269222 413465
333763 145631 328922
388856 484651 301582
211353 31814 270966
92155 181568 76298
389003 460251 344328
144066 295691 304704
302113 31424 317981
462143 263057 76298
519807 309840 60813
391302 418365 312761
263080 288445 203276
528368 387623 343434
343018 396924 172
96346 345062 144298
502342 465337 320635
270266 432441 294146
387763 5649 528085
109179 24550 212011
321576 277365 17702
59726 493850 99710
180564 463436 395410
37269 184166 329474
502768 127226 434780
49178 308927 95211
25391 66340 76345
250016 45338 186917
301353 106144 354377
99884 240300 228506
48545 307036 392921
363035 406947 470476
520817 86242 508617
146595 406906 29143
76743 367774 475550
515783 120763 99127
465008 418217 295289
51357 502005 184251
361923 530299 323666
499685 368709 470146
408977 299124 516295
463445 158541 496278
265182 78892 367966
41653 11428 396522
18582 234670 352521
528153 405224 199665
227523 450629 119544
368586 442806 411557
124108 114890 416494
133627 367808 393637
238584 352227 419841
130953 131205 501184
439973 508929 129216
152391 28147 468466
508558 308211 100803
529507 271691 512517
360228 22248 173582
304917 515990 380628
375051 110653 509093
274945 154625 9132
372209 185602 210348
499839 289184 236917
3902 140326 401439
174218 332139 142741
319846 103587 471090
509155 488234 220840
58244 527522 192461
479517 108517 471984
291611 323527 64658
22028 153495 6941
214165 420173 48510
175181 105851 268393
167041 193765 66947
187274 86634 31702
228667 386065 391457
1116 509116 524213
118820 334941 44550
404263 524589 7866
519597 490334 489726
233098 347827 72549
455869 313038 418346
386244 159910 507682
321135 388058 430766
24473 73631 123898
457611 519691 469173
183295 254971 430142
208827 93474 291820
107587 231696 8585
350234 291558 113794
332409 382147 342489
449044 337304 411514
354932 154967 444498
272953 274384 4190
295594 323409 218116
499403 133125 492522
421674 168584 319901
376545 33138 129563
492703 134866 487619
94358 125006 1357
242876 260393 134275
330511 326663 30217
66175 432926 34800
171265 462722 170797
331421 172937 328302
468836 250556 342187
282596 464812 524877
410493 187373 270695
475101 442483 372553
185605 244321 389430
141354 459786 238138
405288 8119 33675
375903 79212 202298
211366 317083 114891
388110 259197 468389
237110 402135 263892
96567 530927 60931
229392 83961 321773
478929 359527 374549
322827 374907 256165
226932 210143 319937
223489 296990 216312
384951 127019 282710
461405 42947 127053
20994 383743 183830
248459 381651 225554
366597 8413 679
98303 202022 296520
292592 375869 235005
508218 356097 241645
40677 513707 75409
435342 148040 337009
423940 414682 293758
504109 193011 283756
227636 389254 458036
461389 501474 58577
151027 57771 161031
346065 296155 316615
259167 377652 347861
519252 374790 350154
55976 428525 467385
292462 166382 194050
21406 403320 167132
390787 284341 220877
15890 528848 359748
482745 402502 214913
393316 435149 395725
290180 446017 190800
416821 277057 394456
19635 531353 359517
361224 397039 479272
73566 279746 265053
414568 473687 268755
496859 236844 143463
524643 190007 103808
117339 516913 488245
159138 32751 151118
255596 323129 146117
485316 153043 257831
335115 343713 404058
280456 214564 471784
423158 196192 252432
81137 232091 177709
361692 258713 27099
54751 354835 225528
274193 31905 12017
234858 330871 225634
275905 39750 138716
450521 266048 42628
202550 232035 114618
508411 522341 1971
68044 375643 413244
45802 385997 201241
438143 224232 90459
66424 38803 6517
47003 232805 216677
86716 163051 173375
448587 336890 416287
24711 333694 369646
19048 176643 272657
294143 152517 503616
324659 44149 10118
410146 145807 442917
314628 469010 66795
411765 181945 119514
123416 13895 431868
11285 84817 88601
409303 300502 24360
183581 302906 294838
53849 140409 148518
30299 329728 120282
88285 15689 231806
252422 207540 358163
181638 435834 375067
98125 403525 226115
267769 316762 334970
184686 487825 36381
454938 502208 75431
229819 116825 330584
337769 202986 265127
257502 305177 171917
467341 463817 325247
500359 153171 22630
427914 160067 486579
466840 71866 225834
37861 63498 167034
359994 306599 185375
457564 310178 442565
126353 124489 176126
316396 307454 5011
115772 137322 246629
238851 189814 214165
351725 365906 8061
187801 465545 290594
306808 174702 385411
495157 517029 401136
225531 417950 298657
398384 39740 215145
286232 424999 119725
360306 107049 269674
386790 3479 80971
76155 267043 323741
180709 378301 472365
297616 71870 265463
169924 496020 278420
71651 321218 216171
180946 325596 34686
212827 2601 58952
445355 367438 214732
39768 299057 422760
39688 93331 212652
220035 285649 142085
350828 188358 495131
233478 366287 412445
30369 422174 389437
414465 274219 419735
100874 300629 290960
204097 87264 330730
438877 427479 99199
483375 407778 391660
414767 313532 467476
350396 159490 465438
28687 171473 30226
500366 239169 216109
130880 353911 511727
440244 240873 151410
175082 185027 477542
161142 269451 369250
524572 296672 71443
19941 308184 53853
52849 27621 451319
221235 467762 324034
200081 58576 459997
162345 113698 8049
479866 128156 48269
110935 83194 266992
292238 14645 330021
28513 4105 374927
262510 310609 21104
374965 171537 326752
499720 456466 433686
423235 97231 42186
317134 385792 447820
102135 354764 443476
380319 221274 527688
83390 18166 80123
528898 16571 432311
316207 55512 530193
129514 57224 234458
147949 527526 386782
207644 463175 54769
490427 162761 106210
152450 52209 144926
523646 179581 261826
253690 63263 434327
215992 104289 391879
441059 204555 114374
300215 133758 143656
164279 284607 290040
494468 439801 482413
88172 156704 454642
477808 236565 521085
509503 529427 486230
114042 103702 238345
276153 466111 184364
475499 252051 38073
506259 149490 133694
129650 375755 512508
886 481645 365869
124687 335766 9073
36363 510980 202132
308923 135873 67093
216476 461215 262432
24391 403648 333043
319546 96652 253936
443103 13513 161341
118494 139724 450279
270132 28074 102086
332456 253417 395956
392750 11932 117984
276434 189623 315591
235034 133405 86320
433096 76181 12086
200590 308659 459377
14161 456803 243817
175891 293327 437085
431568 461782 347667
339190 284859 331260
426833 229874 250754
391016 522882 254916
218340 53690 208966
517279 341011 405163
158895 56013 162035
439623 493316 224868
154983 530488 102944
197048 144787 461872
438330 349738 43106
504106 337447 344994
337182 372175 255699
125830 258529 185314
434971 23734 50173
254315 29228 164488
429636 524888 198984
381748 95426 245308
346351 82922 294794
228644 523416 516037
287231 189891 449278
23265 206528 55134
251563 176717 148210
486542 348770 40568
454506 251513 274197
199322 134368 484170
323342 15680 240786
14234 508456 514397
463173 227891 418319
158669 98912 372527
230579 53724 182129
142221 3584 128118
104374 489532 412844
382610 91680 320612
249679 9253 89784
508335 259683 244567
444558 78362 480198
15218 375451 516707
92187 432143 455447
289536 230872 527088
239876 272310 404753
494861 339546 323147
347254 104802 129565
527276 128818 28308
183952 524435 212665
230239 476434 427938
31066 70400 56282
277445 219242 58802
104841 45625 246938
325197 263482 263855
91034 197045 177067
255306 196066 375746
434181 521269 93440
183277 303065 81577
327265 416169 328596
42671 79639 67187
465507 467580 226327
409547 446724 524724
301590 90224 162353
222000 261389 187436
389367 327840 317045
112836 52467 160055
441368 42364 519883
388588 360291 24514
453574 201702 33499
438427 101354 42744
97513 500313 197536
95789 305988 380402
525563 185532 89914
151745 95840 406483
24294 319626 32690
411721 363553 110981
450096 188929 354461
497686 321061 84451
249020 124829 126881
504327 242899 299857
233894 307690 469038
256721 81816 260299
62695 384282 71375
313164 499573 79636
148299 199686 489538
484395 191816 454406
146067 128844 404610
204492 436466 236805
396635 334351 38675
332631 430231 80830
452320 460345 434955
28061 321861 437737
356759 231501 460436
78600 251206 3472
283509 526431 293491
368024 90467 84378
82028 251756 462150
76628 426246 13585
331101 301999 283710
353864 14412 287154
375608 520528 34165
40410 109503 394919
431695 36725 240711
190519 472016 131684
384589 133448 199434
271479 424006 125386
226982 418213 400819
441260 402 434597
277410 294785 212470
481142 134626 8893
449254 254563 222671
439630 444126 114383
6656 202227 307455
286623 363556 360423
347025 80327 140356
254318 10543 374242
377483 5671 395233
102233 31126 140173
9739 93380 5288
31646 473961 499768
456451 291841 276361
63179 180409 313328
145554 63125 205982
349133 351853 470380
185965 528580 263383
462096 333865 414107
61117 462157 483431
53390 280603 25498
105290 340142 179358
274723 90677 297434
439197 279807 518510
94065 448598 125803
315018 277441 97222
1238 241719 350652
270918 185207 453259
440882 41188 232357
135103 244626 229432
487011 511604 511952
134131 229943 312478
304225 319498 312770
207414 360638 509457
444127 206195 315855
38604 504899 516589
225860 493822 25534
210230 391589 449232
369244 445075 370573
246185 216755 345737
401564 130695 119703
78804 316272 228179
360715 260192 366335
138266 127492 442232
410083 412201 404808
414854 421010 322107
312463 50361 70974
307085 513715 305750
400574 80100 136788
160242 460681 572
57383 288975 120980
86356 500476 373794
250211 139544 362608
396027 466531 397267
245067 283583 116316
479570 506334 304391
459050 100306 166207
469292 180190 62199
367052 456183 282437
359623 61223 248741
466360 466818 211783
165077 423728 22373
454887 288290 362780
42217 210487 158838
405386 22039 105619
76417 269741 442239
54949 232845 259452
57910 144872 44533
526641 423792 227814
261289 205742 329838
440032 99360 389198
254744 201890 93915
440630 46815 452656
340699 184295 483284
293854 443605 412855
473166 228788 321538
368216 433044 439952
310327 6241 139338
371888 311766 437339
19455 243526 504838
226681 274608 198416
373148 120846 242653
392133 21624 262462
89267 399248 54322
150133 527112 92506
426615 474544 115251
274532 59297 314413
478545 27344 271218
362897 246033 10405
11165 437932 28570
134511 379667 255880
233095 35619 401786
441481 130346 528870
180312 119259 251297
421220 270246 280672
493822 93404 238088
504859 287069 369431
316078 469373 247272
12406 312096 262293
7456 442717 358255
203428 77297 426501
114698 91348 482940
348250 92973 134021
186829 191934 133525
245797 480842 458419
293182 250757 95156
237293 505114 47121
210117 121696 180829
333500 372143 475650
288816 461747 395339
137875 304801 505510
335549 276317 303628
138998 375668 317054
281875 528929 74333
271333 191139 36128
492911 473369 343500
395986 489561 230466
98340 358959 11122
268920 246064 507167
481100 375680 515763
308243 515681 103104
421163 454078 325973
63138 382866 74946
347776 383697 141209
95670 72368 161568
501093 189975 481479
462689 377509 199257
224358 287101 318433
400570 379365 161845
424645 487324 28931
68879 13483 513520
98229 78014 102384
23686 236349 310061
358916 236857 386582
395465 162563 225314
303910 423650 361214
184809 319147 3196
62413 445106 498179
519367 378979 139305
251300 244546 254592
376962 152870 374476
327497 291771 423001
178568 357336 219044
106318 19950 526420
526399 354293 106858
294607 441204 395320
519540 124270 42481
308104 106334 472321
112083 263070 310708
359609 300347 404321
76408 428387 158621
60137 525918 52731
394468 449637 159337
264657 285424 121858
396147 462168 376125
409642 236687 21484
111329 478003 457990
378178 83336 41087
380278 494135 215858
512713 4707 373352
435978 392564 513305
12200 502202 240039
388023 491665 325212
77240 350574 337144
390620 199031 224862
32539 219218 65405
275565 308365 109398
35692 48090 72043
275956 143300 394453
131442 422510 188451
68875 196856 526806
68062 525857 43875
407306 192918 122235
427849 99542 377244
522186 196421 85526
447912 369015 413435
470139 306699 381999
261419 472167 531339
442973 407639 108486
245642 510703 400410
122174 433266 78730
105991 130240 253191
25042 462688 281835
232944 127567 113258
32250 494360 252704
337571 449769 529242
299155 202089 432907
81738 141412 53534
14438 489998 418509
397037 525810 261805
83343 447698 1347
77282 416283 341682
430066 147755 188009
350782 33779 355506
128928 35182 188867
199418 13241 456128
392456 225533 405608
345253 372028 526737
223745 255064 417754
423610 370412 158615
31870 124059 331259
427139 210088 508862
80128 368682 520486
389464 176239 81970
414519 150564 447776
22403 238644 496337
129903 322139 329546
108537 46847 397788
74551 383069 496462
381112 53447 8458
167008 155014 329327
369233 190915 509471
273838 23127 58222
74877 337673 177463
215338 329451 47575
477347 161632 319021
284792 461719 139541
115500 166347 154832
290536 193150 390244
464497 337527 122860
110504 467589 136385
124918 402505 414036
308183 319918 26660
369031 210198 238087
196862 202060 86079
252114 262762 374083
328431 81268 403533
65541 514317 481773
232955 301771 493216
459502 328564 9117
445609 377763 113928
514825 63366 26358
466615 450441 347810
221064 434498 395045
354692 135773 364577
123865 306082 510854
491711 141439 104165
90789 241976 322273
413592 169449 341533
442207 96993 438453
178597 406827 299915
331316 273766 272066
68531 353710 452564
268925 523102 371143
198840 278815 20406
237937 319378 361854
178343 261154 79081
41021 262720 48189
371248 284108 23063
218741 449720 511950
479043 521129 142831
357429 490881 479143
421873 493100 449680
344096 401361 308869
486245 448968 359708
507523 432885 49252
12292 461591 156517
28928 190910 259113
302189 258644 74535
498313 482267 473695
122225 5704 280463
26887 415977 345847
318349 279050 139215
354351 63383 5497
33791 311668 308937
469551 480113 56720
242891 471497 279656
21323 11952 286347
309060 478360 183809
99066 210303 37986
247703 67492 249717
82100 248094 262442
516386 328483 424569
312816 300182 354473
42946 497091 439319
324293 191444 406111
396620 382441 472084
464327 178534 370815
269632 342043 308767
120128 118773 68547
426969 108 164056
366773 346062 516301
506751 165122 368071
242142 16373 113834
14064 150486 463960
120402 196533 121311
176036 463956 312081
388980 484106 418337
47212 451081 77982
85597 404695 400819
450148 271327 462093
3904 192156 456208
41877 219744 430236
174454 236905 417215
482241 409660 15008
451403 90784 369624
410421 399233 68470
168718 43112 469761
320762 243875 157716
101226 286916 2822
436365 443507 304683
30719 479908 269388
526796 156284 138617
435705 460718 466581
451096 346642 129913
459073 330784 117660
456157 222171 263137
192168 164582 224280
226920 367551 288403
66076 131516 419988
225588 201857 226661
2746 197442 151908
271083 170698 431878
432598 367689 18599
393395 287918 375691
360668 305899 179489
530370 467173 480094
315377 220092 172299
189743 54865 168954
387621 296382 487307
281503 144144 118013
392741 530052 490889
359331 390900 525580
488637 48130 498572
322819 223950 160265
441686 109546 437381
395534 59037 364086
116120 331897 349649
182672 270490 80303
183258 115417 475847
437031 380745 123382
279709 10333 394112
212968 47348 141502
203573 380885 167038
24049 531115 37522
223008 497343 3556
225816 329316 14290
418904 242255 379009
280479 28851 419645
497470 79174 481824
333357 515763 379374
172736 360832 512567
272013 9317 64671
296247 199212 389961
306309 511344 38971
436182 105196 375879
399410 359664 409662
422671 333021 125536
326783 329925 423652
130935 277991 461880
195652 156664 129864
434339 456113 65527
463526 303589 409066
200854 350814 238593
394916 95151 262141
67853 77138 205611
100358 53219 24929
173045 475485 415788
437797 202023 302456
471579 207711 23174
84204 433445 481206
518608 478863 159905
126499 184971 336020
396927 517341 475215
439631 258620 24182
427744 424086 90229
530562 30378 411135
122734 193473 225005
98135 196139 438101
148488 199896 400303
97683 297453 472071
168393 365136 262988
233432 474337 417185
315226 199765 306215
441539 133015 204944
70332 113068 462475
162080 61931 318201
101092 226212 403737
263957 16776 18421
454881 479967 324973
147903 461614 122834
508213 399580 401274
245419 479358 406380
323820 256135 21118
245061 31234 258804
259728 460134 320433
381456 51908 438479
88270 362816 378298
145437 500355 472592
207724 526801 85809
276564 82124 503412
289770 134181 464053
278877 320743 348306
215330 159946 65707
197359 207618 122928
379004 530238 360901
208695 176274 517347
319151 111326 470829
515237 168531 386904
299404 140787 254720
91551 37833 73573
295537 273912 265779
120959 381253 115730
21602 141132 429644
394783 166875 88918
60581 523958 214048
267005 139146 392180
328345 514605 439616
32019 58737 7674
116920 203463 479528
356077 437260 21532
265312 255413 505465
180257 308100 100339
93538 125826 348910
47716 518007 384225
298627 219114 106971
167834 199105 76457
24209 489785 96641
278073 452991 354284
361106 468830 71400
381701 327883 234184
182565 517868 351049
277957 381654 316895
140762 299469 319748
531106 73352 523430
55683 41853 362059
449536 161355 470950
340399 7999 135037
422053 227185 388781
128669 350263 76382
85001 224750 95378
507305 372775 394191
139560 141091 477688
105084 92663 49490
514366 183575 323991
390744 460610 479379
339472 518213 322616
158543 507444 48155
425591 156412 240051
291232 520706 133213
400920 120349 514767
192684 321245 287867
31374 244588 384414
412333 273569 11302
214044 297374 429565
82448 191449 224363
493443 430926 368858
391161 4059 7085
109603 160076 66130
526472 288315 20222
245342 359714 8581
278108 179605 22512
87743 304389 187643
166925 376297 289368
243014 417571 470022
411987 25776 471418
15028 127297 384709
123754 228330 329039
270842 11765 395908
11288 15044 369975
310912 440265 236138
76616 266511 95652
347478 501727 113611
127430 76493 25062
414846 57611 482250
123442 333811 415961
313287 285420 493522
143949 344395 53057
35754 321012 84680
459202 120603 317520
445682 484879 280668
291681 343968 262213
425611 399785 184441
1001 490884 421316
255950 355144 157892
423361 20734 492858
379718 300799 397050
325931 35570 102518
408162 511819 19098
96853 292411 330804
149734 44955 70923
10559 119816 475669
115041 85467 24577
158545 7963 132707
290887 491728 428134
468236 275473 295459
506196 398487 516917
144072 459396 424094
506111 111174 288936
61242 187883 446962
295148 514999 3652
214158 299871 395722
31711 249575 474197
89226 266953 125411
308673 64185 320280
363333 87954 287805
9804 28582 214985
393788 222256 42199
109953 516034 37586
155195 355606 505278
292109 17562 456995
359550 414159 54624
305631 360605 155758
292895 98721 190804
241330 310683 306880
491719 201045 58538
65435 387519 53417
276865 473187 8560
345917 213343 102039
231112 369829 69699
369620 370594 35259
194756 173689 502283
156105 192036 215651
373787 477663 91926
383791 303342 161985
265520 390766 343048
428246 53522 274154
389522 219319 328345
385292 361369 254921
66346 231615 522770
384441 2821 10864
362555 395823 34340
322638 104034 328703
24144 70214 27552
506195 140826 284067
31623 356935 296403
17227 330779 153603
318109 243719 392266
143 280850 223051
139115 300286 19726
24021 266070 428891
196218 424237 172327
346468 378018 439384
161831 289610 376992
465753 283979 278286
361524 18827 66754
277421 505816 153383
222898 65263 256439
65953 357981 215144
10579 502835 111696
461211 396359 269371
135250 505246 93254
484691 300749 283643
310954 496553 94044
453753 196632 288852
121771 179050 436139
56882 285783 161810
355761 361299 447768
267237 196796 398713
208113 31256 338228
321447 100694 385879
134082 308294 36680
497717 344520 105163
240873 113387 454686
437636 38596 489196
197331 209667 366670
471946 403539 186051
302921 60700 424486
149780 502318 341124
261957 252101 124682
213193 488983 257262
122308 362489 1835
493628 81426 288341
510155 216287 396855
138650 125279 76829
464834 508745 362470
519370 228922 156635
452393 70187 92378
348994 155206 526497
383520 414565 213462
375146 130907 529106
448503 37542 518726
3267 445137 214696
77817 189098 291165
411676 150538 394053
466932 214083 419527
164223 493005 187675
348226 206869 441436
509257 458018 373616
483963 406059 48128
149726 143117 11235
4860 435499 1160
180465 196255 238164
144987 64863 191080
417795 442523 361012
437627 401367 392016
492280 242646 106828
82286 191570 14417
156594 446248 485096
484960 142463 317266
434888 362156 80944
311816 194017 137525
352158 309095 144464
11933 526401 345950
153465 220488 491069
220328 43292 351005
69536 487262 44969
115331 24038 332078
458435 359825 277055
518391 517051 508545
389116 216398 437704
61723 114374 394829
207395 99168 515764
253562 199009 300850
287835 231491 353204
329759 517830 266019
330577 121044 324268
40375 31356 36592
121532 115023 435082
225077 494884 101505
385020 286694 363785
371263 11879 137933
493098 126827 319315
10193 224691 21909
73996 112094 264275
430163 137245 228836
70753 418100 105210
28530 67334 167858
488856 176608 423473
83223 147903 66040
521191 491942 207194
368654 158416 392991
92288 126605 38044
124451 58993 304685
441850 337469 404047
313563 435384 2994
168504 226234 208897
293065 343874 522799
130265 157548 19950
263683 223050 389878
273100 422449 333030
172725 501887 460724
281129 303907 270441
154354 56923 245956
87285 469345 272689
116895 329013 86552
156574 38478 326260
286211 201720 292207
234042 190242 49353
308200 194411 193475
491194 352571 90336
16053 220484 530003
374736 394728 89708
14024 328756 519984
202516 513872 198101
32818 521760 293184
82314 450587 510473
34804 299010 485309
274370 305171 268103
474064 393571 484363
130165 496906 84065
52545 213003 252542
445520 50730 222864
19897 100152 271151
15018 417599 439484
508918 120039 152815
81079 336726 123525
16238 361610 289633
263841 358261 319859
2055 187366 436871
462762 187142 257690
245247 326067 124478
437396 451152 44611
89276 152202 266141
207544 82694 159467
315747 19060 70813
438710 439548 365241
317280 495833 189514
94658 250866 415034
204184 187630 141498
259832 290489 80048
110450 481176 82103
43643 302934 449949
188704 5253 88066
266790 345246 174735
394828 167291 83270
236949 315972 233697
129539 267691 80428
173377 255779 169489
61875 55566 182859
218826 230278 238598
251136 520991 100379
9986 188842 425819
400014 361643 513068
416571 73849 199067
121014 361632 194985
426927 202571 39655
185335 14016 189188
89628 118955 9686
413640 139347 433090
368484 527156 496684
415265 272550 502273
17497 314229 277686
87965 377306 433466
8972 5795 255647
163835 305272 265799
41336 402700 178995
503831 219096 165745
138237 408474 121016
49824 206191 389607
9127 80385 182923
5425 308726 204786
308356 84642 365277
194756 296558 262307
27254 249804 76080
441581 1343 353971
356530 315911 406884
390767 120983 498405
272711 167807 202404
411538 370420 250445
416172 360960 366713
424802 220351 201689
324721 175423 106950
439484 39250 132086
167709 522551 512949
499226 437622 295387
164932 79706 489453
187301 129895 32750
341720 8147 212884
33430 90554 277735
184321 229377 70241
8067 350087 439612
181655 89397 454742
125021 266133 209831
305512 393802 522057
510541 251474 335607
193738 150566 457430
194672 42954 119811
326354 100590 168069
143641 138381 274240
185159 290752 335594
515219 78836 514292
267934 50388 515105
19317 71076 271822
328609 334758 136705
296387 394683 525256
111107 64418 118305
297 394457 132362
161199 235287 203162
86107 49462 169452
257749 459775 459720
75058 346592 246659
435028 243075 109747
305420 325876 394178
289277 331702 386719
259130 357844 80069
6177 511881 188518
291153 26335 77152
427138 366118 462612
449909 522294 185459
110339 458827 331345
452128 516247 396663
419646 365595 520473
496151 268496 283119
416681 68533 227799
444017 105906 304509
222826 406833 141350
50307 73660 209083
292289 137019 531207
307281 271689 355460
205683 520442 245824
228963 311394 442490
417057 285930 455246
259362 245610 312698
305482 367192 201473
153237 361858 193553
293061 284543 233629
173109 388148 260975
20848 370763 510660
502289 251187 413189
34929 438576 426128
455802 490306 22028
180031 85467 515020
54828 140419 7800
111692 475591 103238
390989 191994 56700
353556 67003 172212
125356 27528 6314
28087 23117 380071
274502 424242 160854
277151 21058 104763
93464 54865 414615
69930 66169 372893
58569 307780 399578
439475 432370 253889
385729 223321 120941
20690 419673 123516
289938 135635 156798
281812 312780 450305
197336 135687 254438
319342 461544 236737
190626 141691 267150
500794 10120 258434
171083 242481 63627
474809 204147 41647
144806 47104 125897
328800 213041 91234
283232 228560 288468
195414 77838 417901
471624 421300 58515
186383 15243 28880
185501 352195 163962
85026 360370 172040
212535 216707 86407
257726 503282 182749
528658 50163 31
267613 150137 522470
544 379835 180913
479420 9978 398420
153848 520602 268416
131641 471554 292324
412371 336108 483967
282673 77632 184316
210631 258373 306278
358182 483005 249949
117158 438841 332806
485840 485416 326160
251078 107073 521121
334600 378781 436787
447302 393146 477983
367888 92896 297497
25274 455051 292775
138495 389959 216226
335999 468900 239124
271430 107719 143392
274519 364772 472106
338075 491142 263246
241507 516483 523337
453177 90607 497410
210056 378380 481672
523584 190360 309224
288222 38084 383586
331686 53574 10212
315205 239661 204978
468035 510095 401045
351764 62519 309500
328393 287188 167990
326125 283277 474056
365362 449757 393455
464551 448005 73005
367526 334079 35760
477592 148139 3200
472450 398100 220742
324363 330350 355856
338962 410760 12639
425825 449291 478679
451665 377013 508876
88548 228349 258932
62356 344785 399611
368204 25837 503042
211265 438386 417980
14602 237460 451699
137144 345398 371114
405301 203552 474328
489620 505982 237845
350416 474844 442856
92874 437835 523079
389847 219177 8719
153568 496384 449332
33202 501302 409491
260755 238203 211442
265331 389542 325316
521634 333459 507260
115763 224468 243496
245205 183620 39362
329744 339991 39868
382481 419987 287120
300100 253075 448255
156948 83260 449996
388642 395891 190403
205466 57878 271030
251024 358893 325348
362752 366135 393743
290053 390326 229369
246248 33121 195762
189076 473530 431332
426591 90036 53482
497526 6130 378456
52853 399920 173634
353110 319084 282843
165384 40547 442608
268554 45333 454430
371688 499196 380096
18710 92124 311341
165523 324487 440463
430644 391667 372864
75085 455414 269988
503890 123307 511966
395190 109651 427257
114251 511222 339073
138696 260615 263519
160177 318304 137511
226070 231221 119944
295238 175142 67665
334481 17221 148499
510710 310568 129143
171023 430451 355303
132295 409468 163245
208424 182981 140241
427870 2428 492381
222355 380194 422576
266389 141036 269608
308392 56217 366875
292758 280102 67697
178371 38534 446786
387179 125062 451786
371028 227892 185034
308093 93361 167322
525793 25781 426512
483656 217704 118357
121913 176289 234968
95164 242100 519656
396102 174093 235036
185322 170043 43012
247959 57362 32546
366228 83064 344616
152889 119349 244702
136201 296348 521523
268825 476712 387416
521551 169919 230177
133570 202263 527028
317742 208016 330555
331233 499011 475631
145516 419325 224041
480363 35404 338509
199686 96242 422343
113417 527525 15293
421051 95347 458236
137815 79495 270683
314815 186718 494034
496629 300337 471038
8998 483266 183621
446459 22850 177456
444939 459476 265946
198104 454088 143778
403725 153615 132594
124870 483483 315169
342576 513055 308098
63752 139346 52137
42371 293824 65003
302896 446577 267005
14189 19843 261067
13213 370599 369512
45985 481176 28640
351071 447054 53121
385166 370196 227942
44353 448810 412828
100900 253558 192276
365809 237265 449802
20893 252475 522845
105569 34752 53986
284140 17386 343185
473693 280309 83098
266275 101112 418271
412974 71776 153209
74259 439393 87717
188177 115018 413044
26001 110743 120583
385573 298347 373882
515610 213874 106909
252844 419494 125549
186793 482698 358754
161736 320952 356239
170780 352516 345595
473870 157653 206686
491906 8269 121803
487846 56338 222980
450493 72127 127364
160670 14987 352716
261740 510022 115462
261486 528368 169467
473719 462856 435627
255704 141657 295413
390247 112538 277550
83460 16456 521321
32770 3462 77331
62510 409784 121280
437532 454552 515065
531090 490231 340342
86737 7756 484335
32092 334078 305892
77902 342683 387330
237679 18725 488516
266463 45368 184857
266328 122132 387514
158236 436198 112402
492469 188026 440613
23444 190027 8264
365803 100964 104050
512870 101412 129947
347266 314118 342503
347637 185823 2033
149346 289991 315017
449677 27539 529112
395518 513289 470667
204180 50078 361070
448131 221334 403059
491794 111669 339800
458088 107404 90031
67831 409617 87678
172327 265022 168512
199556 27130 163590
383423 145875 26028
321556 384285 186521
481841 208667 234976
64629 317990 250946
196726 477519 237322
165785 297101 185675
151364 111550 127171
85082 178023 473334
399999 492314 372380
474871 132348 127124
215457 228387 252829
305831 93327 302119
433607 389038 286542
83560 90722 263230
71380 324730 5296
324943 182766 266728
235003 477040 491875
362953 495449 417466
367839 443466 455059
26960 460104 457849
32488 140001 250398
354902 492747 22449
44970 529950 316055
105264 450891 507734
437167 392073 179983
429519 450592 124070
372691 331613 263772
328853 117089 214831
56923 431979 109478
327018 11293 490618
107827 433399 117215
517725 316703 217456
306464 228969 201433
213683 327013 148520
98935 515732 236708
262057 251320 513092
438400 519523 30531
275439 74318 195926
292945 144499 126914
518902 9544 223610
470096 487395 85127
5531 360921 378535
153474 423715 143015
284636 55133 66495
267301 129303 260319
191356 400549 329592
181803 190542 315300
480648 355802 83556
246720 466370 467818
201988 469617 173002
293773 91348 40214
216223 59145 231240
66832 393729 455985
477199 434484 455897
427402 381174 174272
411711 498431 142548
406867 517134 162370
271395 312215 114076
376129 463403 449673
295864 51945 171690
451509 180393 460457
486344 2581 61022
441376 481609 32740
81331 207584 409733
305647 193518 239819
253212 20351 335007
171479 258654 39222
188749 506495 477429
394369 355700 328317
368316 283069 25580
302630 350199 337875
314933 227996 483132
373699 20863 389466
218293 387821 48836
342125 410956 132677
291921 489623 443117
294979 456480 14636
504465 28117 231934
251389 456661 482501
52731 122388 416608
60378 229310 301878
44767 275954 256210
348926 99423 377766
330629 69656 445141
444479 99512 107632
436893 154791 211399
274361 372279 150721
272573 302543 410845
293550 116193 117874
475898 423531 229057
238922 37878 435853
464470 479141 355755
225534 126512 502280
462064 55376 107670
14832 302179 485981
449890 459633 90283
199240 38391 261924
344394 324284 199461
240218 211574 170769
8117 445753 68499
281422 47765 509208
343290 204975 270717
247139 446015 381804
403258 318498 449932
152730 338217 14355
354194 155243 398332
285718 404261 514303
261320 186744 30968
318004 262582 178307
255194 317961 333424
246278 281646 333395
47543 77561 119699
246131 58716 120757
202184 280027 371914
385082 292193 31487
95575 213235 24344
489597 447059 490203
331390 19364 473345
173141 253394 506135
78263 243597 412596
506303 476568 185317
328191 527632 329410
42016 462342 419311
457595 375107 79564
207545 403631 371565
423924 90520 24934
165964 314471 98491
290319 420926 222341
370960 153192 266293
305071 230820 69759
306583 326233 10120
68647 78314 392158
502887 232961 307491
79656 325919 474434
195137 420344 441853
367911 347855 8894
447359 152359 294011
34887 374827 472493
165440 143696 262285
292914 279861 13832
164153 390263 266140
71217 488505 191786
277172 263623 411670
524373 256825 351895
184642 488862 502478
