1100
854118 1722711 217296
2416602 2112680 2546819
2487789 89966 1338887
840776 751010 1275747
923145 1190729 754651
2173655 2972623 1760489
235759 424766 1302460
1667382 290729 862977
1534631 2029587 2463415
311133 2492252 1243110
1315817 1071149 1119122
2757779 855639 1082909
2747963 2401766 2107873
2061928 1695950 2834984
2424207 891711 1450961
2618383 1479840 2726887
663309 397263 433137
1318048 666212 2592566
963601 1971741 2418638
2157110 1465016 1514497
2209154 2838234 1642798
1077713 2276443 969058
615221 1013973 1099591
506597 294738 82832
640910 405268 1153183
2120224 1324962 1797461
1794651 2587165 477842
2643430 626823 2326986
1087722 198158 1315804
33415 2117316 1861673
2532774 653453 2635506
2644909 2538857 2401778
2443981 1699511 1800583
2523429 216212 1029050
599672 1439946 1791739
717844 342808 2698778
837609 1384898 238634
820239 1202265 99705
897909 1688754 635144
1600996 680361 2206832
1532838 1651933 1176433
1845803 907877 619636
2515144 192792 2850772
1969606 192975 25714
236623 1500682 868346
1784910 2080699 617520
2090784 379621 2020358
507049 2193797 747060
2982638 350232 366638
1962274 2683384 237822
1050159 357621 2805464
206837 1540996 2159849
867330 1710181 945337
241733 1561035 2469101
1115742 2846256 467898
172903 1090528 2648259
1652405 749797 23598
2890348 2359181 1639448
616910 2877133 736932
842031 684654 841599
887265 1421575 1006927
1611852 2459832 2950309
2964477 2897643 26156
1826016 2885508 607126
419137 1026051 2837233
1352887 2266028 2230772
1447600 2144767 497134
2240689 1361596 1087543
2095104 72143 1029082
2387238 1332104 2271939
1785762 1988664 1596297
2966867 765730 375012
1091860 2726767 817862
1907188 89577 783639
2648920 1837273 2377011
2726671 673875 2348239
1787292 2757215 1656061
886872 1018446 2181861
204482 219742 2284923
319290 801902 1673958
907886 203772 1198556
2549811 2848297 2563553
2446933 1806209 2136267
217003 2819582 2118775
949099 1473245 753041
1394307 1480795 990664
2256208 2664056 716583
1539893 2964924 2255753
2274390 2450419 1490863
1244501 2369809 1318062
1246610 709962 2596867
2024119 1048736 2517524
1914863 2597774 1529729
1636132 1820736 1445154
35992 2960752 2978729
1045231 2050548 2316038
394291 1150799 2475210
1895598 315130 1892747
1034462 955947 367956
2844612 349020 2707710
299520 2074164 573396
235218 2454185 2253178
2492075 777696 1982251
1918129 1550089 2386484
253098 2819404 1522844
1489529 953496 816263
2231774 2640788 511355
2222654 2820095 2746355
477412 220921 2752926
552989 356384 2247890
1228640 766824 1696709
521535 1589613 1366328
2096301 1087638 2723239
2023256 1706755 956999
1166919 531100 1909488
1884353 1128800 276624
2411606 2481137 1852272
2392108 163460 2834982
2443438 536589 749956
1243578 484254 515046
422473 2132981 1436133
1279242 2176236 966307
1266785 1833581 1952313
516866 1000460 1171918
2536373 2644962 182444
1566689 2317326 416142
564327 1589194 1820457
2483091 2522213 2011397
2823750 1494787 748560
1446826 2472808 978231
1237370 372404 2064203
1078032 471987 2119737
2737342 1905320 2122354
2312714 1821982 792463
111367 2427283 2185000
2611762 760288 2561234
1175450 1690619 444590
649100 681037 2474426
1291151 2639688 1189652
699253 238645 2174120
1159642 2131282 2387099
58615 419268 1026909
1922836 1099499 1048791
2538621 1534664 447251
356783 2911750 751079
2298317 599527 1281532
1099138 2235767 2825972
1531070 2605507 410424
1484558 2960456 2867517
259828 2319942 668829
2773214 992554 819773
1081140 491178 2155748
2514097 363029 549796
641814 2390489 2347397
303232 209346 1971519
1665015 1239498 2130453
1991943 1422278 2394909
226268 1011104 1085825
2047904 2484021 1967711
264991 711807 1751252
50316 258467 1813525
2711387 794557 1334758
1144565 2787339 1346548
1886178 1368536 49828
2556731 963294 412693
2581098 1242889 952633
2579015 24327 2344286
1905028 1327691 191987
1913843 1240792 2767909
770917 1549013 1310018
2903609 68113 648708
1659082 1218999 354288
1049592 1204243 1131508
1465604 1187200 2270034
601612 996379 896377
2229379 2484253 253898
2263644 1216280 2412546
786740 1486156 1527279
1817954 2004781 134009
49533 1961521 1904909
62773 1757472 948176
2581202 474709 1979537
945277 1210309 2526756
647881 778709 869698
2329179 1985459 1410510
1507978 1860033 2585144
1156193 638801 2871276
2763035 525528 1128833
1481324 1798704 451301
1066295 972213 2737129
2455150 1434027 1359462
1468626 513406 1806634
1869264 1831779 755143
45268 534632 1299587
1213235 1020164 1400222
490650 2505870 1701563
1265294 403831 445393
923279 2530618 1871730
805073 1310765 2772262
1498691 528126 1425671
2958955 204431 1903270
2828373 1424647 177628
65996 2537404 1076772
1336442 56301 1803544
2251734 2281638 1957219
657864 1755832 2546441
2439989 2685557 920252
1209590 2442034 562667
863280 2022792 714785
1386487 2112327 516779
1391709 1094480 2124036
831379 1764975 60604
555589 196335 2861164
2643077 2601287 612877
2438095 1225216 904798
1401775 89815 2235715
985703 1007210 2226889
1222550 989695 2050815
2319241 2442084 650252
1102883 1103487 2860242
2637436 865885 199747
1489161 1674316 537390
240651 2728290 2033367
2802161 1880574 2297898
8674 1275064 2570794
2153994 19218 1745485
877794 764473 1883555
646374 2451638 1778603
1519775 1570576 1833835
19510 398886 1553330
1046907 1013274 1467634
411718 251143 2114460
1315664 367457 1462265
1449987 491356 2975309
722279 1950696 2526383
693926 336260 353729
1136933 1583281 578811
1040208 684520 2970057
1847283 531067 1347425
632284 505287 28522
854040 2328730 18404
414975 185544 1160790
302851 639736 2735628
2903173 2618939 1526170
6510 642671 1690666
1935955 2473510 650542
1785646 2524789 1158290
2174659 1272810 766025
2625253 1455579 2351366
2564245 1816990 2759118
2487692 584218 306038
808345 322402 899347
1400831 2321861 450966
2310488 2749984 2569958
2791206 2811839 594638
953423 2731281 2309836
1914366 1982561 1745982
2180487 632634 245983
413220 2684090 1402253
683820 62630 2344483
1016836 1047003 2502180
2921597 284114 2699920
2572309 1511 2416439
795944 2521463 492781
2623568 1995799 2869501
1330215 2845755 379723
1336995 2308321 1663811
2935974 2133648 1393205
724417 2258521 1697433
2688217 2612241 2968644
483358 568481 1004531
441357 748022 2771216
1138469 1750539 2162210
302178 1016273 2644616
1611961 2464937 842011
812862 2174762 544130
2944407 2133333 1816389
242818 1716301 2745131
2168392 1481239 2093445
2300042 1249924 475432
1679568 1779113 2515183
348527 1111874 2646144
2102060 1234414 2522806
316461 2703303 2513497
2642245 1371788 13328
2865630 2145499 2955517
540700 891770 765977
2560675 2074847 538459
566557 2075410 1618720
673925 1477573 420673
1703014 1016854 216682
2408066 1737148 1411487
815009 702368 2017403
150195 2736757 1519393
2135267 2521909 1999974
2426625 1111270 1229642
669621 347075 1761872
1174791 88430 1947392
2214322 1408249 2867639
1166575 1893342 921466
1177951 2295948 2101872
1546075 791928 1446788
2455253 118773 539576
2856752 2976830 2906522
1070920 1151894 2248982
915381 2006040 2070963
1742275 1209065 2599959
741102 1439123 1772445
185082 2634709 1368185
379883 35969 1368386
294959 612594 2839833
2057511 1284513 2698969
2105789 89826 2537300
791118 1160200 1732828
2535673 790500 495692
1648481 628157 2954127
2150902 2611884 636195
2421025 2416724 2498262
1768315 2728918 974059
2324969 2744227 1244818
1403639 1348385 1533913
1803465 720392 1867436
2555301 1124668 761596
1988109 2399978 2162138
1840637 2009926 454654
99197 1124348 701999
982220 1453674 1866920
399719 988514 2867115
1799948 2328818 907657
1824995 1851991 175282
762894 753023 507221
914527 881502 2383830
1212130 1374196 495857
2538799 1324739 26903
1516390 2557792 1089203
1352093 1399618 427473
1031363 1313374 2126030
1527660 1183597 164268
1857912 2633112 2483117
1462704 796835 70627
2899113 1302817 2585714
2937129 1304523 2428339
1644864 1509328 165312
2594761 1305413 146343
1221482 2212650 2976895
2252398 2390422 2679461
2510749 1182330 2441426
537747 1395275 719607
1303607 2393225 2649808
1245377 2708270 1376168
2248264 608492 2490900
1032689 1526850 1005194
2925238 2270137 759176
2801503 718767 905252
2850416 496051 866884
1667724 2798046 427511
1433937 2637725 2722030
1018808 2712928 2047100
2693656 755357 848503
2011602 439927 214388
98765 1987975 1155676
1340316 2405094 971646
552787 255466 1228487
2641363 2656542 418776
2659147 2296303 284102
667787 1511696 1833086
1835986 1383984 1023597
1609273 2941440 1610445
1149195 2640966 2290618
1844617 1961074 2744884
303984 2612255 1372282
2633003 1737721 744871
1467358 804074 1714191
2729331 598879 1956075
88327 2093497 1629877
276379 904179 1570904
625490 165459 1764714
574822 304086 1038159
1448728 1703329 1319057
1656028 2107063 738224
2417911 723436 2298169
2693032 2574009 790906
1701414 2829158 711936
1808246 1273977 1558007
2724692 1273616 750650
2814099 1654335 1978280
379690 442381 1860528
809019 1094717 2116312
434286 664061 2571524
1936588 2767797 189468
2760293 1587972 914602
2501031 2875517 2711631
1027754 1838355 748678
1544810 601231 355855
570036 1983447 128440
899860 2384588 1089463
1743128 2366050 1915359
828399 1354771 586258
174236 2355556 1472069
970676 2475297 841695
2905040 1426558 45731
284404 2438899 2570722
2687212 1795060 841593
2408988 1726298 1961677
2742866 2414580 1116050
445616 1374873 202229
24889 2666446 741709
107119 2482904 461073
1277882 1527462 1960586
1992995 2853761 1190951
231664 2457397 773540
2192897 635987 2314605
2591851 2699008 2164912
1866343 1098985 762109
932317 380731 1559388
602091 2714036 2188372
2419160 801843 2079126
2179534 2242708 1330731
929627 34188 467509
1488259 916443 963407
1716413 2804724 1026961
2531506 2524597 1452898
1950433 1517889 1032242
2566191 2294603 788055
1670730 2152093 1283871
553365 1620619 190694
1858671 2241584 1251705
2453353 1519675 2047578
1115394 2124290 2518479
1373092 462515 1182244
774283 2392819 2702922
2954020 2823953 2262844
258290 2435775 2056158
1490470 1549076 2871687
977534 2467491 794353
800733 464036 1658648
1263392 2701391 804465
1329633 1439060 2311473
1459669 2805247 2949579
1269092 2539504 380733
2112813 2766387 2473329
2009881 2719500 465003
1071836 1409633 410182
303238 530392 685562
1698930 1457987 1169931
362902 1558717 1296559
2450317 606445 642917
608566 836366 2324023
406396 2699661 2118906
1369843 258387 1900574
1520600 2420556 1427420
994280 856676 2506874
397422 2329475 2739473
175022 1522630 847744
789811 1534633 1381486
911578 913939 1991456
646305 1676999 158051
985478 440473 1392093
1622008 1336505 1987349
225335 61419 1660330
1062764 450404 2127335
1702282 615785 2744357
2664851 1834526 173836
2138950 1515317 576424
1473723 963185 872443
1338170 2039950 1326627
1395862 2745147 1089800
658518 2680271 917523
2593422 487685 518402
1681162 1292645 2082102
2353338 1330121 1687259
1302543 2810600 532653
759701 1557521 1109530
1489129 2951388 2505430
44411 2531606 1724180
1854195 2555324 352999
961734 1916848 2008145
1366977 2567801 1910976
1553576 355199 863345
2775466 1479256 190917
325089 2202118 1364975
2961728 2469345 849432
261824 990989 1001168
787926 22154 2564813
218530 2823242 557070
1147277 2291906 1947603
830851 639638 2466512
899478 270783 1007086
958739 2571118 2953231
322506 2805367 191850
2129141 1855185 164006
2803639 2778785 849621
33369 2968849 1381134
1871657 1586905 2565707
233888 2582963 1265580
2097914 1099295 355340
2456184 906562 2195696
254803 1167877 1528835
657402 2622532 2878290
2119316 1070808 2495927
166389 2135157 2135851
2165982 2510980 2081791
2926255 1232340 589444
1347449 2118454 322468
761022 1929681 15695
1115229 2808361 2796261
1508011 1761032 1963110
341272 2095770 1669013
2118190 1254673 184982
2770777 2196446 663089
1239179 2969211 2674394
1161821 781055 1111670
1859676 2984470 2385990
1293509 2796469 1997146
721545 1097597 1806400
2906248 631628 932128
882563 794731 365990
10338 2266258 2298264
828510 650837 2133101
1660669 432789 658911
1536887 1619168 2189099
2834007 1880827 391830
368051 938915 725206
2958524 1942138 272792
447936 2476927 1456941
2596557 1140394 48917
2513231 2462315 2852119
300951 827463 519612
1450492 2036946 2239584
1143348 1187195 54147
276305 2674614 2104488
2562963 2974379 580936
1362650 1562990 1441988
1750189 1390893 2027327
13430 640037 1394810
2118089 2553261 128945
123289 2473024 845979
917915 600150 1335322
212298 1535975 2477874
2375451 165817 2039852
1293114 261697 2882299
2688812 2523653 944434
2137028 2334531 669089
1553864 2025093 131994
600557 1661652 1726006
1702458 2390229 1079558
1387990 2818344 1171027
358048 1709209 2670177
2286350 2519414 197227
1856991 2616811 339844
2465441 1994607 1483096
2545125 2250846 974329
1851927 450927 1186078
1309172 1981780 2521755
810521 1347763 977984
13548 1752158 2431988
2735871 731484 1129033
1198661 432711 1705403
2919600 434529 768827
1122611 215580 962451
2884516 1186284 1949507
899410 2164799 2327300
921664 1012524 399860
2080364 1530760 1999238
229838 1554908 1463893
1164623 475593 358386
2567162 784390 186447
1112328 868809 124277
1327994 625149 1608152
2230573 709000 2845629
536700 980915 461608
69174 267260 790542
2198608 1825936 748142
1888165 819434 918414
1597444 1287439 712301
229814 1355509 2159581
2130353 2598086 1853443
618673 967056 1313528
1224555 2007957 821981
72107 1105777 2784001
141898 2188766 1218911
2905098 2305848 2678795
1555986 534515 2391874
2377121 1916681 2809317
651338 1954631 1110135
2974064 2323077 402309
677732 2075178 1391086
2824825 1973481 1166289
424925 348831 1458461
2017160 1983584 1791643
2217594 2200035 746829
860420 1052499 766380
1943936 1712855 2510557
431619 1061316 2480312
911798 398022 1611554
1250467 2892021 750959
1760029 348611 2489054
1986868 2166604 1763495
621670 759970 1957322
2614654 2797555 732941
806794 2189436 1910259
1673301 2404264 1294419
1964009 2575400 2545846
1268003 2253376 1015125
2126060 2092821 234335
1430506 2742771 2665757
2968424 706122 2829907
1490899 41389 857727
1399515 1902557 13905
2105840 563615 2418844
2267249 2779671 787022
1095174 2648771 1488371
1210425 2621921 733413
759118 2455667 2603797
2725741 1197358 1376487
981274 334643 1643166
2301128 885622 812281
1672843 1739918 278259
1940687 1957974 380798
2420584 2875509 1143706
2964619 2803807 2388299
2955903 2056870 2614982
1620874 2707968 393862
2472077 1769247 483289
1030709 877493 517659
893454 237373 1759850
144752 654291 1480037
1999137 1619735 1500664
2688246 786300 222229
2178145 2107501 2477458
2018968 505446 1551384
128936 300714 98598
137838 638443 1258404
954421 499824 1181518
2265789 390771 2213499
1147037 2090771 529737
2225764 2703614 414251
242384 2631246 2678835
811838 388792 2396068
1434616 415311 1381974
2740904 1303046 692439
895562 1205018 867457
121041 1934830 1851507
857648 2846571 215425
515711 1963514 572068
1175250 385271 1418578
2133993 797141 2015410
1365829 1285109 957504
1095226 650558 1398893
2947775 2731653 2001321
201647 2551588 1590738
2108685 1262490 1099946
68879 2424009 519959
199023 925468 521479
2152191 2140416 142863
2488885 1995278 2657502
2168508 1542480 1818339
2408756 2933159 252929
80760 1596600 2004723
2440130 2122811 2077267
1223729 1579229 814763
2757726 1395423 1690596
2459209 236473 2160871
1097221 2969954 1756444
1452417 2204918 1125953
2488058 2828469 779961
896545 2517169 2820268
2559875 2255520 2210965
1596407 1643777 2768861
482691 47410 1672211
1775530 763941 253548
1348831 2219254 1344615
640281 261487 78262
1529255 517247 1904332
1720320 1929951 380466
1842781 789972 493840
1583682 970181 409767
2934170 2006606 1833731
1586402 1972001 1679328
1569118 689851 424338
2078987 899756 2656890
2713760 1771498 2581074
1869615 2689096 2136553
2076169 2204457 2970186
1430223 1200175 1594796
1528651 953083 2964985
367754 1481313 2785705
2207979 2440346 2109767
2248658 2639471 2421604
337454 2229925 256857
1520604 547525 875455
1630073 1927335 1615953
1042381 2574158 425671
2439979 2814650 1210700
1599195 2695788 2288780
2912638 191563 1236342
949162 1457037 1624946
300236 814206 27244
1706975 1923410 504877
1822574 2869680 28772
2339098 702006 1556465
1564795 176968 2745736
1838590 2823979 2587787
2115803 281901 435895
1634861 1622161 2822745
1626710 1242493 1751781
1487788 1607621 1462454
1980214 2227400 2325554
1598539 2444367 975946
2661692 1517134 2004198
181960 1384300 2939652
142635 2939723 1322882
1432445 1908366 2335113
1372504 2949305 2314354
1495788 1018845 686647
1783483 1251911 2698060
961619 202314 2180038
2609893 1894895 2707778
194974 2046234 536180
23542 1776896 52787
1950402 1895702 2624611
2779172 117727 1244681
346091 2747295 5136
1921798 1949314 2944271
709709 1798921 773641
2676568 1023715 2199343
2846360 199690 1567984
604255 1948329 942507
2107475 177232 1384517
325127 1892174 1731244
1011771 2150731 52230
1542013 1211039 1139164
478961 225259 1134746
2774112 288050 1985814
2582641 614765 2554544
2238511 2924286 1472192
1679788 2686942 2201669
1160552 960436 916069
2878440 1779 632322
2738336 1630035 1665852
1327755 916962 1170671
1676331 2699875 1461503
175231 2260719 2002982
1928220 2252700 1345137
2638553 1064141 437135
2667891 1494779 1908967
1491771 2673586 1995508
2688413 1964682 158083
1046614 832248 408363
1472155 894926 77161
1339720 1499072 18157
39028 2493807 985256
2931225 603904 1663715
284713 2545045 1767030
819454 285657 1309577
2343650 1617258 553346
915525 2036856 2418224
1736102 669015 2685101
2787798 2643980 1285710
2377240 2569668 2835359
109681 705305 2653202
1534796 2178436 2902407
2748729 732493 2164906
2674087 2380010 660778
393763 2403031 1626217
814974 10548 594233
824915 1722002 262686
1683772 2242965 2078661
834229 1537673 2635698
1572667 2393083 292031
543359 630149 1895257
9862 2947799 1187678
2341929 489781 90869
598060 1577988 1912417
2768613 2661789 1771801
2966866 951219 1908382
1281920 180940 505193
406639 1457421 2646810
427310 6410 378875
2974763 654665 1368638
64095 1208969 243008
2872842 820142 843919
1117654 1334035 2488711
1936030 300138 1114607
292884 508452 189627
155255 1245501 2895923
693925 560758 84795
2784293 2479470 1453034
2298417 701939 1574671
573574 1047191 801326
2723683 1149005 1515622
254278 1219309 1057106
190778 1921316 1172624
2470605 1398836 892743
1944906 48776 1406730
2858908 2546120 2137002
2157372 1606674 2391874
2048086 2904610 1366757
1386327 1796465 1137407
1098824 909370 139006
1160338 477768 2198369
2073339 1259100 1050646
1513475 1147044 1323448
965163 2192807 1239992
627009 1705399 221442
375918 1804253 2652577
1320358 113426 1956140
1143715 135043 2748785
2946767 1143452 2797149
2374227 1630608 1831288
1861550 2570215 2793176
649527 577101 963801
1767047 1498418 1437476
631447 1000215 2591854
2479354 584951 2212520
1079886 2719796 2363607
426718 2491279 2005763
1372012 1052582 1980373
2394324 472797 1501188
1303784 709089 2463288
1876613 829122 2026235
1357218 1088947 1052432
2245088 1101659 2454202
1349123 2750577 1105923
964905 1798778 2090711
459508 244734 2534387
1965563 2430689 513024
2585297 297311 2761504
2507534 2259119 2073996
2080784 354319 2853382
1762153 988279 2060363
2647723 1951322 176656
1410334 1933550 613069
1363125 1179572 1104458
1981197 2489796 1576744
2441656 367730 1317097
2251405 2910569 655938
921101 809649 55215
961810 2164238 9062
2340583 903715 1675919
2653309 1135761 927468
2271870 2015791 2695845
2564075 2376819 123208
156226 40044 798957
1659651 112263 2006566
988268 2024183 2233972
892839 1128913 2289520
2720692 2110709 1619133
2857189 2364619 98462
2763797 2922017 598856
2426198 907550 141275
2426390 257230 2681871
1485598 1971784 1782389
1919829 400873 2898179
2516696 2795929 1258118
1370394 1902729 2783443
866452 1272532 1075636
58959 532399 2082060
2949250 2556026 2600932
2499454 2034974 2004816
2952390 938989 461810
636568 661743 2024839
2954033 2478578 2899890
2143871 2263809 2951306
1042996 2715412 31495
1674249 1665436 593128
2829016 1994074 1646439
1988052 1007965 293203
1211237 136194 588647
456384 1345619 2684280
2765753 2453904 2489194
2708802 1360269 2287702
2117399 1284205 240790
2101703 1702223 1903020
1304106 407598 495416
955125 890587 1386112
2356115 61072 1932469
2268549 1839371 753194
190036 1700952 1180138
2967763 1849192 1444143
202096 1943489 1656876
384509 2472656 1581307
2426876 2153527 2249471
2543170 2184658 248363
2699068 2104377 2264462
712814 2924852 84960
2821040 718315 469060
2608280 2044955 746585
568130 615066 2083749
31614 902013 2282292
1649676 1055545 2133443
2687140 1204009 1246746
2619053 1742357 1549125
2107511 453264 2849047
2619258 2627982 340407
2425974 2241518 852672
1039796 2534336 2360303
2368442 2084491 1674690
2515390 1702555 303986
2545651 1534934 524077
1283707 2389871 2754306
375001 1118178 1943229
642902 1089307 2507323
789639 2618801 1401103
1948824 2314407 1807983
1618809 865091 577825
1430642 1968628 2947808
2773389 2733153 130687
870773 178604 2347344
731135 2252766 2840984
44838 554603 1214142
1162845 1471560 1993175
650442 1863256 2631656
2605062 1180422 79570
950317 1899476 1957266
2664296 2827538 729348
439805 2277560 596186
651380 682586 2197069
1287135 1819884 1857202
2613347 868574 922638
2629198 1401335 194560
1386662 2904531 1521416
228663 1931833 1344574
1714442 1224089 2799920
1347988 141499 1047930
1498323 905205 2499421
35122 819472 1270536
106697 2577911 1130343
1877728 626907 912555
1476405 2555863 453678
1781971 473779 2005436
59946 2147884 1620014
320677 1651604 176749
1868875 2568275 842311
2777963 922219 1159939
2502719 1513995 1728933
985554 2274272 488919
127974 466846 2786206
1053518 1386707 2408265
2464286 2225300 1588520
514547 1207186 911508
487932 2429037 2378699
2573923 667331 2066312
358151 2450857 2447707
85941 27531 2019589
2314439 2077923 277838
625013 2301282 1982533
569012 132337 818334
1515974 611093 1072806
2188344 1916121 1181437
2941393 1975194 2545706
1331048 2589861 609994
2710927 2659780 1861002
2159242 2011063 2587233
2877931 504367 1465637
310632 1996623 2928105
2797104 2620324 1789265
27583 477562 338028
2079418 2115817 2693543
1480711 60981 2321933
1107025 2918826 2934228
1365088 1701263 2539382
1806212 847738 2955409
2370592 1414345 1852200
2365151 1760008 1185571
131459 1740135 1362172
1433201 1795327 2462798
556768 1873577 2097149
53819 426454 196071
176214 2663111 2781727
1117211 495102 2245602
106517 1367077 108136
544411 2167063 1769018
2072676 1601154 2430594
2381244 2382456 348533
2959286 2118414 15457
2194992 987506 1157310
985073 583321 1687155
2377967 1464007 575304
603498 1018700 1846713
316408 2668048 460054
979617 2462072 2894155
698223 548659 1686640
2547590 1307470 1020597
2666080 2335986 39253
371810 909482 852420
1447522 1641372 2154594
2946560 2849567 2393770
1948626 461893 1439634
675703 2516093 226524
2610932 1960138 2340824
1629029 62796 2722758
1564744 148228 916408
2040929 331154 1391018
925472 2903289 2197624
1215985 79130 1693631
2411060 2820547 1356248
1816758 1198667 797326
2936838 2969549 10299
1556064 2203453 234914
1504817 389910 1116471
328387 1697697 640481
789606 18065 2677836
1783031 2974960 699410
1743735 1716023 1783694
2389889 1744177 1023017
1232641 1162573 2254362
686728 1125554 913244
1966604 1044773 2669309
2750228 1925673 877676
1217344 1472530 2760760
598113 1502042 215396
371683 2968436 161373
1127957 2173523 1519481
608066 285836 1939207
1275044 316288 447133
762957 1758256 921886
212084 982856 1996651
1887761 1120955 1829778
2825655 1727344 2498122
690821 1003636 354946
704338 2259554 2911437
137577 1105483 314929
286751 2692164 1879795
957649 762796 2941677
184844 876617 2585689
2030942 2103300 1996351
1398507 787557 319545
1877347 305087 1177466
2293734 1713599 1811154
94678 878372 63475
1860975 452176 1514154
2564332 1679488 422317
754042 149621 33861
580391 606899 1487837
1985352 1322051 2449733
2776545 1847593 2544067
537605 1045342 2195738
684412 2103316 2159013
2460795 2468204 2288283
2684317 1649658 2181375
864488 2082421 2935028
2025166 1911515 1196916
2216023 1053415 37038
1430400 1063106 2015066
1394253 2047045 1751166
2153729 2182779 1020332
2558314 826434 335894
956488 2620028 811812
1147688 1035580 2531542
690969 2915807 1334815
56224 2977027 918150
23954 1388390 528355
2879295 2546466 2278213
1154372 2708071 1568802
2457056 1034779 1256742
1366895 2542096 1911942
749717 1458400 1199686
1164579 2022205 509796
91506 2600789 2017029
412681 1982515 2031809
2950 828221 2261863
11782 1560690 253741
2906096 1167359 51835
231508 2687650 346157
701755 2293527 1878606
1603737 2314548 1716260
2850895 2134379 359286
2236060 1177586 2217872
778571 889123 447372
1814040 856502 2964347
841331 1997127 544549
2041792 1238901 8766
369493 2852808 435959
379940 2186705 2520532
184466 1746626 619332
313678 2665976 594817
2654189 2779100 287350
318643 513170 234473
710359 594049 1733892
2792502 2753446 182251
38593 1937369 215743
1794549 423903 1766061
331210 1615390 2954914
1021623 1571390 1556268
1035825 2676505 1349713
2920211 1267795 694104
1963119 2501366 1319859
1859403 2843633 2056658
1838621 2027417 797655
2515272 2145592 1949611
336690 1748106 1932806
556460 2273260 28731
822399 1862201 1929480
743792 129757 1365894
2691816 833109 1087190
2078782 272697 1135643
537509 2411204 1019540
47996 935370 1881378
1625728 145609 736877
