145
14307 12759 11237
1381 4063 7480
11862 12394 7840
8417 9536 8508
14561 10002 1974
5421 7783 1842
14680 13308 3870
5990 11270 7256
8031 8292 1299
6765 11673 15001
2859 12200 10284
5222 2326 5794
14932 13172 12768
11739 3957 14156
8335 9288 6008
832 11449 14339
11818 5401 5983
3756 2927 4499
7360 2397 8835
4116 3914 6355
162 15207 12128
11791 6686 14572
9631 4509 11754
13175 5140 12574
13295 9991 4485
6942 13444 580
8977 5756 2721
6309 6398 14964
12822 14530 2658
4720 14559 13053
12235 6812 10549
12285 6569 984
4458 2029 13378
854 458 4496
6743 13425 13230
10604 12798 6526
9210 15492 12297
9781 13264 6108
9797 13678 11086
3491 12006 5448
12638 8774 6596
11113 12905 13488
2555 7907 12844
14603 5980 5723
13445 4762 2801
5958 2225 11958
7385 991 15123
11539 7216 3492
8844 12584 28
7416 8203 8779
12219 6834 11292
8887 11372 5992
5653 8388 13512
13355 6461 7573
9435 4827 10051
9003 15188 3506
4405 15590 5385
3267 10012 2516
15198 1826 1746
4271 12596 13895
4349 12801 5196
8235 7862 8218
15125 13970 6771
15446 8039 11727
6450 15296 4885
6321 1192 9368
8605 1554 6925
7676 7268 15195
14792 14158 8153
11471 13409 239
11484 12340 13273
2452 13397 10200
11631 2736 11366
1153 1662 7691
6868 11338 6647
11513 5855 14498
920 11760 12723
3082 9359 1252
4670 13086 13618
10904 7482 5807
4801 6817 9424
5289 886 413
2839 6589 11706
784 10735 7401
12459 4136 13992
5210 1763 13512
5995 13711 9209
2201 12820 1477
3972 6805 2769
10201 10574 13817
6388 12157 7157
8522 5632 10675
8227 3394 13908
11900 1419 3658
4062 2189 15205
15345 6430 14404
4853 6800 6516
6239 11803 7599
9514 1739 6379
12834 8021 3308
13838 8209 14826
5136 6452 12769
15560 9864 14303
270 8771 4771
4648 14836 14950
6791 14882 14732
11555 4814 4241
7640 10673 8298
4436 13961 7965
10194 6630 13399
7433 12839 5246
3046 4569 10011
5048 13707 14042
11616 3266 10960
7345 2951 7322
6910 11739 13327
4879 4189 7961
13853 12809 3238
704 12663 12149
10173 4265 10823
8928 2289 8940
2646 2933 14599
3194 6389 4898
4744 11536 685
11235 3951 9085
9568 4622 3080
13741 8938 10269
345 6267 13688
8316 7738 967
11243 10876 11610
15532 8752 3792
14054 6883 11989
8554 2230 2878
14500 3660 12123
7698 4708 4636
3267 5746 4661
10578 11357 13409
14976 10500 3215
11402 8013 6509
9528 13694 6951
4249 5130 2229
2069 11753 10271
2889 12716 5615
2908 5328 4840
9884 6797 6499
