100
624 3862 3260
1131 399 3805
977 726 3449
1327 234 3457
1299 1718 2811
1406 3082 2513
3721 1266 2300
3995 1969 1330
3934 2014 1025
1397 1263 3768
2782 1086 3381
114 4000 449
2093 3015 706
269 3231 3383
414 580 97
2074 2854 1906
3891 1640 1068
206 484 1834
2084 3756 3573
1587 2110 2296
2813 2904 1222
4086 118 749
1353 17 3358
3106 4090 2687
1906 3856 218
503 1326 2052
3781 4053 2801
3496 3739 2485
956 1472 2194
658 2323 3406
91 4072 2884
852 1722 3548
2733 1884 675
273 2331 3023
282 369 1709
3692 1823 3721
2735 625 155
1324 1597 2606
2774 738 1697
83 1513 3567
445 1848 679
1143 3931 2649
2136 2152 725
3779 1126 1732
1256 1648 1926
38 1635 37
3214 210 362
4060 3506 3024
2112 3980 1237
2489 598 3976
2912 2139 2996
1441 1067 2857
3910 2034 959
2692 3906 3826
1857 1651 1478
949 886 371
988 2390 302
1435 1958 2059
795 2408 1366
3081 2803 3350
2932 2871 1929
2220 3915 1619
28 1426 2465
1608 3085 1659
3027 2081 1558
3823 1517 686
1709 2308 783
399 573 3770
972 3551 54
1895 3775 2575
395 150 732
2187 1066 2043
2508 3832 2272
839 1886 1517
3643 2218 1940
3047 7 1295
1502 3289 786
3780 2826 1827
806 1335 1626
3195 3494 815
3992 2308 2091
2636 376 3468
2997 492 2469
1441 135 867
3819 3014 3879
178 552 3287
1029 1134 173
458 978 2696
2356 1490 771
1492 1616 3059
1277 1400 3130
2694 825 129
1525 1975 2196
3460 3726 3958
1273 3550 2798
3545 1225 2961
1896 2571 3238
2078 1087 754
2580 2459 151
2880 2741 2036
