40
19 16
6 4 7 10 18 9 16 12 14 17 2 19 5 8 15 11 
6 5 5 12 12 17 1 12 12 3 1 18 1 13 2 19 6 14
24 4
2 8 21 19 
19 24 19 24 17 19 1 19 17 3 19 8 19 8 23 5 12 1 8 5 1 8 1
7 6
7 2 3 4 1 5 
5 1 1 1 4 1
44 28
10 44 11 27 18 6 43 1 13 20 29 26 35 28 39 2 36 31 40 3 37 22 42 5 23 16 33 30 
9 39 35 20 17 38 14 18 6 22 25 20 23 43 44 44 24 1 24 18 23 1 23 43 44 6 11 43 31 44 26 20 44 17 31 44 12 1 35 20 37 24 14
33 4
21 25 17 3 
33 1 1 6 28 4 20 17 28 20 9 33 5 4 32 6 1 28 6 17 16 1 16 16 28 1 1 8 4 14 1 20
68 24
32 67 33 55 15 52 13 12 63 61 10 54 3 40 1 66 34 2 46 9 8 45 59 22 
21 6 22 59 23 41 65 61 23 65 48 1 53 1 40 40 6 21 1 1 2 40 45 11 68 65 33 42 17 32 23 56 21 61 40 33 66 13 1 37 23 55 25 61 41 54 44 27 60 45 2 59 63 65 13 59 43 21 14 63 66 33 28 1 21 21 35
33 12
14 20 8 6 23 4 26 16 33 29 10 27 
21 31 31 32 25 16 24 4 12 27 20 3 28 29 1 27 1 15 31 28 33 28 31 3 31 31 1 1 7 16 3 1
81 80
41 17 67 24 61 14 72 37 34 54 46 9 15 52 76 28 23 60 75 58 26 18 55 44 4 78 27 16 57 77 3 40 19 70 32 42 5 79 59 1 80 36 65 31 63 7 69 10 73 45 49 68 22 21 62 2 81 12 11 47 13 43 53 29 66 39 56 8 35 74 48 20 6 33 50 25 51 30 71 38 
1 76 21 78 77 22 65 1 1 60 22 37 49 73 67 34 49 42 59 1 21 21 34 22 77 41 30 22 77 7 30 3 7 19 37 77 62 42 52 42 1 3 38 77 48 78 32 21 4 41 42 4 10 44 49 22 44 4 32 73 77 49 63 67 4 4 78 38 65 62 15 41 46 59 73 41 49 38 39 31
14 2
12 3 
3 5 13 13 13 1 1 7 11 8 4 1 12
42 4
11 21 15 23 
20 33 5 21 37 23 22 23 2 21 38 28 21 16 19 24 39 1 27 35 28 19 1 7 36 16 1 24 24 26 7 24 25 7 16 19 9 20 1 39 3
80 30
58 34 16 7 37 1 38 27 59 22 36 15 52 47 10 24 54 45 25 62 32 60 18 55 14 49 12 76 67 30 
31 35 20 20 28 29 76 42 1 57 13 21 42 45 57 32 44 53 40 52 7 35 32 56 51 26 18 1 67 34 1 78 3 10 75 44 70 23 3 7 29 47 10 60 40 52 35 66 60 15 32 32 62 7 57 46 23 57 73 15 42 68 73 2 10 19 72 20 52 45 78 24 24 23 22 3 1 70 38
15 6
3 4 13 6 2 9 
6 6 6 1 5 4 5 4 1 7 10 14 5 3
4 2
4 2 
3 1 1
58 22
58 2 40 31 18 19 53 34 17 51 20 11 8 45 28 41 44 42 35 9 50 13 
9 21 57 19 1 55 6 49 1 55 37 48 1 11 19 6 6 40 37 16 1 16 8 49 22 17 9 38 1 12 55 8 40 4 21 1 57 49 8 24 23 7 33 19 55 4 1 47 17 25 49 12 41 1 14 55 38
4 2
3 1 
1 4 1
65 28
14 11 30 4 47 53 42 5 62 15 52 35 36 9 60 58 57 65 28 64 2 39 8 40 3 17 18 55 
15 46 28 34 49 1 31 11 30 1 61 1 62 27 7 14 50 23 14 53 1 11 58 27 54 11 44 5 53 15 1 54 62 46 15 36 5 46 1 13 20 13 13 5 62 26 33 34 34 5 60 13 57 17 8 46 15 47 15 23 1 11 41 61
35 24
14 25 20 26 22 17 35 5 4 23 28 11 24 10 27 8 32 15 3 13 30 9 31 19 
27 19 1 25 31 1 9 4 4 8 5 7 33 1 1 1 21 21 25 1 29 33 23 19 12 1 25 35 21 20 27 29 9 15
75 60
36 49 69 54 1 71 15 45 44 38 46 59 27 72 13 6 51 61 24 18 48 53 73 55 57 20 74 37 47 10 30 67 52 8 62 25 68 31 75 58 32 50 12 17 22 42 5 14 9 19 56 34 60 23 41 4 65 40 29 66 
38 23 56 56 47 71 56 26 72 40 32 31 1 31 32 59 31 32 67 61 64 69 40 41 52 56 5 64 50 8 1 56 44 56 60 44 52 4 41 33 69 19 64 61 58 66 72 26 16 33 1 42 58 31 57 52 51 66 35 56 52 26 63 52 1 52 64 32 51 57 55 35 27 18
59 28
57 37 46 13 34 18 55 53 44 7 27 8 59 15 47 12 6 23 36 39 2 48 3 35 4 41 14 51 
1 17 1 6 57 9 51 50 53 56 17 2 13 24 9 56 47 35 56 17 25 41 26 4 4 38 1 17 10 10 15 35 29 25 14 40 35 6 47 35 50 19 17 22 22 17 13 19 47 53 14 2 42 42 2 25 59 17
71 48
60 67 23 47 46 53 56 45 64 13 29 42 68 31 51 14 55 19 35 52 20 57 44 61 24 10 27 33 70 40 9 6 34 41 38 50 66 36 16 21 58 8 26 54 62 49 32 69 
32 25 25 44 44 28 44 1 59 70 25 25 70 67 70 42 48 10 46 48 1 24 42 38 57 29 1 41 45 21 64 14 56 62 70 39 9 64 38 25 28 41 10 4 67 40 9 61 29 29 44 10 25 18 28 36 64 7 70 48 9 6 9 68 48 38 66 11 53 1
7 2
2 1 
3 1 1 6 3 4
64 8
47 43 9 2 39 5 14 28 
9 50 64 26 38 11 29 50 23 46 18 38 28 28 26 54 57 54 46 15 50 42 26 35 50 43 42 42 3 6 43 26 26 1 58 41 42 22 50 43 1 55 35 44 38 27 57 22 1 12 61 1 57 11 40 42 44 23 56 57 6 53 18
38 22
3 34 12 13 10 4 25 16 26 6 23 36 27 17 31 38 1 18 11 7 22 29 
1 1 28 1 14 22 2 28 32 22 21 10 19 8 38 14 28 11 27 5 34 16 30 19 3 5 37 21 21 19 11 34 1 30 7 3 1
2 2
1 2 
1
72 54
6 69 53 62 14 47 54 39 8 27 57 5 38 11 55 67 24 33 72 35 16 40 20 71 34 46 9 31 68 65 28 44 7 45 66 29 17 64 61 4 41 50 13 60 23 51 21 49 12 1 19 52 43 22 
12 25 25 22 11 11 26 63 38 12 1 72 69 1 32 60 12 5 51 19 12 56 72 41 65 34 71 43 37 19 33 11 41 8 48 43 56 47 11 11 22 5 59 49 22 71 1 28 65 37 21 71 71 5 41 56 37 41 51 48 5 48 57 72 38 49 33 43 65 22 34
13 2
11 3 
9 10 12 1 4 12 1 4 4 5 1 1
69 44
61 37 67 48 54 13 60 51 30 49 12 15 65 28 14 57 20 50 33 19 56 22 69 32 35 17 11 62 16 31 43 55 18 63 26 47 10 5 1 38 58 45 36 3 
20 48 63 34 29 1 4 49 7 1 10 59 61 49 18 49 15 7 58 22 11 67 20 58 58 1 16 49 61 46 69 1 10 43 26 62 26 58 55 68 63 11 58 29 18 42 7 7 54 25 65 15 42 44 17 40 1 54 10 48 7 15 62 10 10 49 60 36
58 36
28 12 49 3 36 46 9 45 2 39 26 56 13 5 42 11 27 55 18 52 41 4 58 21 32 29 25 23 33 6 43 20 44 7 14 30 
8 41 30 30 1 2 1 58 6 1 30 36 11 24 26 58 39 30 9 9 43 8 50 41 56 7 2 48 1 47 22 5 33 22 35 27 41 12 18 6 7 33 11 20 14 14 14 58 10 47 15 6 46 26 41 37 1
31 16
17 19 15 11 13 26 18 1 5 22 10 27 8 25 4 16 
14 30 15 12 16 25 30 1 7 14 3 17 25 8 15 16 5 12 9 19 7 29 6 1 1 12 10 9 1 27
14 6
10 2 7 12 4 13 
10 8 8 9 10 11 11 1 9 1 9 12 12
46 8
12 16 43 42 8 35 1 6 
29 31 1 1 41 12 43 13 2 16 5 40 32 38 24 10 5 38 16 44 3 13 30 22 38 1 41 31 38 38 30 37 38 37 6 29 5 19 1 1 17 37 29 9 29
9 4
9 4 8 7 
1 1 8 1 5 1 3 5
30 12
13 17 19 21 29 12 6 16 7 11 18 26 
1 2 23 27 8 29 28 11 4 10 16 1 11 20 25 19 24 11 19 29 18 1 1 4 21 9 23 4 25
37 34
7 19 1 20 36 28 13 33 6 5 8 24 35 4 17 22 16 37 25 12 29 31 14 34 9 23 18 27 10 21 11 30 2 15 
6 1 1 1 9 13 6 5 28 19 28 26 18 9 30 24 1 17 19 4 5 5 22 8 2 9 8 6 17 24 22 5 37 22 1 24
40 20
32 6 2 12 25 8 13 26 19 36 22 3 37 29 15 33 7 27 28 35 
29 38 25 33 4 33 14 1 9 28 1 16 20 22 9 39 13 9 9 39 33 20 30 1 37 8 20 8 39 28 4 19 20 1 29 8 16 1 39
58 18
16 7 24 19 56 22 1 15 32 34 43 41 4 18 55 46 10 36 
52 40 42 48 52 23 4 55 4 42 30 54 40 52 36 53 4 54 12 56 6 46 21 35 6 30 5 31 1 10 34 16 39 30 47 47 43 4 54 9 30 25 57 47 42 1 1 46 2 29 47 42 47 46 10 5 52
11 4
6 4 3 10 
6 8 3 9 8 1 1 1 8 9
34 24
22 25 32 1 2 3 30 15 28 11 19 18 8 20 10 26 9 5 21 14 31 29 24 7 
31 20 9 31 34 29 29 18 32 1 14 1 24 29 1 9 33 14 11 9 25 33 34 1 7 17 34 34 27 34 33 1 33
112 100
22 97 90 18 58 55 46 86 31 5 3 76 10 104 6 103 92 23 99 84 48 107 63 68 78 1 80 25 8 87 96 17 111 32 33 112 30 109 57 20 11 98 19 24 77 9 88 91 12 51 102 28 64 101 27 106 56 2 81 39 35 72 36 79 42 105 26 66 110 15 94 13 52 70 45 65 7 71 44 21 100 47 59 74 89 43 62 16 95 50 41 82 61 53 38 54 4 83 49 108 
102 85 63 78 85 71 73 34 32 93 13 32 1 1 52 83 11 72 54 22 15 53 65 73 32 12 92 17 12 67 1 50 1 39 14 18 17 12 67 30 93 86 74 9 73 62 47 23 26 14 34 95 46 61 50 26 108 32 83 102 10 91 105 9 52 90 88 61 74 13 34 26 30 91 83 76 39 32 91 39 88 73 102 30 32 79 91 76 1 34 35 95 9 25 72 91 102 52 70 46 32 53 52 53 46 69 72 1 47 54 109
24 4
2 5 7 15 
4 14 21 1 7 1 9 1 14 5 15 10 9 19 21 11 21 5 19 22 7 17 5
