444
28 6
28 15 8 1 12 19 
13 4 25 1 9 18 9 11 1 1 27 27 12 12 27 27 13 5 12 5 28 13 27 8 5 1 27
26 14
7 16 11 15 3 21 12 23 10 5 22 25 2 19 
19 4 1 11 11 15 24 22 1 4 10 1 17 1 21 15 17 1 13 15 1 4 20 22 12
40 22
33 4 19 28 31 38 1 25 8 32 14 21 30 3 40 6 36 5 34 27 7 11 
38 29 7 6 38 35 35 1 39 37 2 38 35 2 6 34 13 21 9 3 1 38 11 13 7 28 1 1 1 26 1 13 6 1 21 29 7 35 19
21 4
9 1 19 6 
1 2 1 8 1 16 14 5 1 2 14 21 1 2 12 18 10 5 4 9
20 16
4 8 7 14 3 12 11 9 17 18 2 19 5 16 10 6 
1 9 9 20 7 1 2 19 2 5 19 20 2 12 9 15 10 1 8
12 4
4 2 1 3 
12 1 6 10 3 1 7 1 6 9 6
21 10
4 8 11 5 17 18 14 20 19 2 
14 12 16 15 1 11 5 6 16 9 1 3 1 2 12 19 12 14 2 15
12 2
3 8 
1 7 7 1 4 1 11 7 1 10 7
8 6
7 2 1 3 4 5 
1 7 1 1 4 6 5
40 8
36 34 6 1 25 8 10 39 
1 36 10 17 35 34 31 1 9 22 5 24 7 9 25 31 9 23 17 15 9 34 36 1 6 4 18 1 10 1 15 1 1 34 33 4 12 40 9
42 22
8 10 27 42 9 7 6 23 20 40 3 31 14 30 41 4 26 36 38 1 32 15 
24 8 20 42 8 1 20 4 30 3 23 28 11 37 8 37 6 1 1 41 30 8 11 36 14 32 8 33 1 37 11 7 14 6 23 4 15 20 23 23 30
49 20
20 11 21 39 22 5 8 6 34 27 10 9 40 3 28 7 13 12 49 18 
46 20 9 30 9 43 34 1 36 38 15 46 18 20 35 43 3 3 1 6 20 22 4 10 22 26 39 33 44 44 7 25 9 20 48 27 17 1 25 34 27 22 1 26 9 31 44 18
17 16
17 11 13 6 2 12 10 15 7 8 5 14 1 16 4 3 
12 17 15 1 14 1 1 10 1 5 13 15 1 1 8 14
43 6
42 32 19 26 1 38 
41 41 23 21 39 38 6 16 16 15 1 38 10 1 1 11 25 42 30 1 21 16 27 32 35 13 2 36 9 30 36 27 30 16 8 32 1 16 9 17 21 22
13 2
10 1 
4 1 5 3 1 3 4 4 3 2 6 11
9 6
9 6 3 7 1 8 
1 1 1 7 3 8 1 4
49 6
40 15 43 8 9 37 
1 28 10 38 40 27 23 26 14 1 1 27 1 1 14 38 14 1 9 48 36 14 31 20 14 14 16 46 5 10 43 28 12 9 43 42 14 43 14 40 27 40 43 26 43 13 26 23
44 28
8 27 12 18 34 11 15 31 40 3 22 17 10 7 44 30 39 2 19 36 35 1 32 21 5 42 41 23 
15 1 22 18 40 9 17 18 3 9 3 42 39 28 20 2 1 10 31 42 30 36 18 1 10 37 1 13 28 22 33 18 42 30 33 31 39 18 42 18 18 29 3
9 4
8 2 6 5 
1 1 1 7 1 1 3 8
2 2
1 2 
1
11 4
5 2 3 10 
1 1 1 4 4 11 3 5 2 6
19 12
19 1 17 6 12 5 8 15 10 3 11 13 
17 15 18 13 13 1 12 1 18 13 1 1 10 16 1 1 6 7
37 10
15 8 10 24 1 35 4 11 19 2 
29 28 24 9 11 2 32 1 5 2 33 19 5 37 18 9 32 1 16 1 7 1 32 11 24 17 17 1 33 14 19 34 9 18 29 29
38 4
15 18 13 9 
5 9 2 10 26 9 35 31 1 15 18 28 33 36 1 1 2 1 13 1 35 21 7 3 31 8 31 16 2 17 14 10 36 16 17 17 23
29 28
7 9 15 27 25 6 10 28 26 20 17 8 13 21 4 3 19 16 23 22 5 11 1 18 14 29 12 24 
9 13 1 8 1 1 18 4 4 14 24 6 19 9 1 1 7 4 15 25 27 6 16 4 2 17 16 21
19 18
4 2 1 18 9 16 3 14 13 17 8 5 10 15 12 19 7 6 
13 2 16 1 8 16 1 6 16 5 14 1 1 13 14 4 11 13
32 6
10 26 14 25 18 9 
26 6 24 8 24 26 1 26 19 22 1 22 1 11 25 7 21 2 5 2 1 21 1 22 22 24 1 24 22 29 18
17 6
1 10 6 12 16 2 
11 12 1 1 1 14 12 1 4 1 13 9 1 12 7 1
49 42
43 38 23 4 16 11 3 40 17 24 41 36 19 2 39 8 45 22 18 35 32 12 44 27 10 31 25 46 9 34 48 33 5 42 26 20 21 37 14 15 29 13 
1 42 36 17 44 31 3 8 41 41 44 15 19 8 33 1 8 42 35 28 48 45 4 13 40 39 12 30 15 44 4 13 31 40 18 42 35 19 12 1 1 34 17 2 34 17 25 14
17 4
8 16 13 6 
12 14 5 1 17 8 13 1 15 14 15 15 16 1 1 12
16 10
6 15 8 2 7 11 1 13 9 16 
4 14 1 15 1 1 15 7 5 9 9 4 8 1 10
22 6
1 19 12 5 4 10 
16 13 1 9 8 1 20 19 1 18 13 1 8 13 15 19 19 7 1 1 13
34 18
17 20 33 22 1 18 24 10 13 30 29 12 11 28 34 3 6 23 
6 7 22 27 9 21 1 21 13 8 22 23 1 23 18 7 7 25 8 14 8 27 21 14 21 21 29 32 32 18 27 9 6
48 2
26 10 
6 45 8 22 1 18 45 11 38 47 21 35 3 11 47 2 2 10 43 2 1 30 2 14 25 28 43 22 24 5 25 47 38 27 24 43 5 9 47 36 36 6 43 28 43 6 45
44 26
15 12 26 14 31 6 18 9 33 16 19 36 35 38 1 42 20 22 23 40 44 7 4 41 24 13 
18 29 24 43 23 1 38 10 27 19 16 44 35 5 43 1 30 22 6 35 43 16 14 28 6 16 16 23 17 3 43 16 33 1 5 14 6 10 12 2 11 1 9
49 2
18 25 
5 1 2 10 10 27 31 44 1 31 20 24 25 22 30 7 20 1 40 12 44 18 10 1 10 10 24 5 7 34 31 42 1 10 26 25 27 31 1 27 3 49 47 4 2 10 40 47
49 28
16 23 27 22 19 10 35 30 26 24 42 8 25 29 36 20 48 11 28 32 12 49 46 9 6 43 34 1 
6 33 6 42 16 28 36 21 35 46 6 40 34 41 24 19 1 35 33 45 46 14 25 18 40 38 25 11 26 18 45 14 41 18 10 46 1 26 18 25 6 8 31 38 41 14 6 10
21 20
7 6 16 4 2 19 15 1 5 10 11 14 17 20 3 9 13 8 21 12 
18 1 15 8 1 3 13 1 13 17 8 3 5 13 5 14 1 14 13 4
15 2
4 9 
12 13 12 12 2 1 12 12 5 9 1 8 4 12
36 22
9 28 32 18 19 24 23 6 35 11 8 36 15 30 4 21 14 31 7 22 29 12 
8 5 34 7 15 31 1 19 14 26 34 26 19 33 10 1 14 8 25 24 9 14 31 2 24 17 12 32 31 18 31 31 1 10 9
5 2
1 5 
4 1 1 3
36 34
6 35 4 36 21 7 20 28 31 11 33 1 10 23 24 2 15 17 19 29 12 27 13 30 34 32 5 22 26 9 18 3 14 16 
6 27 10 26 20 26 26 20 34 1 19 8 28 11 36 19 33 15 32 33 16 8 33 28 11 36 23 36 9 1 11 25 6 27 8
9 8
7 6 1 8 4 9 2 3 
1 2 7 6 2 1 1 7
14 8
6 3 11 5 14 7 2 13 
1 8 1 1 4 14 5 2 4 3 4 14 8
28 26
9 14 5 15 1 26 16 27 11 17 10 13 25 8 4 21 7 24 18 2 20 3 22 23 28 12 
8 1 9 10 3 12 14 25 1 10 27 25 3 25 27 24 7 14 23 25 9 24 27 14 12 1 1
33 24
4 18 27 31 24 26 11 1 3 20 30 13 5 19 2 10 33 6 23 7 29 8 17 21 
16 13 17 15 30 28 16 7 29 6 28 1 1 24 1 6 7 23 7 33 24 15 6 1 17 24 17 1 1 26 17 28
3 2
3 1 
1 1
49 38
6 28 33 34 49 12 32 23 44 7 10 47 48 11 3 40 25 42 5 8 45 13 30 20 17 35 21 26 38 1 36 24 43 15 37 22 31 16 
22 26 8 18 24 17 9 45 38 12 17 8 1 23 8 14 38 47 14 14 49 34 10 4 34 1 49 45 20 27 17 36 10 8 34 13 27 28 24 40 24 35 1 27 7 27 1 35
30 28
17 28 4 21 18 29 25 3 26 2 8 16 7 24 23 6 10 27 22 5 1 13 30 9 11 19 14 20 
12 1 1 29 20 8 25 24 18 20 20 16 26 20 21 4 27 21 1 1 30 6 21 1 1 20 11 20 24
26 14
26 9 3 4 19 2 22 8 15 16 1 18 11 7 
9 2 20 23 11 11 3 16 1 1 11 7 22 23 19 1 9 11 24 26 9 19 17 5 16
44 28
21 9 22 12 11 24 37 18 29 14 19 27 31 26 43 15 32 7 20 13 30 40 23 4 42 8 28 16 
38 29 2 38 8 15 3 27 29 37 44 44 43 38 26 25 27 20 26 4 1 35 8 29 29 17 20 1 17 15 24 17 29 27 7 35 25 20 5 18 35 7 29
17 8
7 11 2 16 15 1 4 17 
10 1 16 12 4 13 11 1 1 12 4 2 2 12 10 4
17 6
12 9 16 7 6 10 
7 5 7 1 12 1 7 1 4 12 17 1 12 4 13 8
15 6
10 3 11 4 13 12 
3 1 1 2 10 2 10 1 2 12 1 6 4 2
18 14
4 14 16 1 13 10 17 8 7 15 3 9 2 5 
4 1 3 13 1 4 13 13 12 3 8 3 12 11 13 1 3
11 6
3 10 6 7 1 4 
3 6 5 6 1 3 6 2 3 10
12 8
3 5 2 9 4 11 10 6 
1 5 1 1 5 1 1 5 5 5 2
41 12
12 22 41 24 20 3 31 36 19 28 38 4 
18 27 12 10 16 24 30 16 11 34 10 2 12 24 24 24 19 1 23 41 41 24 1 39 33 6 38 19 11 9 37 24 16 34 18 21 19 34 19 1
18 10
13 9 15 10 1 8 14 17 3 16 
12 2 1 11 14 1 1 1 15 13 15 1 7 1 1 13 2
44 40
8 38 14 2 27 17 30 13 26 36 16 40 3 25 42 5 21 32 28 11 39 7 44 19 41 4 22 37 18 23 33 20 31 43 24 10 15 9 1 34 
8 11 32 8 33 43 43 4 15 23 22 32 34 34 32 16 16 34 25 36 44 1 4 8 36 43 36 7 13 26 33 8 36 5 43 29 24 8 8 5 28 1 29
15 8
13 3 7 15 1 12 5 9 
9 11 1 9 3 9 1 1 9 1 2 1 10 4
9 8
9 2 3 5 4 6 1 8 
6 1 5 1 5 6 3 1
49 10
35 15 30 2 3 37 44 8 25 41 
39 12 7 19 42 29 12 14 27 26 1 2 20 9 11 8 34 41 34 3 26 26 28 17 1 41 19 17 6 19 29 28 19 25 42 25 29 8 39 8 34 37 41 11 20 15 37 14
38 8
38 4 34 23 6 5 22 28 
21 11 30 35 10 31 35 32 30 38 8 38 3 36 1 18 21 34 12 1 18 5 16 10 16 8 17 33 19 13 11 7 26 26 5 7 35
8 2
1 5 
6 4 6 4 1 3 6
25 22
1 21 11 14 15 13 4 7 24 23 6 5 22 3 20 19 2 16 17 12 10 9 
1 12 13 9 17 23 14 22 5 23 1 14 1 11 1 1 14 2 1 1 12 12 9 22
19 18
9 2 14 7 17 3 12 19 11 8 15 18 1 16 4 13 10 6 
5 17 19 1 14 12 4 19 1 1 19 12 18 3 12 5 19 1
43 28
10 41 17 21 36 16 8 12 2 13 24 34 37 3 20 15 32 11 28 14 6 27 22 5 9 38 29 30 
11 28 28 22 2 38 22 1 27 22 1 1 41 20 23 4 15 20 41 19 19 20 15 15 36 3 9 19 22 42 15 29 38 40 1 11 22 26 3 1 8 41
8 2
6 3 
5 5 5 7 7 1 5
27 4
22 8 12 3 
15 17 11 25 26 10 10 3 17 25 17 1 5 3 11 1 13 26 1 11 1 17 13 3 25 7
10 6
9 10 8 1 7 4 
10 10 9 1 5 2 10 7 1
27 10
22 21 14 8 13 12 9 17 27 10 
22 2 22 23 10 17 18 1 4 23 5 6 22 25 9 1 24 22 10 7 1 4 15 1 24 19
37 6
29 22 28 14 2 16 
4 21 33 28 10 13 25 29 21 10 11 33 25 2 10 36 3 31 33 30 30 35 22 3 30 30 30 36 37 6 10 35 2 21 21 1
36 10
12 30 16 3 20 27 8 25 7 26 
4 28 18 17 5 13 30 17 18 14 9 29 36 17 32 1 30 32 8 36 24 32 36 36 24 12 21 1 17 25 29 36 19 5 29
18 16
10 6 12 14 9 3 4 7 11 2 17 16 5 8 1 15 
5 16 18 1 12 5 17 7 12 18 4 15 15 18 9 12 5
3 2
1 2 
3 1
29 20
28 8 6 9 14 15 1 29 12 23 16 27 10 20 2 22 13 26 21 24 
29 13 13 25 24 17 3 12 13 13 14 1 27 3 1 24 2 15 25 10 11 9 11 19 24 1 24 14
29 4
16 12 17 20 
5 5 29 29 17 25 6 1 14 17 13 5 29 1 15 15 27 17 14 17 8 29 26 29 27 17 5 16
17 2
10 7 
15 15 15 1 16 10 11 13 13 1 11 11 11 1 11 12
29 2
15 25 
1 15 21 10 5 19 21 1 1 21 18 2 10 21 21 21 1 8 21 10 1 15 14 10 5 11 2 28
12 2
10 9 
3 9 8 9 11 1 11 6 11 1 1
23 18
7 22 9 4 18 1 15 5 16 11 14 3 20 2 19 12 8 6 
20 13 1 16 5 13 3 16 3 1 1 1 20 3 13 13 3 1 8 13 7 19
29 12
28 12 2 19 6 3 20 18 22 5 26 15 
1 1 5 20 3 5 9 21 1 2 1 1 2 1 11 26 9 10 10 28 4 22 6 16 12 11 3 8
41 22
31 36 35 26 21 10 27 22 16 9 14 3 40 23 18 1 17 34 28 19 37 30 
1 32 36 1 1 17 5 16 35 24 26 5 12 17 26 36 9 32 36 41 8 34 7 2 33 20 3 11 12 33 31 36 33 24 1 3 30 32 36 20
34 30
24 11 16 32 30 21 4 12 2 6 25 23 27 1 13 17 34 10 9 8 29 20 31 14 7 22 5 33 15 28 
32 33 30 16 29 13 12 18 15 34 16 25 2 34 1 4 5 33 34 17 33 16 1 12 33 25 1 16 1 16 29 5 1
39 12
3 1 35 14 28 33 21 9 6 27 29 36 
20 29 38 24 22 33 28 32 2 15 10 2 39 36 36 24 1 16 1 18 20 24 2 29 22 13 20 36 37 10 33 1 39 25 2 19 5 33
47 34
18 27 31 5 41 4 36 16 7 2 39 11 23 29 26 25 12 40 3 37 1 38 21 46 9 43 10 32 34 45 8 22 35 24 
12 1 3 16 12 13 1 45 22 15 28 28 11 16 3 34 44 3 34 38 19 20 3 37 4 4 1 24 35 19 28 6 19 3 26 20 2 6 47 19 12 3 30 35 1 19
29 8
18 16 11 5 22 15 21 13 
1 5 22 22 22 23 22 1 19 12 23 28 25 5 6 15 7 25 3 3 1 1 12 1 11 23 24 25
14 6
6 5 2 10 3 8 
9 9 12 3 3 2 12 1 12 4 9 1 12
24 16
5 24 6 12 14 11 8 16 13 21 17 20 3 2 19 1 
22 17 1 7 24 6 21 19 8 24 1 10 2 21 24 1 19 15 8 1 21 10 21
38 32
37 6 33 14 17 26 36 10 16 27 13 35 2 24 7 19 4 21 32 8 25 34 31 3 20 30 11 28 38 1 23 12 
28 28 32 12 38 28 25 1 17 9 13 1 25 12 19 13 14 14 15 13 23 30 21 1 12 16 8 12 19 16 14 30 24 36 23 2 30
23 8
18 19 23 13 21 22 11 17 
1 1 2 2 7 22 3 14 7 7 10 4 5 21 14 20 10 22 5 2 13 4
43 30
21 14 28 23 13 39 40 3 20 35 12 1 22 34 27 10 29 42 25 8 9 6 43 31 33 16 7 30 19 36 
31 39 33 34 23 8 11 34 39 5 34 28 29 6 34 4 6 28 21 23 32 1 34 38 37 14 34 36 28 17 7 6 1 34 42 43 19 20 18 5 37 34
48 40
47 31 11 34 12 39 2 22 8 45 21 4 41 28 32 16 33 40 3 6 43 20 7 19 36 1 38 5 24 23 37 25 48 26 13 30 46 9 17 10 
1 17 24 27 18 17 20 15 38 41 2 28 45 24 15 18 1 37 7 35 1 2 2 41 44 22 18 44 48 22 22 28 15 45 31 13 22 36 6 40 21 46 6 18 45 11 6
17 12
11 7 1 17 8 16 2 15 3 14 6 13 
1 12 7 7 1 1 4 2 7 12 10 7 9 5 4 12
45 22
13 4 14 21 33 32 12 29 45 28 34 7 20 22 5 9 26 23 40 18 38 1 
1 39 19 36 37 21 21 1 11 7 31 37 38 2 36 3 30 29 16 9 38 36 21 22 2 36 24 21 1 44 1 22 29 43 13 1 40 40 13 15 27 29 16 22
21 4
17 14 13 15 
1 10 19 20 4 1 1 10 1 12 9 17 2 11 4 2 2 3 19 18
34 24
6 9 26 12 19 31 24 7 28 15 32 10 3 20 23 16 1 18 34 17 4 8 2 22 
1 26 26 1 32 5 24 29 15 32 29 6 15 26 3 32 13 27 8 32 15 30 28 30 1 4 5 26 32 11 1 26 30
12 2
4 7 
5 6 5 1 1 8 5 11 9 5 5
38 24
30 3 16 35 24 12 13 29 19 4 28 11 14 31 9 26 22 27 17 34 33 38 1 15 
18 10 27 1 32 17 31 23 31 34 31 28 21 32 25 1 1 17 2 17 8 8 35 11 17 11 31 15 21 18 19 32 2 1 9 17 21
28 2
28 3 
6 24 8 1 8 24 18 26 15 27 13 25 18 14 14 15 24 11 16 19 19 24 1 1 8 24 19
15 2
4 3 
7 9 9 1 9 6 14 1 2 1 5 4 1 8
41 16
5 14 4 10 29 12 28 33 26 18 1 40 23 19 2 24 
26 4 40 23 32 15 17 23 17 15 7 18 17 28 14 28 25 32 29 14 15 1 40 28 33 21 23 32 40 22 25 6 33 25 39 5 22 14 25 9
3 2
3 2 
1 1
41 12
29 19 28 25 31 10 18 30 3 37 39 5 
21 1 27 24 23 29 36 21 1 33 36 34 32 27 2 37 39 41 30 26 29 33 28 10 27 25 10 1 36 29 18 10 23 32 22 18 1 10 8 33
48 28
25 44 10 8 18 6 32 4 19 22 2 39 5 21 1 38 16 23 27 20 3 37 26 31 11 48 28 35 
42 1 41 20 32 13 30 7 47 1 47 41 47 12 15 15 12 5 1 1 3 24 12 16 36 2 9 32 48 42 20 46 46 14 33 40 34 11 34 1 1 5 46 14 47 1 12
38 12
22 32 15 8 33 37 11 24 12 29 27 21 
16 28 32 1 20 18 13 28 6 12 24 17 28 18 31 34 31 35 17 24 37 31 37 34 3 30 22 30 35 35 24 37 22 22 22 1 14
37 24
3 37 14 31 24 5 28 29 34 2 36 32 15 33 16 7 21 4 22 35 26 23 13 27 
24 9 24 7 33 19 36 1 16 14 32 35 7 29 22 1 14 3 19 32 33 4 30 19 1 13 4 26 3 20 26 27 32 1 33 4
33 14
4 11 23 8 24 15 32 1 18 26 29 12 16 33 
28 25 12 9 7 9 9 1 29 23 18 10 9 9 1 28 20 1 5 20 16 28 1 20 5 28 7 33 14 27 1 1
6 2
6 5 
5 6 1 1 4
12 6
3 11 6 7 2 9 
8 1 2 11 10 8 1 10 1 1 8
4 2
4 2 
1 1 3
11 4
1 8 2 11 
9 10 1 1 1 1 6 5 9 5
5 4
1 2 4 5 
3 5 5 1
18 6
14 5 8 4 17 6 
11 7 10 7 13 1 3 18 3 12 7 1 7 1 1 7 1
15 12
1 14 7 8 3 6 10 13 12 5 11 2 
1 2 8 3 1 1 3 2 14 9 11 3 3 1
8 4
3 6 5 4 
1 6 1 1 8 8 1
2 2
2 1 
1
44 18
15 37 36 3 20 43 11 18 2 39 22 5 8 34 38 31 16 13 
31 7 1 6 36 41 42 42 27 24 14 15 24 40 24 28 14 31 31 19 7 17 1 13 17 3 43 11 38 1 13 40 1 43 42 10 15 24 1 1 43 7 24
16 2
5 11 
14 2 1 9 4 14 4 4 11 2 6 11 4 14 7
23 10
11 8 16 15 3 17 10 19 7 9 
1 1 3 12 1 10 22 19 19 3 1 1 6 21 19 20 11 13 4 22 13 16
13 4
1 10 6 4 
6 11 12 9 1 11 3 1 6 9 9 9
30 8
7 17 10 14 16 6 23 1 
22 21 21 7 4 9 13 4 27 9 1 20 16 13 1 4 21 22 30 1 21 16 9 4 7 20 29 3 4
29 28
14 21 29 4 6 28 7 3 10 19 17 16 5 22 20 18 1 11 2 23 26 9 24 25 8 12 27 13 
4 23 16 6 1 25 16 14 1 23 1 5 1 13 6 11 17 22 27 26 27 24 1 27 13 29 22 16
20 18
10 20 7 12 11 18 1 8 3 16 17 13 19 15 9 6 4 5 
1 14 11 11 1 15 7 1 9 15 11 1 11 13 9 6 5 13 15
37 10
33 29 35 2 3 31 27 13 8 25 
21 16 15 34 31 16 31 24 28 12 23 21 28 37 21 1 3 28 1 1 1 31 37 29 29 17 37 1 15 29 37 3 8 17 13 29
43 20
7 6 4 32 22 5 20 37 17 36 39 2 23 38 1 10 14 31 30 33 
33 12 16 15 43 42 31 1 1 3 13 1 33 31 15 8 38 26 16 7 42 16 23 41 13 32 26 31 39 1 9 42 33 13 41 21 31 1 3 9 13 35
41 10
30 14 20 26 40 8 19 36 38 21 
17 10 29 18 1 31 28 11 25 6 4 21 34 31 38 1 29 29 15 22 31 2 20 2 40 41 22 33 19 33 31 1 41 32 38 17 10 19 5 29
3 2
3 2 
1 2
14 6
9 1 6 4 5 12 
9 12 11 1 14 12 3 13 13 8 1 1 7
11 2
3 10 
6 5 10 1 1 10 9 3 1 10
9 2
2 1 
7 9 1 2 1 1 1 7
36 2
9 16 
10 31 16 10 17 22 34 22 28 28 30 22 5 10 9 28 30 15 2 24 1 17 7 35 1 5 1 17 13 22 18 21 31 26 2
48 26
24 47 31 32 41 48 45 37 15 6 23 14 16 33 7 44 18 1 22 2 34 5 42 28 13 12 
46 24 31 18 30 11 1 30 27 15 6 2 38 2 13 15 15 2 27 27 4 32 33 14 20 46 34 46 1 33 46 1 45 19 16 8 11 2 27 1 9 29 26 18 1 46 38
10 4
6 1 4 2 
9 10 3 10 10 10 5 10 1
42 10
10 14 20 13 33 12 29 5 39 9 
1 13 41 11 11 6 6 8 34 41 38 2 25 31 38 1 17 23 28 41 14 1 6 38 34 35 17 7 37 6 8 41 41 12 38 6 1 8 5 1 7
34 8
29 20 25 32 13 27 2 19 
28 27 27 11 31 25 24 23 8 24 9 20 24 20 27 23 19 34 22 27 1 16 27 27 31 1 22 16 1 27 12 24 8
32 6
27 22 11 30 9 19 
17 13 28 31 22 32 31 13 21 15 26 1 21 31 27 1 11 26 23 22 28 1 15 31 13 23 17 32 22 32 13
33 10
3 21 12 14 15 1 5 13 9 23 
15 12 1 6 29 29 1 29 17 27 27 28 25 23 6 29 17 4 9 19 12 14 1 1 3 25 29 4 25 18 16 9
42 18
36 5 28 11 24 7 23 40 20 18 1 35 25 26 31 10 12 33 
19 8 8 1 33 10 31 17 22 21 34 23 28 1 30 5 26 31 8 10 1 1 21 11 31 3 41 6 1 1 4 5 26 9 41 21 8 16 42 16 31
45 30
15 12 28 3 40 26 45 10 18 32 13 24 33 16 4 19 7 44 38 1 35 11 2 39 42 5 9 23 37 25 
41 20 16 20 43 24 19 8 36 22 44 6 44 42 15 32 43 20 36 42 16 27 16 11 2 32 22 24 34 18 20 28 42 8 34 3 34 4 34 1 1 41 2 37
38 18
10 21 33 16 24 7 27 4 38 18 35 31 32 15 22 8 37 13 
10 21 33 35 1 30 19 26 12 29 1 7 2 29 35 2 10 26 1 29 38 32 12 33 10 33 34 12 5 14 29 2 11 18 10 4 10
12 6
8 6 10 3 12 5 
3 7 1 9 1 1 2 12 4 7 7
45 4
11 29 16 5 
22 40 25 13 12 5 9 28 29 30 1 1 25 38 29 29 28 1 43 17 1 19 12 26 1 22 1 28 32 19 34 39 22 20 40 41 45 26 9 24 17 22 45 28
46 22
27 45 25 29 31 11 7 41 20 40 3 38 21 17 34 42 5 39 23 26 9 18 
23 19 44 42 28 34 12 3 23 41 1 19 6 3 42 18 1 18 36 19 35 18 30 13 35 42 18 19 19 18 2 19 2 3 1 21 3 36 1 40 34 45 1 30 7
15 4
6 14 8 5 
10 1 9 7 9 10 1 1 9 3 2 1 6 6
16 12
14 3 7 4 2 16 9 15 8 1 10 5 
7 1 13 3 9 9 10 3 5 3 13 1 1 16 14
32 20
15 1 18 5 32 9 26 2 19 13 14 31 21 4 7 6 10 8 12 22 
13 11 12 29 10 8 12 26 25 10 31 3 9 6 25 25 15 21 19 24 18 32 26 1 1 12 1 24 19 26 31
23 8
17 23 7 21 13 20 5 12 
13 11 11 10 22 18 1 5 21 1 17 15 11 20 1 1 1 22 1 17 1 1
47 12
23 22 10 44 4 1 31 25 29 46 12 7 
36 36 41 24 29 41 22 14 1 13 15 15 25 16 19 20 33 25 27 18 26 16 1 1 7 19 11 16 41 35 15 13 18 13 1 25 37 13 27 17 36 3 47 1 6 1
5 2
3 1 
4 4 1 3
5 4
1 3 2 5 
3 1 2 1
14 12
6 11 13 3 2 4 1 8 5 12 9 10 
3 1 12 1 3 10 1 8 3 8 11 7 6
16 2
5 14 
6 15 5 15 16 15 14 12 15 12 7 15 1 14 7
8 2
4 7 
1 6 1 6 7 4 2
25 20
21 9 25 17 2 19 24 22 8 1 12 13 14 6 23 11 10 16 3 20 
1 14 18 16 16 4 14 10 1 8 1 3 4 25 25 9 1 16 6 16 1 20 20 18
2 2
2 1 
1
2 2
2 1 
1
36 14
20 27 10 9 4 25 1 12 7 28 34 2 36 23 
26 6 2 1 2 14 23 8 12 8 16 26 21 33 32 4 10 33 33 29 12 34 6 32 1 23 11 1 32 12 29 16 29 34 21
4 4
1 2 4 3 
1 1 2
21 20
13 14 16 15 8 19 2 6 10 9 21 4 17 12 5 3 20 7 18 1 
19 12 1 21 1 1 7 7 4 7 19 14 7 14 1 19 9 6 9 1
28 14
18 13 27 8 20 9 26 24 5 22 15 14 12 11 
9 24 1 9 19 1 13 7 1 18 24 14 28 7 14 24 7 17 8 5 15 11 2 9 23 15 1
27 18
16 23 21 20 25 8 24 7 22 5 15 17 6 19 27 26 12 13 
1 5 5 1 15 1 5 5 1 7 18 19 6 5 26 16 15 18 8 11 27 18 2 10 5 4
6 2
3 1 
3 1 1 2 1
27 2
10 9 
25 1 23 11 7 25 21 2 17 25 24 17 27 25 26 1 1 17 9 17 17 2 4 1 17 21
17 6
14 8 11 6 13 10 
11 5 10 1 14 15 9 6 1 14 15 15 1 14 15 14
5 4
1 5 2 3 
1 5 1 4
13 12
1 9 5 11 12 13 2 8 7 4 10 3 
1 7 8 7 4 12 1 1 1 8 1 8
38 34
23 37 28 12 2 26 1 38 11 14 24 10 34 6 36 15 16 17 27 33 18 35 25 7 19 21 4 32 20 30 13 9 29 22 
37 6 29 33 1 1 4 37 29 10 9 7 18 13 1 7 7 8 17 7 29 16 13 33 6 9 25 6 1 4 15 1 33 9 13 30 6
24 10
11 10 24 6 20 1 15 2 22 5 
18 24 11 24 24 24 21 1 15 9 24 1 23 1 18 23 9 15 18 11 15 15 18
18 18
13 7 3 11 9 14 15 8 12 10 16 2 18 1 17 4 5 6 
1 12 9 1 2 16 6 11 6 1 5 7 11 5 15 12 12
33 24
18 24 7 19 17 13 26 3 33 10 27 15 32 22 29 12 30 28 11 1 23 9 25 21 
10 14 1 18 4 33 1 23 22 23 4 4 8 1 22 19 6 1 1 11 12 4 22 11 3 28 26 23 32 24 6 15
48 12
31 9 16 6 27 11 32 19 36 17 4 21 
46 22 10 41 8 48 1 40 8 34 46 45 26 12 7 46 3 8 6 4 1 8 4 6 1 2 31 26 8 1 10 37 1 37 1 6 46 7 22 25 48 20 3 37 19 31 22
4 2
4 3 
1 4 1
31 2
15 29 
16 23 16 13 10 21 21 7 20 20 1 23 13 25 20 21 11 27 12 1 13 1 6 23 24 29 15 5 27 23
9 4
5 8 4 2 
4 1 8 3 1 8 1 3
9 6
2 3 6 7 8 1 
7 8 7 6 7 8 1 7
32 8
26 14 31 10 7 1 13 30 
8 19 17 17 8 24 23 17 15 1 9 15 21 19 1 29 3 11 15 11 4 15 4 11 2 6 23 1 26 24 8
14 6
1 8 2 7 14 5 
13 14 2 1 5 1 9 1 1 12 9 5 2
19 18
3 16 18 1 13 14 19 2 10 17 6 8 4 15 11 12 7 5 
1 9 19 6 9 10 15 1 6 3 11 1 4 6 9 1 13 1
23 4
9 15 14 12 
21 19 1 6 1 15 5 6 2 21 6 5 1 11 14 2 21 1 22 1 1 21
26 16
15 24 12 2 22 5 25 10 26 9 18 1 23 6 13 17 
7 7 25 15 21 1 15 15 19 16 15 22 26 7 15 20 24 13 22 16 2 1 8 7 1
6 6
4 1 5 6 2 3 
6 1 3 3 1
34 26
16 23 10 31 32 29 20 2 1 22 30 21 4 7 24 26 9 19 34 17 25 5 15 3 6 28 
24 1 6 16 1 16 10 1 18 16 14 16 6 16 26 33 1 16 5 16 13 3 18 23 1 26 21 19 25 18 2 26 29
27 12
25 16 17 10 19 2 23 15 18 1 26 7 
1 4 16 4 9 9 14 14 26 18 1 1 4 22 1 1 26 10 15 16 17 1 18 12 2 2
40 12
30 14 28 25 19 24 37 20 3 21 4 5 
36 1 39 39 19 37 12 32 36 4 36 25 5 17 23 36 25 27 4 24 23 3 31 11 4 1 4 4 39 3 37 15 5 2 1 20 4 3 30
4 2
4 2 
1 1 2
20 6
8 7 18 4 3 19 
5 1 15 1 18 1 17 1 1 20 9 16 20 1 6 9 2 14 7
22 20
22 4 9 16 7 10 1 18 6 12 5 15 21 8 3 20 19 13 17 14 
21 21 1 3 22 15 16 15 6 12 1 1 20 16 19 14 11 12 4 16 1
9 2
8 4 
7 1 3 1 9 3 3 7
5 2
2 4 
1 1 1 2
16 2
6 3 
1 1 15 9 2 10 2 1 2 1 6 6 2 3 2
17 16
8 9 16 1 10 14 11 17 15 13 12 5 3 2 4 6 
7 17 11 1 1 5 4 8 17 17 10 14 17 4 11 1
10 10
5 2 6 10 3 9 7 8 1 4 
7 1 8 10 1 10 1 3 1
33 24
21 20 8 1 15 17 32 31 7 24 11 33 12 13 30 27 10 3 4 23 14 19 9 18 
23 29 28 16 26 12 5 22 29 8 22 8 18 14 1 6 9 18 1 12 1 18 28 16 1 9 17 26 29 17 31 31
17 2
8 12 
3 4 10 3 10 12 12 5 1 1 16 17 6 7 5 14
27 6
13 23 1 22 11 4 
1 1 1 6 16 4 7 25 27 18 24 27 1 4 1 6 3 17 21 10 3 21 4 17 16 6
44 42
6 7 30 16 12 5 38 37 15 28 11 10 27 9 39 22 42 8 29 14 34 17 13 44 43 20 33 36 31 24 18 21 35 4 41 3 40 23 32 26 19 25 
43 4 35 37 24 31 32 43 26 3 43 29 2 13 13 1 24 3 37 10 13 1 9 34 31 1 31 9 28 23 23 17 9 1 22 9 29 37 33 37 43 1 23
36 10
25 14 19 2 33 1 18 12 29 7 
30 10 33 9 21 16 32 33 25 25 7 11 16 25 1 32 31 21 31 1 33 34 11 1 25 17 26 25 14 25 21 29 31 15 31
14 4
14 3 10 2 
11 13 9 12 9 9 13 10 13 1 6 1 4
29 22
4 13 5 15 26 2 27 10 9 1 18 8 25 21 23 6 12 29 16 11 17 20 
28 5 3 6 1 27 5 2 21 1 27 14 28 26 22 11 1 10 1 1 21 18 6 11 1 22 6 17
5 4
3 1 4 5 
1 1 1 4
49 10
47 19 45 18 35 22 46 29 24 41 
9 40 33 47 32 49 32 32 26 10 44 36 47 14 47 14 21 18 1 47 1 40 45 9 45 10 37 47 1 1 24 20 14 15 47 33 44 10 1 24 17 42 32 47 43 1 25 32
7 4
2 4 5 6 
7 4 1 1 7 4
17 2
3 17 
5 4 8 3 15 4 6 15 13 7 15 1 4 1 17 12
48 18
8 30 31 29 12 20 3 41 7 33 16 43 6 32 21 38 25 36 
37 15 12 14 15 3 14 1 38 27 6 9 6 1 23 1 26 6 16 5 3 8 23 17 6 15 14 47 15 4 19 32 41 8 37 41 15 17 14 6 30 23 3 27 40 11 38
36 6
27 35 19 15 3 17 
26 34 22 7 35 14 30 13 8 1 9 22 24 20 14 14 26 3 26 11 3 34 1 28 23 16 34 4 11 5 34 14 11 23 15
5 4
4 5 3 2 
5 5 5 1
36 16
13 14 21 4 34 17 3 20 35 18 32 25 6 19 36 2 
17 28 12 1 13 33 22 13 7 12 1 33 27 9 6 33 15 26 5 2 1 13 9 13 13 6 5 20 9 2 6 22 6 13 22
9 4
2 5 3 1 
8 5 9 8 1 1 6 6
34 8
4 28 22 18 10 3 2 14 
31 15 1 34 10 29 4 33 1 32 18 10 32 31 13 34 33 31 1 22 8 31 20 13 20 3 33 10 8 33 15 1 25
24 22
10 14 22 16 5 8 23 6 7 24 19 2 13 4 21 15 1 18 3 20 11 12 
20 15 5 1 24 14 12 24 24 1 20 24 10 24 9 22 2 13 14 23 1 17 1
33 30
33 2 26 5 30 12 10 28 31 21 7 15 18 11 27 6 23 13 32 22 29 14 8 20 3 1 16 17 4 9 
1 17 1 19 5 32 3 5 2 17 5 7 10 5 3 1 22 1 16 20 19 9 27 6 16 20 33 31 3 9 3 2
27 4
7 11 19 10 
8 9 25 22 4 1 18 7 1 8 1 23 1 14 8 14 1 7 7 7 14 14 1 9 2 4
16 16
2 12 15 8 9 3 14 16 1 13 11 4 5 6 10 7 
14 9 12 1 13 2 6 10 14 9 1 11 5 13 14
16 10
10 1 8 4 5 16 6 13 7 11 
5 12 11 1 1 3 11 14 14 1 6 9 6 10 9
21 8
13 5 6 8 15 17 14 21 
7 15 11 13 19 20 14 13 1 1 20 20 13 21 1 14 16 1 1 6
10 4
6 8 7 3 
7 1 1 6 3 4 2 4 9
15 12
10 12 8 5 7 11 6 13 4 9 2 1 
6 12 10 1 10 14 9 10 14 5 14 3 1 11
4 4
3 4 1 2 
3 1 3
47 2
17 1 
33 43 1 41 40 19 37 40 40 36 31 18 1 6 17 24 1 24 9 12 5 13 41 4 36 26 6 36 13 44 36 6 20 39 1 31 24 36 36 12 32 6 39 6 28 6
28 12
28 5 13 19 2 7 17 10 14 20 15 16 
21 11 6 28 13 13 7 12 12 12 7 1 21 1 8 18 9 9 12 7 8 18 22 18 23 5 1
51 14
4 28 42 25 35 5 32 2 43 9 37 3 48 40 
43 35 43 43 30 44 9 21 18 19 41 9 45 43 1 2 11 45 14 46 2 36 45 36 35 35 44 44 43 43 11 28 44 30 26 15 32 28 2 35 29 1 2 16 45 45 15 33 39 39
7 2
3 2 
1 1 6 1 1 5
45 24
30 14 38 17 20 41 31 16 33 9 11 28 25 42 19 3 40 43 6 23 21 35 12 32 
7 44 39 1 23 12 38 6 29 5 44 41 1 7 37 34 3 23 2 12 35 1 14 44 15 40 20 2 11 23 18 26 1 12 11 38 44 24 3 16 41 2 1 11
26 12
12 10 16 18 6 8 26 7 14 21 4 13 
25 1 10 6 13 1 14 25 9 7 24 14 24 16 25 1 6 2 15 25 15 20 25 1 5
38 36
11 19 31 3 9 17 30 4 7 2 8 24 27 22 5 16 35 33 13 36 10 34 37 20 23 6 12 29 14 21 1 38 28 25 15 26 
20 1 1 31 28 12 20 36 7 14 28 23 24 31 18 18 1 31 1 10 38 5 31 5 17 3 18 18 23 28 28 17 12 15 38 32 16
11 6
10 3 5 4 1 7 
1 8 3 7 1 1 7 3 5 8
21 18
6 13 3 20 8 15 18 12 19 2 7 11 17 5 10 4 16 9 
20 11 20 15 7 15 11 20 2 1 17 19 1 1 7 8 14 3 1 4
29 12
19 2 10 3 21 24 6 5 29 25 8 16 
29 10 1 8 19 17 29 12 4 28 29 29 25 20 14 20 2 4 18 19 4 13 4 8 19 29 22 19
5 2
3 1 
1 1 1 3
3 2
3 1 
1 2
7 4
2 1 6 3 
7 6 5 1 7 1
43 10
17 19 27 12 28 14 30 4 3 40 
1 18 30 11 40 43 12 33 13 14 39 16 19 9 21 40 2 1 1 1 18 32 7 34 22 22 8 28 29 19 19 3 19 39 19 15 22 19 14 39 40 19
5 2
5 1 
1 1 3 1
19 12
10 12 6 15 8 9 13 3 17 1 18 4 
17 5 19 17 19 2 19 14 14 13 1 18 6 8 19 14 17 1
29 26
25 13 24 4 28 21 1 20 27 22 3 23 6 8 5 7 14 18 9 26 10 29 11 17 16 19 
27 9 7 25 25 15 1 20 6 25 10 20 6 8 26 19 25 20 8 19 24 19 13 1 25 11 27 7
45 22
21 28 27 36 24 40 39 22 5 12 15 13 6 26 11 17 45 8 10 31 19 18 
9 44 30 1 23 43 23 1 17 10 13 43 39 2 30 24 9 43 2 38 21 39 44 44 21 22 1 44 1 41 41 37 32 10 38 9 9 30 39 17 10 21 5 28
41 26
15 7 36 9 13 21 14 39 37 3 20 23 10 27 1 38 41 4 28 31 25 12 29 33 24 26 
1 15 32 7 39 32 2 34 40 1 11 17 39 41 40 16 2 18 31 33 24 15 29 7 16 18 19 11 41 7 30 18 28 30 13 40 40 16 1 1
33 28
25 10 30 17 2 7 18 4 26 5 12 31 33 16 29 24 11 28 32 15 1 27 22 20 3 21 6 8 
7 1 7 1 21 3 7 15 25 21 27 1 6 27 1 1 8 1 7 7 6 7 16 26 3 1 12 23 16 22 3 20
21 12
6 7 4 21 20 3 10 19 9 8 1 18 
16 1 16 16 2 12 16 11 21 1 3 18 11 19 1 14 5 9 9 3
42 22
21 40 10 20 2 13 35 18 8 11 1 38 22 42 5 16 33 37 34 4 41 14 
21 35 34 1 19 8 23 19 40 16 1 20 4 10 17 4 24 1 34 14 19 1 23 35 34 32 5 4 19 23 41 34 1 23 5 9 22 1 1 39 4
8 4
3 6 8 1 
4 1 6 4 1 1 3
31 6
27 11 21 26 19 16 
28 6 24 3 1 1 6 17 6 25 29 27 30 27 22 6 7 23 24 4 6 15 7 18 13 17 7 1 8 2
23 22
13 11 1 8 3 16 21 4 17 10 19 22 5 15 9 12 20 7 18 14 23 6 
18 1 9 4 9 6 3 1 21 14 14 19 3 1 8 9 20 16 4 3 21 13
2 2
2 1 
1
49 10
17 34 30 27 41 6 21 45 28 22 
4 44 27 49 41 19 10 49 15 20 1 8 10 4 4 24 40 24 25 49 13 8 2 36 19 1 12 2 41 40 27 16 15 31 5 18 19 48 4 25 49 36 39 46 19 42 49 2
14 10
13 1 7 2 3 10 5 12 4 9 
7 10 6 10 1 1 10 4 1 7 7 7 4
9 2
1 2 
7 1 1 4 7 1 7 1
18 8
8 17 9 16 2 18 15 13 
1 10 2 17 18 2 2 18 11 12 17 8 11 8 18 18 2
35 18
5 26 1 4 32 3 10 27 23 33 16 22 2 14 25 8 34 29 
28 20 26 25 24 13 24 3 34 1 15 9 11 3 11 1 31 5 25 34 31 26 13 1 13 20 35 1 7 5 26 5 20 20
2 2
2 1 
1
13 2
1 10 
4 12 3 1 5 1 12 1 3 4 1 3
45 6
10 27 37 18 40 33 
4 11 17 26 30 26 4 29 8 1 41 11 4 26 2 11 34 8 26 33 40 27 9 6 34 43 40 43 33 12 23 11 43 23 8 17 21 30 26 43 13 1 45 33
13 2
11 3 
9 2 1 11 11 10 7 1 1 7 11 4
21 2
15 19 
5 5 1 21 19 13 5 19 19 9 1 18 4 10 1 19 12 1 8 12
21 6
7 14 3 20 5 19 
1 11 18 17 9 11 20 5 2 17 1 1 5 17 8 12 17 1 17 2
3 2
1 3 
3 1
45 26
2 32 20 27 16 31 41 4 26 35 43 6 3 40 34 10 24 21 1 38 37 45 11 5 42 22 
26 14 44 24 26 35 34 31 13 33 4 26 44 44 36 21 3 35 1 13 43 32 37 4 24 28 24 34 40 29 28 15 10 14 32 1 37 36 14 6 44 37 1 39
4 2
3 1 
1 2 2
39 34
30 23 10 24 4 29 18 7 38 1 3 12 5 35 22 21 19 33 9 15 32 8 25 36 2 11 27 17 34 13 14 31 37 16 
36 4 5 8 8 33 1 30 11 30 6 3 35 21 38 37 10 8 36 39 35 5 33 36 1 9 9 4 6 30 24 1 6 21 1 6 9 6
39 4
1 37 16 24 
32 1 21 1 3 13 27 7 6 19 17 19 16 20 6 10 33 3 1 19 28 22 30 9 15 16 1 34 35 3 15 39 28 1 9 21 12 24
25 20
22 11 20 23 17 5 4 21 6 14 16 25 8 7 24 1 18 12 19 3 
1 11 5 2 16 25 11 22 23 6 22 23 5 11 2 11 2 5 11 18 1 2 18 19
49 4
40 46 43 17 
31 8 45 31 49 34 7 19 48 44 44 5 34 7 47 19 14 44 10 1 4 25 26 1 27 34 20 43 42 48 39 12 6 45 38 47 29 26 43 1 49 4 1 1 18 21 1 19
27 22
1 15 4 20 8 22 10 27 3 5 14 25 16 13 6 23 26 9 11 24 2 18 
5 7 13 1 7 8 16 21 12 9 14 16 1 4 1 24 1 13 1 14 1 9 21 7 18 23
28 18
20 14 26 1 28 3 23 27 10 12 17 22 16 2 21 4 15 25 
5 7 13 12 14 5 9 18 9 12 18 25 25 8 17 23 1 21 11 18 14 1 16 26 9 17 27
31 16
30 22 15 6 23 11 3 12 2 19 26 7 24 21 31 14 
28 29 31 17 28 18 16 1 1 21 24 5 17 30 5 1 14 14 22 5 13 30 10 5 18 24 17 6 6 19
2 2
2 1 
1
15 14
6 14 13 1 5 15 12 10 9 2 11 3 7 8 
12 4 9 6 12 13 10 1 3 4 9 1 4 11
49 48
45 25 43 30 37 40 42 17 29 33 5 48 6 24 46 9 18 31 14 19 36 20 3 27 13 34 11 28 15 22 4 41 21 26 1 38 47 10 2 39 44 7 12 8 35 16 32 23 
37 28 1 40 30 28 31 36 30 28 22 48 11 45 26 43 33 1 19 26 18 31 20 26 1 3 1 48 33 19 20 44 19 3 43 47 1 40 43 45 35 1 43 23 37 9 27 1
18 8
13 11 14 7 2 17 3 5 
16 5 1 4 1 18 15 4 9 10 8 14 6 1 15 18 5
34 8
17 20 3 5 33 2 25 8 
19 12 16 12 13 28 21 10 1 5 16 16 17 16 19 11 9 1 24 10 21 31 13 34 6 1 5 27 33 1 19 29 6
40 38
2 18 7 4 31 29 6 13 32 15 5 39 22 36 19 3 40 37 9 10 1 38 34 27 28 16 20 14 35 21 23 33 17 11 30 25 8 24 
26 1 1 22 33 2 30 28 35 33 22 26 15 20 2 1 27 12 1 28 18 18 20 21 1 15 30 24 1 22 16 21 27 26 39 1 2 22 33
12 2
8 3 
1 11 2 10 3 2 12 11 12 1 1
40 36
33 21 32 18 5 19 29 15 23 8 1 24 7 26 10 36 31 30 28 37 20 13 35 14 11 4 3 40 6 34 17 27 16 25 2 39 
1 20 35 29 2 37 27 22 28 30 21 22 13 24 28 13 2 37 9 10 28 9 6 21 33 9 1 22 29 21 36 22 9 1 27 2 31 2 29
44 24
31 28 39 32 21 37 10 20 33 16 40 23 17 36 15 25 42 8 26 43 18 35 30 12 
35 26 31 32 18 37 4 4 11 15 44 22 18 12 8 1 15 8 14 26 44 17 43 31 27 17 31 11 31 17 12 10 22 37 25 29 23 27 43 27 22 33 17
12 12
8 1 12 4 3 7 11 6 2 9 10 5 
9 4 10 4 4 9 7 1 1 6 2
49 10
9 38 33 16 23 24 7 20 48 11 
9 9 6 38 29 33 7 1 39 18 37 15 1 19 37 7 20 33 12 42 12 19 1 33 1 38 42 14 23 38 20 37 41 20 44 1 1 38 27 42 1 11 38 10 42 25 1 48
36 28
3 5 15 8 32 31 27 36 4 30 7 33 22 9 26 25 12 29 13 24 1 18 20 11 21 10 34 23 
3 29 18 1 25 11 35 4 29 1 11 7 1 18 20 4 1 1 1 23 36 1 11 31 19 13 24 34 31 19 24 30 11 11 7
19 8
1 10 7 17 15 16 19 2 
18 10 1 1 4 4 5 1 12 8 5 16 8 2 7 6 1 8
20 12
5 14 13 4 20 9 8 1 17 10 2 6 
1 20 3 19 10 16 5 7 16 12 5 11 12 17 1 12 2 20 1
47 2
17 39 
7 1 38 14 1 41 12 34 40 34 14 29 6 28 17 34 6 43 42 9 1 12 41 28 44 3 34 14 23 34 44 46 41 17 41 18 6 29 16 1 6 41 17 20 3 43
36 14
9 6 12 31 10 20 5 19 2 16 4 35 1 18 
9 10 20 1 9 23 3 15 1 20 20 2 20 34 10 20 25 1 5 31 28 6 33 21 32 1 15 19 12 33 11 12 10 36 15
32 28
6 15 13 3 24 10 8 32 26 23 5 4 7 12 19 2 22 20 27 18 1 16 28 11 14 30 17 25 
1 22 25 4 7 17 11 18 2 1 16 25 22 16 30 25 30 15 22 13 1 1 14 26 1 17 1 1 2 11 4
39 24
37 7 5 11 32 28 36 9 10 27 3 20 22 4 35 26 17 23 6 33 14 31 39 2 
34 9 30 39 25 18 12 17 28 39 32 3 15 16 1 19 28 28 35 17 19 17 39 10 9 21 1 39 17 30 9 34 28 1 16 26 32 21
10 2
6 10 
7 5 3 1 1 5 6 1 2
44 40
37 8 27 32 15 14 38 1 26 9 43 6 28 11 40 3 39 2 5 42 19 18 7 34 36 41 24 30 22 33 29 31 10 13 35 25 21 17 16 12 
3 26 6 9 39 26 14 26 7 26 10 36 31 42 26 28 42 1 10 43 39 24 1 39 19 39 39 19 40 44 33 5 33 3 10 41 40 11 1 34 39 29 3
11 4
7 8 4 3 
1 6 5 2 5 4 1 8 3 9
34 8
31 27 12 5 33 7 20 4 
21 13 7 19 3 1 1 13 21 21 1 21 9 11 3 13 9 1 19 7 13 13 3 11 11 19 11 15 19 27 7 21 21
25 18
10 1 15 17 12 21 11 18 19 2 6 16 22 25 8 9 24 7 
22 9 1 17 1 20 10 4 20 25 1 20 1 20 19 4 12 20 23 4 18 24 1 24
8 4
3 5 6 1 
7 1 7 2 7 1 1
3 2
3 1 
1 1
27 14
23 12 21 24 9 13 20 2 19 5 22 8 18 11 
4 15 5 1 1 23 10 6 1 6 8 12 16 23 8 24 8 5 8 9 18 1 14 27 22 5
10 10
1 4 8 3 10 5 6 2 9 7 
7 1 8 3 7 1 1 3 2
33 20
26 10 8 24 13 19 2 25 14 23 11 28 20 3 9 18 1 4 29 33 
26 25 26 33 20 24 26 12 25 24 11 9 1 22 29 29 16 28 25 5 1 28 1 14 25 21 14 22 24 3 14 25
5 2
3 5 
4 4 1 1
37 20
19 10 33 30 32 15 6 27 2 9 7 24 16 1 37 11 14 12 25 22 
9 18 27 3 34 31 23 37 25 37 20 18 1 28 1 27 1 35 16 18 1 33 2 9 25 16 1 7 28 20 1 1 17 37 29 1
30 22
9 15 17 11 20 24 2 26 5 22 6 27 10 25 8 1 18 3 28 4 30 7 
18 2 25 13 1 20 13 18 18 3 15 6 26 27 8 19 22 6 21 6 6 20 16 6 1 18 10 23 2
10 8
1 9 8 5 2 3 10 7 
1 1 8 2 5 1 5 5 4
44 38
30 26 42 5 20 40 3 18 31 28 11 9 43 12 19 2 39 22 27 7 44 21 17 32 35 24 8 38 1 16 33 4 41 25 10 14 34 13 
42 8 34 32 36 16 13 43 18 24 27 1 1 20 8 1 17 3 18 1 13 18 22 23 13 15 18 27 18 11 41 14 42 42 17 36 40 35 4 29 20 24 42
33 32
3 13 6 9 20 23 2 26 12 17 28 8 4 16 30 27 19 31 14 32 15 18 1 22 5 10 29 33 24 7 11 21 
6 1 1 32 7 22 22 1 2 15 2 3 22 3 3 32 20 20 1 22 32 19 10 4 8 17 13 22 4 17 1 8
29 12
3 9 22 25 2 21 4 28 11 18 1 12 
13 25 25 2 1 25 18 26 16 29 10 25 1 22 1 6 4 16 7 28 1 29 1 1 4 7 12 27
15 2
10 6 
4 1 1 10 12 1 7 13 9 5 1 1 7 7
17 12
1 9 8 15 7 11 13 6 4 14 12 16 
10 6 12 9 4 12 11 11 12 4 1 6 5 12 12 8
24 2
17 12 
24 6 2 24 21 1 1 15 5 24 21 24 12 2 1 24 21 3 9 1 12 3 21
10 4
1 8 7 6 
3 9 10 8 1 9 6 1 9
7 6
1 2 5 4 3 7 
3 1 3 3 4 1
32 12
28 21 10 2 29 9 26 1 22 30 16 14 
24 13 1 30 18 19 7 20 16 19 31 15 15 21 20 16 20 18 1 18 1 9 20 1 18 13 8 32 19 10 9
33 22
9 11 19 14 29 32 33 16 30 2 21 4 7 24 17 27 1 18 25 12 23 20 
32 11 9 1 24 25 11 22 11 1 3 15 21 10 3 23 12 24 13 3 24 1 1 3 22 24 15 4 22 9 11 8
25 2
18 7 
7 4 21 16 11 22 18 10 4 21 1 25 4 10 25 19 1 25 16 1 4 24 21 14
3 2
2 1 
1 1
41 18
4 24 20 34 28 11 31 14 32 5 22 9 26 12 29 16 10 27 
28 5 12 1 27 19 28 40 22 9 20 27 1 33 40 6 17 24 28 39 13 27 28 4 5 31 27 41 10 1 27 4 41 31 35 24 20 40 31 5
37 30
7 31 24 32 30 6 19 2 36 35 27 4 9 21 13 17 25 26 33 16 15 28 12 3 20 22 5 14 23 1 
1 1 31 32 1 34 26 28 18 1 24 1 6 1 2 37 1 23 10 27 17 3 6 6 18 6 13 1 17 6 26 31 23 36 10 34
24 10
10 5 22 3 6 14 21 4 11 2 
22 20 11 12 21 17 14 13 22 1 22 10 10 11 22 12 1 13 9 2 1 24 22
31 20
23 31 28 29 3 20 21 8 25 6 13 9 18 27 19 2 22 15 16 7 
26 18 24 19 18 5 6 27 30 14 18 27 21 3 12 16 19 1 12 16 3 27 5 19 1 19 16 26 16 16
21 16
5 11 8 13 16 15 17 18 3 20 6 9 2 19 21 4 
1 4 19 14 11 4 1 18 2 4 2 5 1 7 1 16 11 1 1 1
47 42
29 44 12 47 31 4 25 10 26 11 45 8 5 42 22 19 37 3 40 20 6 24 38 1 18 15 27 28 2 39 9 16 21 13 30 36 14 34 32 33 17 23 
27 44 35 24 40 35 42 18 14 14 16 7 25 40 42 19 27 38 38 19 47 26 46 8 8 8 37 6 5 1 38 1 42 22 16 43 1 14 26 47 1 27 31 24 47 1
2 2
1 2 
1
45 18
27 33 35 18 1 5 42 8 22 32 11 28 44 14 19 36 9 37 
12 1 20 4 23 42 26 36 34 17 1 40 1 33 36 22 2 14 43 27 6 27 36 33 43 12 30 19 4 13 21 2 37 5 37 12 4 13 27 27 12 37 1 10
6 2
3 4 
1 2 2 1 5
22 8
20 12 13 10 9 1 8 14 
10 21 10 16 1 15 19 3 6 18 13 4 21 4 2 1 17 21 19 18 21
38 30
15 23 24 1 18 14 32 5 10 2 29 13 11 6 36 19 27 25 8 21 35 16 37 3 31 17 12 28 22 7 
1 12 3 14 37 26 5 2 13 15 13 11 2 2 1 7 34 13 8 13 5 16 30 13 25 10 10 10 10 27 26 10 14 2 35 35 16
26 12
8 4 1 11 15 24 3 5 22 16 26 9 
1 12 21 12 19 1 19 20 11 3 1 2 2 13 15 4 13 18 12 22 13 1 7 6 11
36 30
12 5 20 11 1 24 22 21 10 25 16 36 3 29 27 7 14 31 30 23 6 2 19 17 34 35 15 32 33 28 
6 11 36 15 28 34 20 1 28 7 31 22 34 9 24 9 13 16 35 24 27 35 34 8 7 26 31 9 23 26 15 34 35 1 14
19 16
3 16 5 17 4 15 19 2 8 13 9 14 7 10 1 18 
16 1 17 13 3 13 3 1 1 2 4 17 9 3 1 9 9 17
49 12
25 46 43 44 41 34 49 32 47 5 22 38 
47 12 1 12 40 16 43 45 8 43 16 8 39 29 1 12 1 46 32 46 9 43 32 1 1 23 30 12 32 3 49 37 11 41 35 49 45 8 8 12 12 1 30 1 23 42 4 5
24 6
22 18 11 6 12 7 
19 1 21 12 20 21 1 19 1 8 8 20 1 8 3 20 21 8 21 1 21 13 23
21 6
16 2 8 4 7 21 
1 1 18 1 5 12 12 12 3 3 4 1 3 20 2 21 1 11 1 5
30 24
12 30 7 15 18 19 11 16 5 22 20 3 4 21 23 6 14 28 24 10 27 2 13 25 
27 30 20 2 20 17 2 22 30 15 29 10 25 30 6 8 4 12 30 17 10 28 20 8 1 1 27 1 1
46 24
15 40 23 19 21 4 6 22 14 11 28 38 2 36 7 44 10 34 17 8 25 5 42 35 
36 1 43 19 45 45 12 11 11 42 43 14 11 16 43 23 41 1 44 6 1 42 4 6 34 18 13 16 39 12 42 39 3 10 10 31 1 43 39 13 19 1 12 11 15
45 30
44 7 27 36 9 33 28 34 18 24 10 29 22 41 43 6 23 20 3 37 1 38 25 5 42 11 39 2 19 16 
1 26 39 22 8 14 25 1 13 39 33 39 39 2 37 18 14 34 27 28 1 9 23 39 9 1 31 19 26 27 42 2 1 39 23 23 33 1 2 39 26 9 9 43
11 2
10 8 
5 2 1 1 1 1 11 2 11 5
15 2
14 5 
3 1 3 14 8 5 4 15 7 4 5 15 1 11
40 6
34 26 5 33 39 8 
13 14 16 2 2 35 16 13 11 17 13 8 33 8 1 30 15 15 16 8 21 5 15 30 12 2 7 16 15 2 2 13 24 17 37 15 8 21 22
12 4
5 6 9 2 
1 8 7 3 8 3 1 1 5 7 1
18 12
8 15 5 3 18 1 11 17 6 16 7 12 
14 1 16 7 18 1 4 7 9 10 6 1 9 4 1 9 16
16 12
11 7 4 12 6 3 9 5 13 15 1 10 
6 1 1 3 4 12 3 16 16 16 4 6 16 1 1
35 22
32 14 34 9 22 23 35 1 6 25 8 2 19 31 3 17 33 24 30 13 29 11 
6 26 5 11 14 32 1 5 1 1 9 1 1 9 28 4 21 14 26 35 2 9 31 5 34 15 10 5 34 5 11 13 11 13
23 12
6 19 2 8 11 14 16 17 22 4 21 13 
19 1 1 11 18 22 11 1 14 7 21 9 13 5 1 22 9 23 8 14 14 1
28 4
4 13 21 8 
14 18 14 16 13 17 4 2 18 14 16 16 25 28 1 22 8 21 14 22 18 1 11 1 11 28 25
31 12
24 7 27 16 8 3 4 11 29 5 26 23 
23 30 30 6 13 1 12 7 1 16 1 4 9 2 1 30 11 9 25 12 12 14 30 14 19 8 14 14 1 1
22 18
6 16 12 4 21 9 17 10 8 19 2 14 3 20 7 11 1 13 
9 10 20 20 20 4 1 14 1 20 1 16 12 18 20 13 14 10 1 7 20
27 22
20 9 26 2 24 25 15 16 27 10 5 14 7 21 4 23 11 19 8 12 17 1 
1 9 13 24 26 1 19 1 9 7 9 10 10 21 1 25 7 3 1 12 5 14 1 27 1 9
35 34
11 10 4 15 28 33 3 8 25 6 5 18 7 16 23 31 12 35 17 34 19 2 26 9 22 14 21 27 30 20 32 24 29 1 
13 31 1 22 35 34 15 27 23 9 29 8 18 24 10 24 23 12 27 27 15 1 1 27 12 1 23 27 9 1 27 35 13 25
10 6
6 10 3 4 8 1 
7 4 1 9 10 4 9 1 4
18 10
16 8 13 4 11 6 18 1 10 17 
1 16 14 18 14 16 4 2 4 6 16 1 1 16 10 3 2
9 2
2 4 
3 4 8 1 9 1 7 3
10 8
4 7 8 1 10 3 5 6 
1 10 8 2 10 2 9 6 1
8 8
5 3 7 4 1 8 2 6 
1 8 8 2 5 1 7
3 2
2 3 
1 1
15 14
11 6 4 12 15 5 3 7 1 8 14 2 13 10 
3 1 2 6 1 4 6 1 4 1 9 12 1 9
30 24
22 27 26 29 2 21 15 13 6 30 17 24 25 8 5 9 19 20 3 12 14 28 10 1 
7 1 23 7 30 15 30 3 1 2 7 14 4 3 15 21 22 2 8 1 2 21 27 3 9 15 16 30 10
22 6
22 18 11 2 12 5 
1 5 20 11 8 14 14 5 22 1 1 2 9 17 3 12 8 18 9 16 1
2 2
1 2 
1
26 4
14 13 9 15 
4 9 1 9 15 14 9 1 5 19 1 1 1 9 5 4 20 20 1 8 5 19 9 6 9
48 32
45 9 21 26 4 41 24 39 14 29 40 3 33 38 1 31 48 18 35 44 7 27 19 36 37 20 32 15 12 28 6 42 
27 24 22 2 36 32 48 32 4 25 7 19 1 27 19 38 17 1 24 14 40 19 1 7 25 24 48 48 48 1 24 19 26 31 7 1 23 12 21 28 1 6 35 6 16 27 21
19 6
5 11 9 1 13 6 
18 15 9 12 2 12 5 15 18 1 18 9 10 12 11 4 1 4
45 14
10 5 30 16 19 15 40 18 25 21 24 7 26 43 
45 10 20 18 1 18 39 40 18 33 23 11 15 5 15 18 6 18 11 16 24 42 1 18 36 39 11 19 6 1 25 42 25 24 2 45 16 23 30 5 1 15 21 1
18 8
2 12 8 1 5 6 16 9 
12 18 10 3 1 8 14 7 1 17 4 4 1 7 8 1 10
46 4
19 29 21 28 
46 20 28 19 28 35 38 37 37 40 20 28 18 19 27 4 1 1 32 38 2 4 16 36 29 18 19 1 27 21 1 41 18 19 35 27 46 41 7 24 16 44 14 42 27
47 20
27 32 2 23 36 25 13 31 37 20 16 35 4 12 29 43 47 10 8 45 
29 39 34 11 1 1 22 42 16 34 7 28 16 28 1 35 30 16 4 32 29 18 5 47 6 25 35 16 1 29 27 22 47 25 1 10 40 1 7 23 34 23 34 31 30 19
14 2
11 8 
6 6 2 13 1 4 4 2 1 4 1 2 10
9 6
5 3 6 2 8 1 
4 1 6 3 1 6 7 1
14 2
6 1 
8 11 1 3 5 10 14 11 4 1 3 2 11
30 10
13 4 29 20 1 6 27 17 19 25 
24 14 5 10 18 15 25 29 1 14 14 1 10 4 10 1 24 3 3 2 14 1 14 3 22 23 11 8 3
7 6
3 6 1 7 2 4 
5 1 2 1 4 5
43 12
10 27 13 7 9 3 32 22 39 8 42 2 
42 13 7 7 33 1 32 1 34 1 6 1 13 13 27 20 27 22 13 27 33 6 22 35 27 1 11 27 23 27 1 35 1 7 7 20 20 36 33 33 5 5
10 2
8 4 
1 8 1 4 1 8 6 7 8
50 34
44 39 33 41 17 27 40 32 31 1 28 45 8 5 42 6 43 12 29 19 15 16 24 34 25 47 21 18 46 9 26 11 48 22 
49 10 47 43 44 4 2 23 19 38 42 24 49 17 9 16 40 14 28 14 17 1 4 31 10 23 14 14 32 10 43 28 30 37 47 41 49 7 7 47 47 29 49 2 2 1 44 47 16
10 2
8 10 
1 5 5 1 8 6 5 8 7
4 2
4 3 
1 1 2
23 12
22 13 6 23 7 11 16 2 19 12 20 3 
1 9 18 13 22 10 23 21 14 16 19 1 21 21 15 19 15 18 12 1 21 13
32 30
19 20 4 12 16 7 30 2 6 26 8 10 18 3 27 11 28 25 15 32 22 5 1 17 13 24 21 14 9 23 
20 24 23 23 29 18 6 26 31 5 31 17 6 1 31 23 29 4 16 20 16 32 22 29 8 7 29 1 9 15 6
26 16
26 22 5 6 2 19 10 7 24 14 21 13 3 12 18 1 
25 15 21 25 13 19 1 5 5 22 19 1 21 8 14 20 25 21 5 5 21 2 1 1 22
21 10
7 11 16 6 5 14 4 21 8 15 
20 14 20 1 14 1 19 21 16 19 5 19 12 7 19 21 17 1 1 12
48 30
31 19 4 36 25 11 10 17 2 22 8 28 14 9 6 43 18 35 38 1 34 30 42 32 15 24 7 20 3 40 
44 24 22 30 1 42 24 48 20 29 26 41 23 6 48 41 12 27 35 27 48 15 7 42 42 22 20 13 41 6 8 9 29 16 29 20 18 24 11 1 35 20 35 25 47 42 13
49 6
10 47 32 15 21 14 
42 27 1 42 27 1 33 38 1 18 39 39 3 1 28 1 27 33 27 28 49 29 31 31 27 1 3 42 39 5 7 10 7 5 49 45 45 1 17 7 27 31 3 7 5 45 11 4
31 24
10 2 12 17 28 23 26 30 16 13 3 1 18 5 22 14 15 6 25 8 7 27 11 19 
28 25 30 1 26 25 14 25 11 18 16 30 29 16 29 1 16 28 26 26 30 20 1 1 1 17 11 30 25 27
17 2
7 5 
4 5 1 1 13 4 9 1 13 13 17 1 4 3 4 4
4 2
3 2 
1 1 3
25 24
14 10 20 21 13 19 24 23 6 7 17 4 11 9 12 5 22 18 1 8 25 16 2 3 
19 4 15 8 9 2 9 18 15 9 10 2 4 19 9 4 10 1 16 12 15 12 23 19
6 2
5 3 
1 2 3 2 4
48 46
29 46 28 30 36 20 19 24 3 6 7 44 1 38 5 42 12 2 39 40 23 4 41 25 11 48 27 14 16 33 47 10 26 8 37 34 22 9 43 21 35 15 18 31 17 13 
19 8 3 33 24 46 1 28 12 36 1 24 37 16 1 36 15 20 32 28 21 10 10 18 46 21 16 48 31 38 10 1 40 28 1 32 24 1 18 48 43 13 31 18 43 8 6
16 2
3 14 
11 9 9 1 5 5 5 1 6 5 1 1 12 1 9
28 2
11 13 
3 1 23 1 9 11 14 3 1 27 14 9 5 3 9 4 7 9 19 27 18 1 21 26 8 3 13
38 34
33 24 17 8 5 22 35 15 26 21 37 27 6 4 31 19 10 32 30 13 9 14 7 12 29 11 18 38 1 3 20 2 16 23 
5 6 5 33 15 38 13 1 29 27 31 2 21 38 19 26 26 1 3 9 1 18 9 1 21 38 25 7 6 25 4 9 4 7 5 9 19
36 22
30 15 27 34 22 8 7 28 11 32 25 16 33 2 4 23 5 26 3 13 17 31 
15 13 16 18 7 1 34 7 24 34 10 7 35 34 23 7 34 15 32 3 13 19 11 15 3 9 27 31 9 1 19 23 1 7 19
17 10
5 6 2 7 11 4 15 1 17 12 
5 13 16 11 11 12 14 1 1 1 1 14 10 5 5 16
34 14
2 32 12 6 23 1 18 4 17 7 9 8 22 5 
1 27 30 27 14 16 1 27 24 8 16 9 9 14 33 12 9 27 7 33 21 5 5 27 1 1 16 16 26 13 26 27 1
41 12
28 32 17 38 20 6 8 29 26 36 19 2 
29 4 16 27 32 4 12 28 1 30 11 23 37 17 19 1 6 1 26 17 37 17 19 13 22 23 18 19 19 34 38 27 17 40 39 17 17 3 29 28
7 6
7 6 1 2 4 3 
1 2 2 4 2 3
26 14
6 26 16 19 2 1 25 4 3 20 24 22 5 15 
11 7 7 1 2 1 1 12 8 5 8 1 9 26 1 12 5 9 11 3 12 24 1 1 24
12 10
8 4 10 3 1 2 9 11 7 5 
8 2 12 7 7 12 12 3 3 6 1
15 4
14 5 12 10 
1 14 8 10 12 8 12 10 1 2 10 6 1 3
7 2
6 3 
7 6 7 1 5 1
48 4
16 10 31 12 
32 29 28 42 33 23 29 28 32 1 4 1 23 28 8 33 15 32 42 36 36 42 2 33 20 47 8 44 20 8 1 1 21 11 30 24 13 21 19 13 13 1 33 38 1 8 40
44 16
5 8 24 28 11 36 19 6 9 26 35 34 14 31 3 32 
33 10 31 2 9 27 35 27 5 1 39 7 26 2 44 24 14 13 37 37 1 35 30 7 9 22 2 11 28 42 37 1 2 39 27 13 36 9 22 16 28 12 25
17 2
3 1 
13 5 17 8 1 9 13 8 8 8 17 1 7 13 13 1
2 2
2 1 
1
43 38
11 10 25 18 38 1 4 41 6 43 9 36 32 14 28 24 17 3 40 16 30 33 22 26 29 23 13 12 42 2 39 19 27 35 34 15 21 31 
35 29 1 29 30 24 20 24 18 7 1 4 31 8 20 32 27 32 1 26 15 36 25 36 12 1 36 39 32 1 27 31 41 40 40 30 1 1 39 8 31 36
12 2
9 3 
8 1 8 12 8 3 1 8 7 8 1
13 4
3 1 12 2 
11 13 1 8 11 1 6 1 1 1 11 7
26 12
16 3 14 10 8 5 22 9 23 6 2 19 
12 22 11 25 1 20 15 1 24 9 25 25 5 11 11 24 26 26 9 11 11 13 1 11 6
44 38
33 37 11 17 29 1 38 21 9 26 6 24 10 22 5 42 14 30 13 25 18 35 12 3 40 32 2 39 44 7 20 36 8 27 34 4 28 16 
15 1 15 18 29 13 15 4 18 37 42 15 5 1 29 35 1 1 36 6 20 20 40 2 44 26 1 15 6 7 39 34 5 18 42 1 32 18 6 44 9 7 32
28 10
4 8 22 9 26 19 13 27 1 17 
1 24 26 8 27 15 18 19 15 15 1 18 12 14 3 22 1 27 26 24 12 2 14 18 22 12 2
48 26
6 44 12 33 4 40 13 23 29 24 26 9 2 39 5 28 11 35 30 37 25 45 8 38 21 17 
36 24 23 8 24 23 36 33 28 16 37 1 35 4 17 1 33 40 4 25 1 3 1 27 44 1 40 36 10 42 10 8 24 44 17 8 16 24 8 36 17 23 42 41 29 42 23
27 22
9 21 14 11 5 6 7 4 8 25 3 20 10 19 2 12 26 15 1 23 13 17 
21 23 21 10 1 17 6 1 23 15 8 14 21 1 3 6 25 13 11 8 20 17 4 21 11 20
16 4
7 16 10 3 
1 1 7 7 7 1 1 1 15 7 10 15 7 1 1
47 6
6 1 15 36 22 3 
14 35 14 11 23 13 23 13 1 14 6 40 40 42 38 18 30 39 10 35 14 47 21 41 40 32 29 20 47 43 40 40 37 32 10 27 12 40 1 10 47 35 1 22 8 13
6 2
3 6 
4 1 1 1 4
20 6
10 6 8 4 9 19 
14 18 8 14 8 18 12 11 17 8 2 5 1 1 5 1 10 14 19
28 14
9 5 13 27 3 11 28 4 25 18 19 24 7 23 
1 11 14 14 20 4 14 4 24 12 4 7 1 20 15 2 20 4 1 8 4 8 20 2 18 20 22
12 6
7 1 5 12 10 9 
8 1 9 3 10 3 3 5 8 4 3
22 16
17 12 10 16 14 22 21 4 3 19 2 6 8 18 1 7 
13 18 13 3 15 13 10 2 18 13 13 1 10 12 4 18 1 12 12 2 10
36 24
18 9 7 15 10 22 28 32 2 36 33 14 31 11 25 6 21 4 1 35 27 3 12 5 
33 31 32 1 17 30 10 1 19 33 29 19 18 35 19 5 34 9 28 18 19 29 10 20 5 35 19 16 16 32 24 9 35 9 6
12 2
9 1 
7 11 12 4 1 1 3 3 12 1 1
44 16
5 20 36 2 31 41 16 8 25 28 11 29 26 43 13 27 
37 35 23 4 18 18 22 23 12 12 30 1 1 4 23 23 1 36 9 14 12 27 25 33 43 30 4 11 18 18 33 1 18 6 6 30 27 41 15 15 14 44 2
14 12
13 1 7 11 14 10 9 2 4 6 8 3 
13 12 5 1 11 11 10 6 11 1 1 5 10
17 12
2 7 6 15 12 10 5 3 17 13 1 14 
14 1 14 15 16 1 7 10 16 15 7 11 12 1 1 11
13 2
8 1 
1 5 9 4 9 9 13 13 4 10 6 1
25 10
25 6 2 19 22 15 3 20 24 9 
8 12 21 10 24 1 13 23 13 14 14 1 7 1 23 25 11 2 6 8 8 21 10 7
28 2
6 8 
9 28 1 26 13 18 20 4 18 12 28 1 8 28 6 3 11 26 13 12 26 4 25 20 13 25 20
35 6
2 30 31 19 12 11 
8 14 18 1 5 2 1 1 33 30 5 5 8 9 5 34 16 2 10 10 34 4 31 6 14 29 11 11 1 30 34 11 1 30
23 16
17 20 1 10 9 21 4 19 2 8 15 5 22 16 23 13 
16 17 17 9 15 11 1 17 8 1 10 1 19 8 13 13 14 1 8 13 9 15
4 2
1 2 
1 2 1
43 38
2 33 34 8 12 6 43 37 36 16 41 4 26 5 42 15 35 1 30 13 27 11 39 17 21 25 24 18 23 22 20 3 40 7 29 9 14 32 
19 40 12 23 2 3 24 24 1 21 26 21 24 39 42 40 19 28 42 1 23 21 23 13 35 23 1 35 11 19 21 2 30 23 30 39 9 40 1 1 24 2
6 2
3 4 
1 1 1 1 1
5 4
1 5 2 4 
1 1 3 2
25 18
23 18 2 22 1 8 25 17 3 20 7 24 6 9 14 11 16 12 
7 9 25 25 19 12 17 14 14 9 17 6 4 7 6 1 10 1 9 14 7 25 25 1
21 18
8 5 3 20 18 1 11 6 9 2 19 4 21 14 15 7 17 13 
1 1 20 8 9 3 3 1 1 8 2 7 2 2 13 6 1 2 13 5
49 36
23 26 35 36 8 4 33 24 7 44 1 38 16 25 10 27 13 15 19 37 20 40 3 14 31 42 5 39 12 34 17 6 43 9 11 28 
28 46 36 20 4 11 19 15 41 10 4 45 31 36 1 10 1 4 43 22 41 33 36 1 1 31 43 18 1 30 47 1 14 18 26 19 41 46 36 46 47 27 5 20 18 30 31 40
46 10
11 20 35 33 5 40 43 32 29 46 
11 6 1 18 36 20 34 30 9 17 30 28 24 18 11 27 19 7 1 32 39 11 27 37 34 1 4 11 20 18 6 24 37 11 27 24 14 2 1 25 31 1 36 12 36
24 18
13 23 18 2 19 3 10 21 4 7 24 9 8 16 14 11 12 5 
17 17 1 18 18 18 13 23 23 22 11 17 10 22 17 1 13 22 8 13 18 4 1
46 34
35 27 34 25 36 28 39 2 38 1 24 29 3 40 18 31 14 11 8 45 13 30 33 16 42 5 22 26 9 17 6 32 7 44 
21 24 1 40 13 16 11 29 27 40 36 24 6 4 4 15 13 29 40 15 3 33 40 8 11 20 4 37 4 3 3 20 2 32 8 21 37 15 21 20 15 33 45 32 20
13 8
7 8 10 3 11 6 1 12 
1 2 7 1 4 1 7 7 5 10 2 10
29 8
25 9 1 29 22 20 3 17 
9 24 14 1 29 25 21 1 9 12 3 4 27 27 14 3 29 22 4 1 29 9 21 21 21 1 24 3
24 10
14 15 17 2 16 12 22 21 7 24 
19 19 12 20 9 1 17 19 2 8 14 10 19 10 14 19 12 1 12 19 9 24 2
12 12
11 10 7 9 4 5 6 8 1 12 3 2 
12 12 1 1 2 12 6 1 12 1 9
22 8
6 11 20 1 8 21 12 5 
1 2 1 12 7 11 2 2 3 3 4 10 4 17 5 2 12 7 2 3 17
36 10
8 16 21 6 34 30 13 22 26 7 
17 22 12 23 1 3 3 16 6 23 9 1 17 17 23 1 7 11 23 11 1 7 2 10 24 32 13 22 31 6 16 35 13 10 6
41 14
20 8 22 17 6 10 33 38 29 31 14 24 7 18 
27 36 1 22 12 17 36 5 1 15 16 16 16 5 22 1 29 28 27 36 1 36 26 27 14 36 1 16 28 4 17 36 5 28 28 33 26 25 1 36
9 2
2 1 
6 6 1 9 1 6 5 4
34 22
33 12 22 25 5 6 28 11 7 21 27 10 20 32 15 17 23 19 29 9 14 8 
4 34 5 12 1 31 22 12 15 22 15 5 5 1 3 9 29 16 24 18 27 17 25 6 27 1 10 25 17 24 10 15 1
2 2
1 2 
1
