71
58 8
16 5 22 37 38 21 4 25 
29 18 7 44 54 46 21 12 55 49 29 42 22 22 29 7 1 46 3 34 33 42 55 54 48 12 49 34 18 26 18 34 3 54 12 33 28 30 38 12 22 44 41 3 28 41 30 1 21 34 30 18 34 30 1 34 27
56 40
3 19 42 52 27 23 39 36 53 16 30 20 25 11 18 55 1 38 32 15 7 33 9 46 17 54 22 51 47 24 28 41 35 50 13 34 12 29 6 56 
13 52 15 33 13 44 13 24 15 31 55 49 12 36 52 12 39 13 10 11 1 15 31 48 23 46 48 55 33 49 35 31 29 49 1 52 35 15 12 45 8 32 8 49 10 36 1 1 32 36 31 37 35 22 19
45 8
30 20 43 6 27 36 19 31 
21 40 37 19 4 18 38 3 43 22 9 1 43 36 5 43 44 13 11 22 1 1 16 24 41 36 11 30 42 37 6 41 6 29 1 40 3 34 1 43 11 40 37 35
66 44
4 66 5 62 41 44 37 52 13 42 32 49 12 31 6 43 51 14 9 46 58 7 56 39 63 26 64 27 1 8 53 23 57 20 48 10 47 22 30 34 40 15 55 61 
1 51 7 12 20 19 12 46 38 60 60 17 37 1 54 54 8 55 55 1 15 56 4 60 64 1 65 22 54 59 49 41 62 41 6 27 41 43 30 15 38 62 41 27 54 6 27 48 37 27 6 66 15 1 38 7 2 12 1 25 17 60 22 30 11
22 6
11 7 21 1 22 5 
21 1 17 8 8 17 11 4 17 3 17 12 12 11 17 1 4 4 18 17 12
64 10
28 24 7 26 10 37 3 12 19 34 
50 25 24 27 49 8 38 56 28 39 4 63 41 63 27 5 48 39 1 47 15 13 27 49 8 54 20 17 59 38 52 13 59 41 63 59 63 49 20 1 63 41 56 63 4 58 7 56 56 8 28 49 1 26 54 59 27 41 19 7 2 27 20
33 10
15 33 14 23 9 19 21 4 25 3 
22 2 5 17 12 18 6 26 6 26 1 4 20 2 1 1 6 1 22 18 19 14 22 15 6 14 31 18 2 1 5 28
69 20
32 29 51 58 24 63 20 13 9 17 47 10 7 44 19 6 60 23 4 52 
1 16 22 10 8 2 68 17 52 10 1 15 56 2 2 1 68 57 22 7 62 15 8 24 59 21 45 56 40 1 55 8 16 8 51 8 55 68 52 23 55 40 22 36 11 4 24 58 47 68 16 22 57 17 52 1 8 8 20 26 56 45 34 24 62 11 21 14
63 42
45 17 4 50 1 37 51 14 56 19 42 5 6 43 57 20 38 53 16 36 12 49 63 26 29 27 44 7 62 3 40 21 35 18 55 2 60 8 11 15 34 47 
28 49 37 27 14 6 34 37 41 52 50 48 5 6 1 24 11 5 44 57 57 57 1 28 28 63 29 1 14 9 56 16 27 6 62 45 24 38 14 45 43 55 1 63 14 1 49 1 8 52 47 11 26 24 4 30 7 23 18 43 26 1
53 10
9 1 3 37 33 19 53 7 14 48 
46 13 25 13 20 41 30 39 35 39 52 39 2 25 28 50 43 1 48 31 53 30 46 30 44 40 39 51 1 23 45 50 2 2 32 48 40 1 45 23 25 40 19 50 41 45 30 25 23 8 45 45
49 2
30 48 
5 46 13 25 16 27 13 8 21 41 13 36 48 8 1 21 30 35 33 1 25 34 12 21 34 29 8 1 19 48 19 23 36 49 35 35 22 42 16 47 1 14 13 12 27 49 29 1
67 16
43 26 34 10 44 27 48 56 52 35 58 37 13 30 66 32 
3 59 22 3 35 9 22 45 46 18 41 33 38 58 8 9 62 63 18 5 1 17 5 22 6 49 32 22 57 38 60 22 60 4 49 1 1 41 66 22 37 42 49 54 44 46 58 22 42 39 32 12 12 63 18 61 26 22 41 59 4 35 3 45 42 5
7 2
3 1 
4 1 5 6 1 5
55 34
25 21 20 10 27 24 37 52 6 4 41 8 45 1 38 28 23 3 40 2 39 5 48 50 13 14 51 17 29 16 55 19 7 44 
43 32 51 1 40 51 38 1 1 41 50 10 35 7 13 24 22 39 25 32 8 27 22 38 35 50 39 11 50 38 39 18 36 1 35 14 27 50 10 50 25 42 1 11 27 8 32 52 1 23 40 9 25 35
66 2
57 66 
42 11 57 20 26 26 36 54 54 63 46 5 53 7 30 36 44 23 1 8 33 61 1 8 1 10 30 34 36 9 23 1 46 46 33 6 32 6 25 8 1 28 12 34 26 1 7 34 25 20 66 61 30 17 20 21 23 41 26 6 25 32 36 64 36
7 4
2 5 6 1 
5 4 1 1 5 1
37 10
6 29 15 5 34 2 26 31 8 18 
7 10 28 10 24 30 17 24 7 7 13 2 2 24 27 15 15 10 24 7 8 7 1 36 34 7 19 13 1 26 9 19 2 19 19 33
58 44
54 41 25 48 38 10 9 45 21 19 56 2 39 33 26 8 11 30 13 7 24 57 20 46 12 49 5 42 55 18 35 16 31 37 51 14 32 4 36 47 17 27 29 23 
33 18 33 47 50 49 46 44 44 1 1 35 38 27 48 6 1 17 24 37 38 28 28 1 20 6 3 15 17 47 52 56 20 56 32 5 56 37 49 18 1 23 25 54 39 44 35 13 55 38 56 35 55 28 18 32 5
42 20
14 36 27 10 41 4 21 15 7 24 28 23 3 30 12 5 39 35 38 1 
4 30 27 18 42 1 5 16 27 1 30 38 42 22 1 41 1 12 41 22 29 41 14 16 14 25 42 42 32 12 41 38 14 30 1 42 18 40 25 18 18
11 8
7 1 2 8 6 3 10 4 
11 1 7 3 1 1 9 7 7 1
30 18
20 22 27 24 28 11 15 16 4 3 5 26 9 13 25 17 6 14 
1 13 25 17 1 3 29 21 5 13 9 6 25 25 25 8 11 3 13 1 13 25 11 6 1 29 10 13 20
49 12
16 12 11 4 21 18 35 30 37 2 32 15 
24 24 40 6 29 37 3 30 28 30 40 49 45 21 29 15 15 12 46 1 41 39 28 32 40 19 1 26 35 43 10 10 40 40 1 40 32 40 1 28 48 33 7 7 15 13 10 10
49 18
39 8 7 24 19 3 17 25 38 21 5 6 18 11 48 46 9 15 
43 1 19 21 19 39 29 20 40 41 24 4 20 33 36 49 4 32 4 3 37 27 29 13 30 1 32 32 27 35 1 23 3 3 40 29 41 1 1 5 1 4 40 32 45 43 43 27
28 10
11 22 9 16 23 8 25 4 14 1 
8 5 12 1 19 1 26 27 15 23 14 23 24 5 26 1 15 7 26 16 26 1 13 15 17 21 12
54 34
18 21 9 25 37 39 36 32 53 42 47 13 50 28 17 23 44 7 41 24 22 29 27 51 52 11 48 30 43 6 45 8 20 19 
26 21 5 49 49 36 17 1 1 52 6 38 15 7 36 1 1 29 51 8 21 15 17 28 9 22 9 22 22 21 13 21 54 46 17 48 48 28 14 8 25 39 5 52 15 15 17 17 13 36 1 41 38
30 16
30 13 16 1 5 17 20 19 2 6 23 26 9 14 25 24 
24 20 3 27 23 3 20 13 1 1 11 22 21 2 19 11 2 1 1 19 10 28 20 23 3 20 7 18 14
34 18
14 1 7 11 28 27 2 23 26 9 25 31 17 34 15 32 5 33 
34 4 1 16 30 27 3 4 1 4 19 30 8 34 1 23 8 15 3 3 1 1 27 4 2 8 15 1 4 14 2 4 3
29 8
27 12 23 2 5 13 17 11 
26 12 15 12 20 16 25 25 16 5 25 25 27 12 23 25 1 29 16 3 17 1 16 1 5 11 16 20
24 18
16 5 14 1 8 17 13 11 22 9 23 15 21 4 19 2 7 3 
3 20 19 20 20 17 1 16 17 23 20 9 19 5 20 6 3 1 1 10 9 20 11
8 2
4 8 
7 1 1 4 1 3 7
28 22
16 1 9 18 21 14 10 27 4 25 8 28 11 13 23 6 22 3 20 26 7 17 
6 16 2 1 26 8 6 26 21 19 4 27 24 1 1 7 28 1 16 16 21 25 1 1 28 16 23
33 16
8 23 22 30 20 29 15 2 27 10 17 33 16 11 1 21 
17 1 2 17 24 28 14 1 7 15 18 17 9 2 9 1 1 4 3 33 27 15 28 11 27 30 16 18 14 16 9 23
17 2
8 3 
7 6 10 1 16 16 17 8 1 6 1 17 1 6 1 1
19 18
5 16 9 3 8 13 18 1 11 7 14 2 19 4 12 15 6 17 
7 4 1 19 7 4 13 12 11 9 1 19 11 11 17 3 12 17
3 2
3 1 
1 2
28 8
15 5 19 21 4 10 11 28 
5 15 1 20 5 4 12 5 1 1 28 22 4 5 21 21 20 18 1 18 11 20 21 11 11 1 11
52 38
26 28 7 43 6 51 14 34 18 52 15 1 38 3 40 37 49 45 8 21 4 16 39 2 13 30 10 35 36 20 33 46 42 5 17 23 25 29 
50 42 39 1 25 47 23 37 42 26 22 23 21 22 33 34 11 46 30 51 11 1 26 40 39 18 22 47 26 29 11 3 16 23 13 39 7 1 5 5 1 26 51 35 28 1 22 23 4 47 18
38 18
26 10 7 28 11 29 22 27 30 21 4 19 2 31 8 15 32 9 
31 5 27 11 36 9 32 29 8 34 34 32 22 13 27 31 15 27 22 3 34 9 34 28 29 1 22 28 32 34 1 16 27 27 24 11 11
17 8
3 14 4 5 6 13 16 10 
13 1 16 12 16 9 7 1 5 10 1 6 16 3 12 13
36 8
22 32 9 14 25 33 12 3 
27 35 1 30 19 34 4 1 30 17 9 9 9 27 4 35 12 33 13 1 5 2 7 33 29 7 13 17 13 30 6 4 35 1 8
31 6
14 7 21 13 27 12 
14 27 13 14 7 21 14 1 27 17 25 11 11 14 21 1 5 13 5 9 5 17 30 14 30 23 4 27 1 14
4 2
4 3 
4 4 1
41 18
22 40 38 35 7 41 24 28 36 2 26 31 6 33 16 20 17 25 
41 34 27 6 29 29 22 33 23 31 28 34 31 19 27 1 23 17 1 35 4 35 23 6 37 11 11 17 27 1 1 6 18 1 24 34 11 28 19 25
70 34
36 40 12 60 64 46 69 32 51 28 57 1 52 15 67 16 63 22 19 56 43 6 34 2 33 70 44 48 18 55 29 66 8 45 
55 5 61 1 70 70 34 67 70 37 59 70 12 29 39 70 59 18 33 10 1 70 28 59 46 58 13 55 1 11 10 37 6 66 5 23 55 61 20 39 35 28 2 56 37 1 28 53 70 29 22 54 50 1 27 30 47 1 23 5 25 66 14 27 70 34 32 64 47
16 14
16 13 8 6 12 3 10 2 9 7 4 15 1 5 
6 13 1 9 4 4 1 4 1 2 10 7 2 8 4
13 4
1 4 13 6 
11 1 2 1 8 1 12 11 1 1 1 1
63 48
28 58 22 5 7 38 29 52 10 24 42 61 8 45 18 2 39 36 47 27 56 50 23 60 40 3 11 26 63 9 15 49 12 21 62 43 6 51 14 17 54 35 32 33 57 34 53 1 
16 12 6 58 10 1 49 41 57 1 18 55 54 11 11 45 63 59 57 22 16 28 38 57 32 43 58 24 32 37 11 20 21 50 55 47 54 10 20 19 25 11 5 1 42 22 21 14 20 57 63 12 22 58 6 1 11 1 23 51 51 16
18 2
12 6 
1 17 12 1 1 13 17 8 1 16 1 12 12 1 1 12 6
45 38
7 14 20 25 13 39 2 29 36 15 32 41 40 3 6 43 9 38 21 17 37 33 35 18 44 23 31 26 28 5 42 27 10 22 45 30 16 19 
14 11 34 2 25 1 39 1 14 32 45 40 39 29 17 27 22 32 21 9 1 21 5 9 23 34 20 39 35 11 25 39 9 13 22 16 29 9 1 7 40 31 15 10
26 12
3 21 15 23 13 5 11 18 7 16 10 8 
6 26 7 18 7 11 16 17 21 1 5 15 5 18 17 15 1 12 9 9 17 15 11 15 1
35 32
21 7 8 29 17 26 32 6 15 2 14 31 5 16 22 23 30 20 3 4 11 28 24 27 10 1 35 18 9 25 34 33 
19 20 9 32 23 16 16 19 14 23 22 22 32 20 1 9 20 32 1 26 1 19 3 15 16 15 34 14 29 18 22 4 25 18
8 2
2 8 
1 2 2 6 1 1 2
23 2
3 1 
10 10 1 2 19 1 1 23 1 16 5 6 18 4 3 5 17 16 7 3 19 7
73 30
5 56 19 41 4 64 9 46 3 16 67 33 24 61 45 8 32 29 66 6 34 35 72 1 38 21 11 48 44 7 
1 16 26 64 40 29 73 26 68 26 33 59 4 4 50 44 12 13 14 40 70 7 22 49 1 67 19 51 4 29 47 64 20 48 49 9 26 22 70 43 40 46 30 53 15 33 40 61 51 38 30 60 3 7 9 26 21 31 70 70 51 60 2 58 9 63 70 68 4 1 30 6
58 50
6 29 17 12 8 3 52 34 20 48 4 33 13 43 54 25 27 56 39 2 40 51 14 30 36 31 15 32 9 46 26 41 57 35 21 58 11 10 47 23 45 1 55 44 7 28 42 50 53 49 
13 1 1 46 32 50 36 36 31 42 24 32 4 35 54 42 38 32 42 36 20 54 54 14 37 42 16 28 1 55 1 50 19 20 48 9 58 31 8 10 32 58 23 50 21 41 38 3 24 55 1 6 4 14 1 20 1
3 2
2 3 
1 1
45 22
35 34 40 39 2 18 21 16 33 24 10 44 5 22 12 9 20 6 45 11 31 32 
12 37 6 25 1 22 37 12 23 18 21 3 24 3 20 12 6 1 43 6 21 40 35 16 45 39 37 10 13 28 10 43 10 12 7 1 37 41 37 21 28 37 37 4
13 12
10 7 9 5 8 6 13 3 4 11 1 12 
9 4 11 4 1 11 4 4 1 1 7 8
65 60
32 58 38 10 28 24 21 51 17 19 33 15 63 43 42 11 64 3 7 36 45 5 44 39 41 4 54 62 25 22 59 55 18 12 49 1 35 14 48 47 16 60 23 34 30 46 9 20 65 27 50 13 2 26 37 61 40 56 6 52 
37 46 25 25 23 53 41 29 64 35 22 31 34 29 30 59 64 64 48 33 30 57 1 23 39 11 19 48 39 20 57 30 38 39 63 1 30 1 26 25 19 30 23 61 23 1 41 21 53 31 29 1 35 25 25 1 54 9 65 6 64 48 30 6
61 56
22 2 49 8 27 29 38 45 17 13 55 61 48 3 41 56 32 31 12 7 52 15 30 46 9 43 6 42 5 25 23 60 40 57 20 50 36 19 4 44 10 47 37 33 58 35 16 28 34 51 14 11 59 18 26 24 
24 11 35 4 22 58 21 30 23 54 44 34 53 59 54 32 48 8 61 1 49 32 7 21 5 38 21 11 54 7 58 3 32 30 21 1 54 11 33 47 28 3 58 42 16 38 34 21 53 21 49 29 1 54 25 4 54 44 24 51
63 60
25 48 7 56 37 61 47 63 10 28 39 44 1 22 59 20 11 42 46 41 19 57 32 14 27 5 54 17 3 40 4 55 18 26 60 23 34 50 13 62 35 52 15 58 16 53 33 2 9 30 29 38 36 31 8 45 24 6 43 12 
18 51 25 1 2 50 48 1 12 39 6 50 44 50 48 9 1 41 13 49 24 50 61 42 23 31 17 61 9 56 45 56 58 19 50 1 48 56 63 18 30 9 55 58 50 40 50 43 37 9 56 15 50 12 9 56 1 18 43 37 9 18
20 16
6 16 4 3 12 17 10 13 14 11 9 18 2 19 7 8 
19 4 13 20 4 2 20 19 11 4 13 1 13 13 13 1 14 1 11
25 20
25 9 24 4 11 13 6 23 12 15 1 16 21 14 3 20 8 19 5 7 
23 8 5 8 17 8 1 17 1 18 17 5 8 2 1 8 8 22 17 3 18 8 2 10
35 32
27 31 8 7 28 13 4 24 18 2 25 5 32 3 15 35 14 20 30 1 22 17 34 26 33 16 19 12 29 11 23 21 
23 24 1 14 25 27 22 16 23 16 1 15 19 1 15 28 30 13 27 25 16 3 1 13 18 35 13 6 28 19 21 21 33 13
46 44
13 32 5 4 20 27 9 25 26 24 7 44 10 8 45 28 11 19 15 35 18 14 21 16 30 37 43 6 29 42 3 40 38 1 46 39 2 34 23 36 31 33 12 41 
1 15 42 7 21 28 9 1 35 13 19 46 33 16 44 44 21 23 22 38 15 21 21 24 23 9 2 46 6 45 42 39 27 1 41 9 45 27 38 2 1 35 9 9 44
38 2
26 29 
10 9 16 29 7 29 18 1 8 10 1 27 9 27 15 16 9 15 1 28 10 19 38 7 9 33 29 1 8 35 28 9 26 1 35 14 33
12 6
6 11 1 8 9 2 
4 10 10 1 1 10 10 10 5 6 4
16 8
11 8 2 16 7 14 1 10 
15 4 14 7 4 15 5 4 5 9 1 3 1 1 6
30 30
26 22 27 18 2 13 6 14 24 20 4 5 16 10 17 1 28 11 21 9 23 3 30 8 25 7 12 29 15 19 
19 23 28 17 20 2 29 3 7 4 27 28 23 24 24 15 19 1 28 16 11 2 4 2 29 2 1 1 29
51 44
28 17 44 39 42 5 48 50 38 29 7 19 2 36 31 14 51 33 16 20 37 25 47 10 27 40 3 32 15 30 18 34 41 4 21 8 43 11 46 49 26 13 23 24 
34 1 24 44 3 1 32 43 12 12 18 1 3 20 29 8 34 39 14 51 14 47 13 1 32 40 39 21 44 39 6 31 14 24 13 18 40 3 43 13 44 35 9 41 13 14 14 41 49 7
19 8
8 9 7 4 3 17 18 1 
17 19 18 18 1 1 11 10 18 13 10 18 18 1 10 9 1 14
