7
15 14
11 10 15 5 14 13 3 12 4 9 6 8 1 7 
8 1 9 1 1 9 6 1 6 8 5 1 10 11
37 20
18 17 7 4 36 2 34 21 16 3 26 15 8 14 31 13 12 28 23 27 
32 26 36 6 11 30 11 15 22 1 5 25 3 22 10 26 35 9 26 9 1 14 22 8 10 36 11 9 35 11 9 1 12 22 22 36
10 6
8 4 2 10 3 6 
7 2 9 2 1 1 6 1 5
36 2
25 8 
10 10 11 21 19 1 5 11 19 7 13 27 28 21 18 36 24 1 27 24 19 1 1 16 1 7 33 24 19 8 19 24 28 7 23
16 4
2 15 11 13 
15 6 1 1 5 9 14 1 1 1 1 8 6 12 12
24 6
19 13 6 20 24 14 
4 5 18 12 5 22 18 16 1 6 18 10 16 7 4 4 1 16 1 19 24 22 10
7 2
1 4 
1 1 5 1 5 5
