41
5 2
1 5 
4 5 1 1
18 12
8 4 9 7 13 10 5 12 3 15 1 6 
4 1 14 4 14 10 1 6 1 14 6 1 1 11 13 4 4
35 16
9 8 3 4 12 17 6 11 28 7 35 1 19 33 15 32 
30 29 32 11 29 32 11 30 16 21 27 32 11 1 1 15 27 5 11 24 30 30 30 30 29 21 2 9 15 15 15 31 20 27
15 4
5 13 8 7 
1 10 15 1 7 13 15 1 12 7 9 1 13 7
31 12
15 31 27 23 11 28 29 1 25 8 19 4 
22 1 28 15 4 28 23 21 6 3 6 23 6 1 15 2 4 22 23 2 3 28 11 30 13 15 15 22 5 14
10 8
10 9 1 8 3 4 6 7 
1 4 5 1 7 2 4 4 7
26 4
15 18 26 16 
4 26 9 23 14 11 3 24 23 18 18 23 1 24 11 24 26 13 23 14 15 24 14 3 14
6 4
2 4 1 6 
5 1 3 4 1
16 10
11 12 9 13 15 4 5 7 14 16 
1 16 2 8 1 16 4 2 4 14 6 15 2 3 2
10 4
6 1 3 2 
5 2 1 6 7 1 1 10 5
19 12
4 5 8 9 17 1 13 6 19 14 7 10 
19 2 11 17 1 6 10 14 1 19 18 11 11 6 13 2 19 1
36 2
15 20 
1 35 16 1 12 24 22 5 16 8 19 18 5 24 5 1 27 2 7 19 1 1 1 16 25 24 10 25 24 30 33 19 2 34 19
7 2
4 3 
1 1 7 1 1 1
18 2
2 12 
18 8 2 18 3 17 12 13 2 18 1 11 7 6 18 13 1
13 2
6 10 
11 1 11 3 1 1 10 10 6 13 7 6
23 2
10 2 
4 18 1 1 4 18 2 13 19 2 18 17 4 16 1 16 16 15 3 18 17 18
33 6
30 18 19 26 17 27 
6 6 10 13 10 26 9 32 1 28 13 10 10 28 31 15 4 15 4 3 20 15 11 9 13 29 1 13 3 4 6 14
30 16
9 16 3 19 11 15 17 22 25 4 1 29 12 10 7 24 
28 12 14 14 4 4 15 14 14 1 15 18 11 11 12 18 15 5 15 11 13 30 15 16 29 30 14 9 15
29 4
16 21 29 13 
7 1 1 1 22 4 15 4 29 21 6 1 7 3 29 21 23 10 18 4 5 22 7 7 14 20 4 18
2 2
2 1 
1
27 22
12 21 11 8 24 22 16 20 3 19 10 27 25 13 17 14 7 23 18 1 9 4 
13 4 1 1 21 16 9 5 15 9 14 1 15 7 1 4 13 15 14 4 13 1 17 4 16 16
30 18
27 4 18 1 11 7 24 19 2 9 26 12 29 14 16 25 15 21 
30 30 6 11 1 25 6 29 20 1 6 8 4 22 13 26 26 20 1 24 13 8 6 23 30 24 24 10 13
29 26
18 21 5 9 25 23 15 10 24 4 1 14 3 20 17 26 6 28 11 13 2 19 16 27 8 29 
16 7 7 9 22 22 17 1 12 1 25 3 20 18 1 23 1 29 12 1 1 16 5 23 17 18 24 9
11 10
6 3 5 10 9 2 11 7 8 1 
3 5 1 1 3 1 3 8 3 6
30 22
19 8 23 30 5 17 18 1 21 13 22 2 9 29 12 6 7 24 14 28 15 16 
6 15 30 18 11 26 20 18 8 1 1 29 16 16 11 27 1 22 5 18 1 9 9 18 11 13 26 1 16
22 18
10 12 3 20 1 18 15 21 4 14 9 6 7 22 19 2 11 8 
21 21 1 21 18 4 1 16 19 7 7 3 21 22 10 11 1 1 18 4 4
5 2
2 5 
5 4 1 1
22 8
14 21 5 22 8 16 11 3 
7 16 1 17 7 1 18 1 14 16 10 5 21 21 21 21 12 2 5 1 21
24 18
1 18 15 9 5 11 10 14 6 23 13 19 8 7 24 12 3 21 
19 9 8 15 21 19 1 1 24 22 21 15 21 19 19 7 1 21 1 1 21 8 1
23 8
7 8 23 10 17 2 19 20 
13 6 9 13 19 22 19 19 6 8 13 19 2 8 6 18 9 1 19 13 11 18
6 2
1 5 
5 1 3 1 1
8 4
6 8 3 4 
1 1 3 7 8 2 3
22 2
14 20 
4 6 20 14 22 6 13 7 2 22 17 1 10 11 4 7 11 7 1 11 13
20 10
9 2 7 13 10 20 3 4 18 1 
12 6 15 6 1 15 15 6 3 14 6 14 5 14 19 6 7 3 10
19 16
3 17 12 9 16 15 19 2 14 13 5 10 18 4 8 6 
7 6 12 13 18 16 9 3 1 1 3 7 9 12 10 6 16 2
17 14
9 4 10 13 17 3 16 8 6 5 12 1 15 14 
1 12 11 13 13 10 5 5 1 10 1 15 1 1 13 7
9 8
3 5 1 8 2 9 6 7 
1 6 1 7 1 1 1 6
19 10
18 19 4 14 10 17 8 15 6 11 
1 17 2 14 1 1 10 2 7 15 13 17 15 19 1 16 1 16
23 18
8 1 2 19 13 6 23 7 10 17 14 12 9 4 22 3 18 16 
9 1 8 15 1 21 11 13 17 13 18 3 1 16 1 16 1 3 3 3 12 22
15 10
1 12 11 13 8 15 14 9 5 6 
1 11 7 7 7 8 11 2 2 1 11 6 2 14
5 2
5 3 
1 1 3 2
