21
21 10
5 16 3 20 12 11 21 4 10 8 
9 5 8 1 16 19 20 5 11 9 9 6 1 9 17 1 3 20 1 14
31 22
20 6 31 27 17 29 22 5 12 26 9 2 19 4 21 1 18 30 3 23 15 16 
19 4 6 4 1 20 4 18 4 25 28 29 3 27 1 21 27 31 31 29 28 20 21 23 29 1 8 4 7 27
47 8
8 1 7 14 34 12 26 2 
1 1 33 11 26 32 43 36 4 3 20 42 30 1 11 37 41 28 26 2 21 33 3 27 35 20 34 36 35 23 36 27 33 1 1 6 4 31 47 2 41 33 38 29 23 13
8 2
3 2 
7 6 7 7 1 6 3
39 32
15 36 8 38 1 6 29 4 26 13 32 33 25 28 5 35 14 19 18 16 37 20 24 7 12 27 10 9 34 30 21 11 
29 27 20 31 11 10 11 37 37 34 29 12 37 24 21 5 17 10 31 35 19 3 37 37 2 1 35 1 22 2 27 2 38 1 34 1 12 25
29 14
18 11 2 19 23 3 29 21 10 27 5 25 26 9 
28 6 19 23 1 13 29 4 15 24 6 18 11 24 19 1 23 6 26 19 26 25 4 1 19 22 26 25
41 8
31 32 6 41 16 37 5 12 
15 1 7 30 5 39 7 7 15 39 3 5 22 7 30 35 2 7 34 16 13 2 12 33 6 30 37 40 3 13 16 10 30 1 12 16 41 3 15 1
33 16
9 1 10 25 4 3 32 7 14 22 2 29 12 17 23 6 
1 32 29 1 4 1 29 5 29 7 19 1 3 8 32 28 7 29 33 8 7 32 28 32 10 2 4 1 7 8 27 9
25 4
24 20 7 25 
23 12 19 1 17 8 11 14 23 1 17 11 1 14 4 24 1 11 8 11 15 13 1 5
26 22
8 16 25 3 6 7 20 15 21 4 23 26 9 19 2 10 5 11 18 13 12 24 
24 24 23 8 16 15 1 10 1 26 18 26 3 17 24 10 17 16 2 3 1 10 1 20 10
24 24
10 6 3 8 5 2 7 13 21 4 11 19 9 17 24 14 16 20 1 18 15 23 22 12 
1 12 17 13 10 24 20 8 2 7 10 7 9 24 13 8 8 17 24 24 1 15 1
6 2
5 3 
1 1 6 1 2
23 20
20 7 10 23 13 22 5 12 4 17 9 2 11 14 6 1 8 15 3 16 
15 18 3 16 4 12 18 12 9 21 23 9 10 23 21 18 1 21 11 1 10 17
9 4
5 7 8 1 
7 5 9 7 5 1 7 7
28 8
16 24 4 26 9 1 22 28 
9 14 8 8 15 3 1 1 26 14 1 14 1 4 27 14 24 14 22 22 1 14 14 17 3 9 3
35 28
27 6 31 19 18 2 29 13 16 10 35 34 3 4 21 12 1 30 23 5 22 25 14 33 26 17 7 24 
22 5 3 1 3 6 5 6 22 7 8 26 21 27 1 23 31 12 5 3 8 8 5 33 2 2 9 18 5 12 22 27 32 20
17 14
10 3 12 7 9 5 15 6 13 17 16 8 1 11 
1 1 3 7 2 1 1 2 11 6 11 15 10 4 3 5
27 26
11 20 18 19 2 3 27 15 7 22 9 26 23 6 10 17 5 1 16 25 8 12 24 14 21 4 
11 11 22 3 8 6 1 5 17 17 26 18 4 18 18 8 6 22 6 1 17 22 7 23 10 1
11 2
4 1 
10 1 8 11 1 1 1 6 1 1
18 16
2 12 8 11 16 7 6 13 10 14 9 4 1 15 5 3 
3 5 14 6 13 3 15 6 6 18 6 14 1 14 3 5 1
2 2
2 1 
1
