10
75 50
23 64 2 11 8 47 17 31 74 24 26 25 3 63 75 38 62 28 65 68 70 50 6 54 37 44 7 39 5 42 22 59 15 52 36 56 30 16 41 58 9 49 10 32 61 14 66 40 72 45 
9 39 22 16 21 18 25 64 1 68 39 57 9 12 52 20 45 50 52 22 35 61 21 74 54 52 51 32 25 75 34 64 45 50 12 64 55 75 44 31 28 34 72 1 32 12 50 10 1 36 57 40 64 56 22 74 33 72 52 12 8 75 45 50 36 10 34 2 44 48 74 1 45 1
258 162
17 143 29 96 133 156 171 118 127 163 62 214 224 57 9 192 183 95 180 248 130 227 60 94 104 137 110 92 186 135 168 101 131 36 174 152 231 210 117 150 154 240 23 165 243 98 114 129 220 91 258 140 221 39 206 67 126 194 27 177 164 237 178 11 2 169 254 87 68 59 226 147 233 66 145 111 48 122 34 201 108 80 197 204 88 255 18 181 14 84 251 109 21 188 35 26 193 151 239 72 58 225 207 40 119 198 195 28 256 89 15 6 173 44 211 38 242 75 141 212 45 153 65 232 55 134 160 189 22 167 61 106 121 200 42 113 136 199 138 69 63 250 83 170 3 161 20 90 257 155 86 49 216 217 50 71 252 85 219 52 179 12 
31 116 44 47 42 222 19 99 170 133 116 7 240 80 220 60 116 233 197 225 133 180 80 86 11 159 127 78 106 250 131 114 151 136 116 38 133 49 232 1 217 3 133 214 31 195 244 56 185 71 30 59 216 256 66 161 118 80 179 241 80 150 121 1 7 24 233 3 71 119 77 28 57 71 125 1 250 57 119 215 1 158 206 220 246 122 159 195 188 98 116 161 126 251 252 69 28 258 114 121 108 170 61 159 195 23 47 233 217 39 110 82 161 226 1 222 60 38 229 203 213 211 114 66 216 151 110 135 258 151 127 1 102 226 60 215 186 99 121 220 34 229 135 180 40 211 30 97 30 1 16 250 254 244 215 115 52 240 41 7 195 39 38 49 217 180 69 173 195 82 238 133 252 1 136 90 154 195 30 55 188 158 55 197 229 32 106 250 154 148 49 195 258 1 139 56 93 207 222 113 209 218 189 167 207 175 167 7 64 217 37 233 195 7 56 214 7 215 78 62 3 14 122 203 108 3 191 3 131 125 4 250 6 19 181 76 106 54 69 142 56 113 207 72 97 165 215 131 66 125 151 203 47 110 173 67 195
476 28
97 259 291 25 235 309 46 144 367 167 240 359 172 61 142 401 303 81 66 236 273 75 398 169 201 16 195 207 
395 90 92 282 168 18 41 98 294 4 283 68 232 279 196 143 73 377 199 68 180 233 425 330 80 177 274 375 372 238 99 63 176 90 425 403 319 324 337 291 416 199 336 208 467 41 383 153 103 358 2 305 298 449 50 317 85 78 279 163 402 339 339 140 339 165 3 77 140 90 202 50 242 306 338 82 103 114 201 137 322 226 168 13 63 164 119 392 103 130 63 71 319 220 272 179 64 454 39 186 2 80 108 41 407 314 48 343 90 2 103 401 313 256 201 3 150 182 300 18 94 449 375 80 1 438 327 406 80 172 282 3 39 65 71 70 92 450 275 14 18 436 200 395 186 274 106 350 90 314 35 73 102 92 405 247 397 208 280 150 43 7 246 182 454 321 264 316 296 26 145 106 106 44 217 316 348 407 335 454 201 375 279 138 466 249 343 68 394 384 433 141 322 28 190 337 131 125 413 1 279 274 230 3 380 103 5 13 40 225 392 368 50 278 247 438 3 102 20 230 182 373 406 150 123 321 378 21 380 286 241 436 100 404 228 239 383 194 269 116 106 312 370 78 416 33 300 352 403 31 147 115 332 63 71 41 239 394 39 424 422 47 403 4 273 457 311 102 345 236 409 29 307 407 464 404 39 313 222 40 68 397 353 69 402 421 116 41 335 103 290 70 324 39 86 254 73 463 14 279 220 64 352 239 189 1 377 354 186 353 118 291 80 72 230 282 185 375 165 176 116 66 165 237 357 241 73 46 289 471 179 345 23 383 291 380 472 249 80 126 382 189 121 21 119 350 425 119 403 37 80 194 130 387 15 397 154 326 154 125 224 188 307 230 93 90 35 167 238 112 40 82 182 314 314 201 39 447 150 1 165 402 314 134 45 44 71 96 363 442 182 172 335 241 4 416 352 353 128 43 274 71 252 339 264 80 415 322 153 335 306 275 395 40 383 154 342 61 299 202 116 233 201 332 335 5 238 433 176 32 427 423 116 470 352 264 125 462 286 147 179 265 152 157 179 1 158 353 299 4 12 235 311 86 4 377 467 169 342 457 407 114 260 251 436 354 242 21 337 179 5 441 354 50 271
441 8
277 12 36 8 15 381 7 380 
161 147 383 25 292 246 155 347 13 281 232 53 31 251 308 316 302 265 285 405 437 410 347 44 288 343 185 433 186 1 100 9 293 252 154 215 266 200 197 234 223 111 49 361 103 102 389 397 76 210 155 205 200 240 1 145 48 341 362 274 248 421 368 209 278 268 364 288 421 76 19 255 118 55 237 383 343 48 413 85 24 245 326 214 161 183 421 357 106 220 291 268 390 206 151 148 366 36 180 159 149 237 116 154 326 376 280 311 197 56 149 138 407 427 336 14 143 270 29 323 152 102 437 323 128 439 76 330 272 358 407 233 172 259 154 140 396 207 103 220 189 1 339 401 49 433 99 237 233 355 14 201 396 382 56 185 172 210 403 155 143 392 13 301 419 216 403 68 147 42 390 254 61 290 363 161 290 397 288 117 128 359 14 355 82 207 353 251 436 76 247 36 212 6 289 251 343 368 438 213 212 438 290 364 140 102 192 155 154 288 82 311 347 368 152 139 215 100 431 191 137 109 3 203 246 132 362 197 268 429 427 103 430 291 102 438 66 212 403 313 355 153 79 368 33 150 283 433 276 152 103 163 430 368 74 357 152 436 137 420 354 310 252 347 413 288 390 367 381 246 146 207 230 313 205 435 102 162 212 56 140 140 203 237 390 90 382 390 31 293 31 347 40 177 345 340 65 53 197 191 112 118 54 139 117 252 390 293 226 389 187 376 325 318 311 74 356 152 340 146 437 192 143 259 149 177 161 357 82 161 328 301 128 390 364 237 9 187 351 149 424 291 342 189 22 1 301 192 381 68 249 213 223 407 109 76 179 233 374 122 273 67 24 367 254 216 265 99 139 242 4 15 189 162 29 375 45 413 239 1 203 210 9 25 410 372 142 102 133 110 438 424 361 356 206 180 222 242 41 33 34 252 226 356 16 359 213 326 328 149 278 114 121 383 190 200 268 210 183 216 374 357 102 197 360 118 113 154 154 206 324 128 399 278 142 150 347 34 249 176
237 48
82 6 79 36 121 136 123 104 89 199 65 23 102 28 139 218 137 40 114 234 230 9 73 231 46 118 229 69 1 112 163 84 195 196 68 63 221 142 182 171 205 175 17 170 62 220 14 93 
141 168 166 220 41 131 70 47 25 209 34 168 54 25 236 135 70 220 87 198 57 116 34 1 67 131 67 67 154 75 187 129 108 128 170 1 165 57 75 25 219 230 55 67 50 149 213 15 136 2 37 185 58 98 30 130 108 156 182 126 12 54 60 179 6 25 165 97 149 225 3 84 199 79 219 168 95 141 57 32 186 165 134 191 72 224 191 31 20 2 27 15 4 28 211 156 24 152 110 225 42 132 186 233 205 80 217 192 224 222 7 70 219 149 115 131 129 230 87 181 144 181 215 1 149 141 134 75 7 1 180 20 186 22 112 165 196 129 24 12 131 224 72 67 45 9 129 1 224 232 59 47 1 166 130 21 141 136 141 37 197 110 52 67 156 194 217 195 191 90 131 169 153 195 149 25 23 110 131 135 155 70 219 41 108 193 199 82 235 7 58 215 131 216 6 22 136 165 102 58 64 160 168 51 204 28 143 28 67 203 128 180 203 217 7 1 236 224 193 136 50 7 41 218 120 204 115 215 136 53 2 108 204 13 176 5
281 144
253 53 265 103 128 135 186 203 3 165 148 196 141 167 139 262 257 5 22 158 66 145 151 80 62 156 44 211 67 49 152 224 57 120 56 223 238 182 15 2 69 192 190 23 102 269 21 243 76 30 65 232 77 244 39 206 213 123 202 281 92 259 13 180 230 63 261 143 64 55 222 177 256 108 104 72 200 42 121 9 217 138 246 79 101 268 38 117 171 18 97 26 263 137 109 276 221 54 84 47 144 59 226 68 254 87 155 162 241 74 17 81 248 194 173 61 195 204 37 41 208 129 91 179 12 249 106 100 267 218 146 31 198 181 14 168 1 279 112 272 278 111 183 16 
198 234 195 168 217 20 234 102 127 240 4 170 136 117 42 184 221 43 277 56 45 252 54 177 12 24 164 147 11 233 74 256 147 94 111 12 80 32 97 221 102 1 219 216 79 1 112 24 190 176 147 169 279 234 63 164 69 147 20 231 155 240 120 112 126 233 104 74 82 73 89 102 147 42 11 19 75 82 261 204 42 130 115 160 111 92 11 198 229 69 32 56 102 102 68 166 41 33 277 56 134 242 1 89 88 170 208 228 17 156 91 218 180 240 107 234 32 45 88 15 152 24 4 49 80 93 118 25 166 185 144 30 32 50 44 43 137 137 134 32 63 61 241 25 74 1 238 91 108 14 249 149 259 61 132 242 89 268 195 7 166 2 240 211 242 32 63 2 93 95 74 39 2 61 208 257 112 170 92 95 236 77 4 90 88 120 215 25 40 72 2 35 43 277 232 146 234 260 121 170 14 234 184 73 34 11 1 54 254 134 11 89 194 34 107 231 107 1 236 195 240 279 131 111 110 170 227 189 61 108 254 28 1 206 87 208 257 146 104 34 88 147 29 177 11 260 164 146 74 120 210 217 164 198 63 1 147 103 240 29 93 254 130 55 46 233 229 57 1 228 13 142 112 158 70 241 245 34 30 241
295 224
257 211 293 99 125 215 39 148 21 279 245 284 267 142 64 240 295 153 273 37 236 15 54 256 229 177 120 113 166 167 239 140 112 124 90 72 134 265 20 82 270 213 280 249 288 226 195 253 169 135 56 263 96 228 174 247 154 29 138 250 83 92 259 141 71 238 188 88 182 244 218 60 227 183 16 5 172 242 75 43 275 61 123 290 44 190 23 111 278 209 42 130 170 231 19 119 222 55 68 235 184 17 105 272 100 258 91 179 178 131 10 168 1 46 248 2 14 93 251 63 230 221 110 277 18 185 22 266 197 30 276 118 285 28 102 269 129 287 41 208 114 281 58 45 212 27 194 106 264 274 107 116 74 191 24 158 223 144 175 8 254 87 122 161 203 36 40 4 171 214 34 121 206 73 25 117 13 180 133 150 204 76 243 294 165 52 219 200 33 187 48 151 143 233 163 291 176 9 246 79 196 164 160 147 104 271 98 217 50 152 232 146 234 38 198 6 101 136 89 216 128 199 59 224 
290 205 203 206 93 57 128 24 233 262 245 91 148 129 226 200 207 105 1 67 58 284 232 162 189 2 195 132 218 207 16 113 90 241 198 113 20 288 217 255 96 284 273 291 272 98 202 269 40 202 143 234 255 93 106 143 265 246 172 1 112 238 232 45 2 208 154 216 62 292 273 31 91 86 255 209 226 88 86 22 273 24 20 6 178 196 178 72 227 57 128 288 87 99 272 184 88 231 37 35 152 159 100 166 20 1 226 284 226 134 90 21 155 214 60 143 245 214 203 287 188 183 119 294 208 290 273 191 172 194 1 128 255 202 164 154 178 290 67 284 139 106 107 232 187 24 79 203 153 120 155 173 208 141 130 104 34 284 37 176 157 294 273 173 1 227 171 8 143 108 20 109 60 213 277 257 106 245 257 294 110 128 98 249 227 195 16 213 111 241 195 165 192 273 210 74 233 283 227 239 227 169 110 1 34 210 20 231 1 191 202 8 205 203 203 178 51 169 93 79 266 256 118 214 43 106 205 23 175 149 264 20 278 249 173 203 67 20 55 251 206 213 170 178 288 10 90 141 112 128 147 290 31 1 200 295 284 172 53 162 267 133 98 229 256 249 113 2 28 4 231 20 177 2 251 99 54 200 110 278 288 59 1 75 128 17 139 180 106 47 43 290 108 208
1686 534
392 662 443 286 477 982 352 1084 825 844 584 1500 441 1493 1260 543 1619 270 1352 1278 667 1115 406 1282 560 190 1443 215 142 756 651 761 1068 1479 61 456 703 902 912 879 1588 1137 885 1020 1387 716 603 1312 122 488 473 593 1302 471 94 635 1466 1490 1392 1357 971 470 833 1103 383 1544 498 1156 393 605 1239 674 278 1151 1024 710 1268 1136 1173 1509 800 235 850 1166 1626 679 1319 1681 1382 1248 908 1617 1120 717 8 670 1578 939 1453 613 1533 1571 862 771 238 1289 1148 1193 1370 680 546 519 780 1489 1674 256 1017 209 918 1338 1005 1313 1142 1563 892 900 191 538 195 535 1244 1256 760 1469 257 53 1413 367 808 688 317 1494 76 1104 1636 364 1073 481 1275 163 1581 872 807 63 1481 1144 1410 363 700 1508 1171 552 1261 23 1277 568 1579 958 386 829 291 414 1632 214 1135 801 1138 1085 1452 983 1657 229 1187 1262 588 579 1133 15 724 1098 1435 897 1606 97 434 1566 857 816 107 1525 351 1025 1019 1483 472 805 304 641 739 340 677 147 373 1309 6 715 693 19 398 735 216 1496 485 1326 321 623 1332 1669 1404 737 1071 397 415 1122 332 1343 377 40 336 1045 1630 212 1603 276 950 752 1461 822 113 450 1284 742 1451 1158 449 1530 821 112 1495 786 1618 572 1281 1498 536 1245 1652 234 775 66 1241 567 1372 698 1539 528 493 1202 871 127 1545 1447 436 1310 1577 159 868 873 164 495 290 999 325 964 1673 525 217 245 954 989 280 412 1121 119 346 9 1348 818 1527 1042 901 740 31 1449 101 1112 1029 1401 692 27 888 179 1597 1051 342 1593 175 347 312 1021 1015 4 681 309 1018 453 1162 1329 655 1679 1591 1557 221 186 895 54 722 1393 813 602 1007 1423 504 876 167 671 264 1682 1172 32 1043 319 653 1529 820 1564 855 146 1655 21 1023 349 36 1454 1117 1662 953 279 1185 511 350 517 166 977 612 275 505 133 842 550 1259 1368 357 590 1299 497 1206 817 108 1526 515 1405 696 11 74 1492 783 102 1218 1555 132 1550 202 915 937 1306 597 668 1377 331 1040 729 1438 1083 465 1174 380 388 690 1399 802 1511 93 1304 1676 258 967 1002 293 169 1587 576 913 1333 996 1183 1460 42 379 487 1196 1462 1075 697 1406 56 1474 1251 240 577 1127 266 905 196 1614 922 1631 957 1070 1279 475 1464 755 46 1665 1328 1541 832 123 1677 294 1003 1340 437 907 1583 165 994 1668 1315 606 482 64 1482 134 626 1129 1642 1504 795 1300 591 254 928 1161 452 419 1400 1342 633 766 57 1141 702 589 404 355 1064 1576 1272 563 89 1119 1267 660 327 1661 952 423 883 174 1592 986 1649 
1364 457 1507 245 1035 506 1271 1685 1474 878 788 1280 383 1273 1145 1400 196 881 1323 351 1480 53 695 885 1500 1217 589 365 80 431 1545 1360 997 1448 1044 1455 1329 19 859 729 12 1148 183 479 253 1016 644 1494 1644 1360 589 796 751 875 351 1435 879 1499 258 1642 921 375 700 1254 1577 1364 1245 261 1040 633 686 612 583 12 1099 1285 931 755 1418 914 555 1360 1040 511 740 1383 1114 1321 1035 490 115 1230 1120 1171 1611 1364 690 296 716 157 892 911 809 363 804 1320 1606 1070 1403 869 1082 350 1106 606 612 686 402 1306 1385 607 79 673 363 462 1345 1250 266 103 1458 1097 1148 83 580 634 167 226 393 945 470 1671 246 1383 381 1137 1343 1192 946 1144 284 1542 1013 650 1001 1086 551 788 886 1185 1072 1318 74 851 857 1550 1391 1385 903 239 1444 266 619 333 1327 1489 812 1128 1298 1301 424 987 879 1248 758 265 1145 714 1209 1106 937 595 79 5 424 1626 442 1450 618 1652 1375 226 1645 1215 1057 1228 393 206 590 1250 1146 849 6 583 233 45 382 323 1202 639 970 1190 1414 1394 1011 1141 788 1096 628 437 226 1306 209 634 337 70 666 452 408 1145 1141 478 1505 1542 924 226 716 300 409 789 1054 1471 443 1327 630 1380 1442 1083 717 1425 960 1629 718 979 1035 978 342 1471 1113 617 1256 1023 931 741 1430 209 505 1057 1380 1072 1251 1300 1323 1583 1652 346 1575 1157 1 1467 1505 85 217 1263 561 950 666 1186 1482 65 1450 1649 1583 942 1083 193 869 735 264 139 409 1652 437 1655 1493 877 297 1389 789 1614 413 686 1467 1612 601 544 1409 523 590 352 561 1050 198 204 463 1499 812 1599 251 365 491 93 1 777 612 1670 809 1291 195 1238 284 1652 1565 496 336 625 1032 1512 1364 1550 711 986 641 1623 226 271 255 781 668 869 1232 362 595 994 1042 1035 1352 1035 674 125 918 1029 1058 407 666 1085 1617 816 1058 858 1390 1614 898 182 1273 313 804 1112 1606 382 1592 1290 1515 1364 1351 1057 1388 1522 807 668 1318 1155 1426 506 28 517 1209 363 1066 1223 1331 1345 1505 1394 596 553 1263 1426 788 393 1674 1577 1012 726 1162 289 618 176 1612 977 757 321 1426 674 112 791 1680 1600 1595 1362 1091 1081 502 1002 641 722 798 1356 970 1214 1358 346 1002 1520 1023 1141 560 1330 18 1467 1273 1181 592 544 93 1638 1155 755 277 73 16 1297 954 1232 32 196 1085 794 1564 842 64 594 1398 100 859 1421 429 955 399 500 957 1406 842 22 176 1649 1045 1283 1148 641 132 955 1226 1081 1058 837 120 342 93 199 788 1272 862 540 1085 172 1529 1394 427 867 1232 1166 1619 1238 1090 413 230 192 182 1004 590 1605 791 1079 209 1275 1022 1651 1151 1190 1595 1000 1183 617 1093 1092 1504 1077 1006 782 590 1251 12 241 615 245 960 1512 1318 207 417 354 1613 1480 1495 233 625 919 933 585 1558 395 1095 1057 341 421 1271 1192 1651 1674 83 1385 935 838 1151 93 737 1145 227 1327 1279 1165 1147 1586 1617 899 282 1599 100 366 1085 925 317 722 608 72 930 24 994 1612 1380 1511 83 49 492 1300 1334 1400 122 1403 639 43 1112 1005 1612 1586 1250 1055 585 791 1630 161 436 1366 1029 84 154 154 1382 1430 1343 1408 283 464 179 1507 806 1095 1623 1514 320 356 1443 1209 182 377 1251 204 1685 1238 1602 861 53 634 198 1295 998 886 303 1254 562 914 1499 1192 1085 325 596 375 1092 219 1296 1034 455 92 926 1186 1364 1353 373 1148 1002 540 96 1105 865 334 1455 1368 1426 980 51 1290 679 319 198 39 226 226 791 141 735 1499 1652 1394 1106 339 1214 916 1181 1612 1422 1005 1175 925 1092 30 132 1 175 91 746 668 1306 1402 511 1117 361 335 1205 1603 676 960 1309 1667 822 1 515 955 1380 667 350 950 36 598 1518 392 491 1137 1600 113 130 1083 1079 1586 1352 673 1565 562 4 63 1042 842 1599 1453 713 273 1504 1069 1148 198 1209 1290 818 1337 1474 595 127 184 1100 695 1213 1642 778 1398 777 1521 1005 1287 1403 374 442 1301 717 998 1550 554 909 584 341 199 1386 396 938 1652 1189 953 844 183 1504 1597 518 1243 188 1019 956 447 1002 297 455 519 565 1592 1057 247 641 1514 751 436 1141 52 414 198 506 1594 159 966 1583 589 223 74 1487 1248 1069 842 508 236 1025 1239 381 1205 869 760 288 1429 641 46 185 186 1089 198 84 1461 700 737 1460 318 1580 1122 1481 761 1266 1187 1520 562 1285 903 174 417 75 119 512 207 150 1100 1532 795 641 407 209 1649 1615 1564 1177 777 488 611 966 1375 1426 1602 1609 408 54 729 1004 414 42 344 954 410 796 1128 1059 696 147 1023 1388 1579 1173 1232 721 188 1141 1645 1114 851 1398 585 161 826 473 5 1623 31 363 796 1358 736 1453 409 1186 214 1649 1582 519 906 999 113 164 208 1645 174 320 243 777 465 1115 514 1250 1613 1364 660 399 1238 541 1168 699 131 504 1265 791 648 365 679 1079 1112 199 550 365 150 1045 12 1612 1502 796 150 1072 627 1030 1364 935 1150 440 1096 406 892 480 788 1288 1252 636 1489 188 226 1467 1403 562 1132 1092 1252 277 1232 1398 1442 1521 737 758 1685 1522 1355 473 1259 120 1594 1403 755 496 1167 1360 647 281 367 344 570 885 243 666 284 1155 1383 491 77 968 197 81 283 1093 1425 1137 1643 1214 781 416 725 595 1246 587 460 575 755 1351 1079 184 955 150 442 1613 735 1558 603 374 35 1399 729 1033 1096 1 1251 1337 1366 544 524 1167 796 320 519 497 1228 1228 13 1548 1465 1402 202 870 994 1179 26 6 783 1044 902 347 1358 198 119 1617 1059 544 976 625 1151 1021 30 1079 1110 464 798 200 514 690 110 597 1548 1035 636 700 559 755 968 1418 127 1658 1417 170 1652 666 375 1255 407 1355 150 737 1494 323 1205 1312 1239 442 265 107 1643 1363 1542 226 819 503 16 1592 683 523 1001 1382 1005 1290 836 79 1023 790 550 420 1167 150 362 1643 1642 15 1243 346 101 722 748 636 1305 916 1148 1546 667 1037 1385 1408 1394 1472 537 583 24 1095 758 90 1300 1514 1652 1160 957 1209 655 1369 1181 1685 1148 618 1309 777 1099 154 1006 1320 1511 1141 1148 695 610 277 293 1681 1300 1302 1323 1623 51 1 209 239 241 120 1148 1599 492 336 1481 602 1402 713 258 1040 834 346 1541 562 5 406 1522 619 1228 1254 1445 1148 552 1489 379 803 1169 980 1258 336 857 64 75 437 1455 1599 950 1481 1006 1256 1266 1426 1150 35 547 1096 284 1157 892 1465 658 1263 1519 632 1331 90 243 862 507 15 122 1403 857 1001 77 253 970 228 1645 1474 1264 1582 618 753 226 718 1500 1273 1202 1145 1592 788 1287 702 211 1577 1137 764 1157 729 1457 1503 906 1068 862 627 852 132 1325 791 1507 407 363 1171 516 1023 1660 978 344 716 1246 770 946 748 1143 1391 1614 1147 903 992 717 135 1131 460 997 239 173 930 1643 494 1081 1633 1332 132 1230 501 1652 1454 1168 636 1443 1599 1457 1232 365 1499 371 1652 716 378 1329 788 1512 1670 1367 556 364 512 1422 1129 781 127 1209 1079 805 1433 796 227 653 1147 1229 122 471 524 373 761 119 245 337 794 253 795 1251 1271 1315 1044 300 561 582 289 405 1675 1064 110 137 436 1387 36 1645 619 1612 1230 544 994 1238 1124 312 987 707 1022 1084 645 1654 1264 44 1476 375 582 1591 1685 1415 1141 131 103 243 1145 1085 1405 264 1634 1227 413 455 1605 135 196 982 16 976 631 1481 636 175 1390 132 562 590 770 545 373 1040 25 952 548 1321 403 960 544 1607 1552 1623 1571 185 337 27 562 1649 473 1024 1317 1322 1564 1259 1161 396 362 233 1558 1368 1352 869 1090 1397 812 805 126 716 1500 1396 1114 714 707 519 239 459 842 1667 1579 230 1526 1659 903 1358 960 1418 413 43 1535 1248 24 566 89 206 1501 886 797 1608 1000 1039 253 1134 907 362 1662 1375 1115 1366 1141 227 1660 78 198 311 1159 81 978 859 1151 433 1086 777 1429 735 1113 506 716 894 97 15 141 943 182 252 100 1193 204 874 544 955 960 733 1073 986 882 653 191 1094 1638 311 410 377 339 420 198 668 933 159 871 1542 1403 227 1256 194 1662 413 77 53 636 699 851 1229 731 1290 975 52 1318 514 1079 246 427 332 1414 599 1223 842 1038 33 950 1115 228 585 799 1252 1139 32 1579 1652 349 1534 737 690 303 318 1271 1426 514 1233 534 563 789 755 703
930 898
81 909 807 564 6 140 803 166 331 631 479 758 224 210 596 621 485 39 731 683 313 869 732 77 846 783 139 279 349 679 896 743 703 191 661 90 503 382 646 651 29 588 534 352 556 3 172 103 287 305 865 888 41 662 76 737 268 134 673 374 218 686 597 408 495 699 271 428 84 239 734 777 168 304 120 629 526 372 575 640 871 129 14 108 643 786 736 765 480 469 230 828 517 799 457 808 299 163 176 113 659 496 419 708 323 402 510 244 490 241 744 42 589 660 790 135 540 795 755 617 27 719 918 618 165 425 51 178 13 841 821 470 115 284 199 478 400 145 179 454 24 738 693 20 915 416 668 401 272 870 913 18 99 481 614 403 920 194 240 125 149 182 630 912 63 563 581 434 741 59 497 192 85 876 417 873 380 123 423 494 903 282 10 141 685 549 245 185 879 100 452 681 399 672 202 911 196 905 204 688 868 159 235 781 72 504 616 183 892 595 506 251 607 91 800 345 717 8 833 124 259 605 544 881 207 916 527 863 154 189 898 866 157 529 333 217 926 721 12 384 460 782 73 649 698 74 186 895 523 276 613 334 362 610 215 924 552 889 180 819 110 405 908 195 587 389 638 340 507 837 128 796 87 459 319 594 246 853 144 277 133 842 264 501 164 862 153 37 746 317 794 131 840 468 805 96 93 802 767 58 430 1 710 338 213 922 816 138 847 812 692 355 823 114 486 130 839 467 158 867 306 669 177 886 650 754 45 476 718 9 44 753 521 28 907 198 644 663 343 197 906 880 171 446 712 548 211 222 559 371 900 751 414 484 254 413 750 586 249 658 568 231 64 773 493 156 420 247 921 212 242 585 248 763 54 221 930 537 609 704 30 739 604 267 566 229 303 779 70 612 697 602 760 590 927 294 628 373 15 724 689 859 150 522 820 111 483 562 902 193 228 346 315 611 515 512 849 518 855 146 181 890 910 201 576 255 88 797 409 725 16 914 205 577 398 61 735 26 817 143 852 137 811 102 116 825 877 883 174 209 461 798 89 127 836 464 491 260 19 728 854 687 772 435 98 95 804 432 653 834 472 788 79 385 508 278 615 448 861 152 665 835 126 498 694 357 285 56 393 557 894 119 793 462 787 78 283 620 647 443 106 815 655 318 296 311 648 759 50 598 771 62 97 806 433 308 691 17 726 542 35 709 466 684 347 136 845 473 560 223 729 55 764 547 884 175 489 826 117 492 378 715 674 635 791 82 60 769 391 827 752 43 418 608 369 2 711 455 406 219 928 216 925 553 162 657 320 427 775 66 101 810 438 387 358 695 237 288 625 410 747 38 538 190 899 453 893 184 511 377 463 203 339 25 675 300 286 21 730 356 745 36 702 160 269 439 390 541 83 792 897 188 843 477 528 574 52 761 324 147 856 579 682 513 322 923 49 265 302 444 225 208 917 328 475 872 530 844 396 447 422 733 31 740 561 273 592 567 266 275 601 376 437 270 524 46 449 4 713 774 65 634 690 342 169 878 584 226 206 632 122 295 167 520 554 482 360 69 778 367 723 789 80 822 33 742 582 86 442 919 173 532 142 539 639 705 298 776 67 281 11 720 757 48 22 784 75 161 105 814 375 546 637 258 824 7 307 929 220 301 606 860 151 570 407 700 327 671 580 572 885 289 505 364 112 312 233 424 274 848 591 431 645 727 68 471 450 623 104 813 509 53 533 599 353 664 633 780 71 361 109 838 458 626 891 569 321 337 261 381 465 92 801 366 578 670 238 766 57 680 155 864 593 370 344 412 354 654 516 676 656 132 411 394 47 280 243 341 426 326 350 363 368 232 636 641 451 551 531 874 227 887 603 290 474 707 573 678 292 445 383 550 316 499 34 565 525 706 722 395 200 234 858 487 624 330 558 502 5 714 441 666 600 543 397 768 875 310 785 309 314 170 519 583 379 832 622 436 488 252 256 667 348 404 293 392 830 901 236 829 40 187 701 262 263 336 619 32 514 642 536 94 148 857 351 329 365 335 535 677 809 388 696 257 415 325 748 652 
393 816 268 900 295 862 495 327 24 760 924 859 911 136 247 845 141 525 29 924 270 674 1 896 495 866 304 348 201 712 812 624 614 198 405 136 833 412 410 176 719 871 407 760 620 420 930 226 612 263 873 437 228 163 703 143 775 630 44 892 798 198 667 92 17 666 497 532 866 561 753 838 339 147 169 776 278 53 112 74 27 470 435 608 395 533 679 608 906 737 711 255 76 287 851 869 348 879 533 890 851 721 393 93 764 474 27 538 889 526 664 386 694 259 916 168 545 715 507 221 879 635 89 927 752 825 763 838 766 678 889 493 523 337 360 184 859 381 866 853 735 45 226 821 615 811 224 543 769 111 873 598 324 74 859 506 632 436 635 345 478 410 322 287 133 367 753 230 398 747 902 593 140 785 679 916 315 521 536 249 53 523 24 82 550 432 22 924 180 508 468 65 367 373 863 282 572 242 163 44 474 929 796 14 342 585 279 393 368 450 410 364 407 114 667 6 408 666 864 142 881 645 889 405 107 695 776 535 360 911 611 299 80 381 548 474 324 672 675 629 849 251 661 477 862 249 169 879 727 630 141 295 811 819 433 661 393 224 441 298 237 99 93 543 102 213 564 651 99 14 413 853 733 457 467 299 41 189 348 878 163 737 811 361 58 348 468 208 620 912 552 218 485 395 29 34 745 906 869 902 776 453 99 288 287 8 550 413 399 745 408 245 631 868 133 93 787 132 295 748 249 578 98 477 247 721 849 270 98 645 82 507 594 813 477 584 681 449 523 186 433 182 476 873 37 202 270 44 280 785 280 299 733 348 361 838 385 607 270 93 454 560 288 201 924 20 242 789 423 414 696 586 253 44 494 606 819 407 395 432 393 252 82 829 10 160 245 930 209 542 52 99 3 582 914 712 454 687 47 886 329 525 351 866 668 99 930 595 270 1 813 1 535 223 401 326 111 799 888 734 768 118 814 284 679 357 805 726 474 723 879 324 82 237 846 630 299 646 678 322 810 501 632 626 894 526 471 261 632 305 263 493 807 500 790 813 738 89 929 897 452 337 145 870 587 558 258 763 224 926 719 457 906 40 607 261 869 904 765 380 150 771 82 917 80 532 819 853 889 405 501 721 677 230 930 577 24 55 478 753 672 382 107 115 430 842 249 650 327 532 745 267 291 388 558 614 512 474 214 362 861 845 616 721 319 77 51 727 813 55 621 295 671 322 306 309 262 183 354 68 53 348 834 813 312 663 457 76 558 628 381 318 816 280 561 773 312 395 582 399 705 577 915 339 15 861 834 118 362 136 265 667 571 138 808 348 309 146 102 441 1 108 652 628 686 890 330 339 715 862 746 322 794 75 250 580 576 542 382 410 224 269 875 213 98 630 327 585 687 104 468 666 929 111 796 654 91 253 607 214 530 889 545 834 548 626 744 884 407 242 322 612 156 224 720 626 77 480 720 374 268 650 341 412 148 160 790 298 762 97 902 471 879 381 785 172 35 49 324 740 241 70 29 299 176 249 261 635 735 224 468 572 533 212 177 10 812 478 490 104 599 570 739 511 851 327 452 305 19 42 470 495 714 304 631 679 339 393 632 686 511 764 230 879 395 630 509 6 572 723 572 265 407 630 586 766 188 794 393 654 296 842 535 260 6 842 733 501 596 833 819 302 362 364 130 869 283 6 875 329 766 308 800 626 717 683 379 402 780 98 512 319 534 52 590 837 761 915 70 432 149 498 1 668 545 556 367 894 879 441 233 189 512 380 224 788 435 715 454 837 912 859 314 201 675 558 704 900 280 704 22 296 915 754 319 354 77 615 890 198 621 427 696 191 259 816 859 406 714 582 80 879 890 35 632 889 230 630 599 550 170 135 238 119 583 677 597 245 241 226 329 632 842 371 588 637 295 435 462 875 906 785 590 559 770 37 431 577 230 176 645 546 87 709 534 488 452 322 170 467 407 676 399 508 478 518 584 813 170 711 136 545 816 132 80 187 566 1 505 587 652 729 486 756 788 158 97 457 431 392 478 626 879 163 766 866 635 735 1 732 329 10 160 542 270 27 223 266 701 543 869 752 191 214 10 715 804 247 39 468 425 244 40 362 284 544 63 686 632
221 46
148 157 169 207 215 13 160 120 107 186 1 151 18 137 211 142 63 104 67 178 19 56 87 124 123 173 105 68 100 179 51 133 12 91 170 218 109 220 113 39 83 131 10 168 145 85 
198 171 52 52 31 110 1 97 178 91 108 178 40 171 153 121 118 13 8 174 46 61 1 84 21 20 218 62 149 52 9 13 161 79 146 52 169 24 189 133 171 20 3 3 1 54 108 186 30 13 189 217 1 62 202 28 42 175 52 76 129 57 143 129 43 13 205 82 189 151 6 42 91 171 157 8 175 14 120 129 118 128 80 3 77 205 76 67 28 218 54 114 3 205 19 38 156 22 103 156 178 45 4 1 157 22 121 72 143 76 3 83 198 116 54 163 31 60 143 46 34 214 63 149 77 178 62 92 119 208 185 19 95 6 23 157 127 167 148 202 92 40 81 38 1 55 24 185 164 14 62 121 86 188 218 167 103 174 47 142 34 77 3 148 148 8 37 118 116 62 148 43 123 85 187 47 189 148 121 37 128 161 175 46 65 155 52 1 189 91 209 182 209 111 120 108 18 16 191 172 157 164 208 119 107 142 169 46 183 46 128 13 157 134 8 194 92 121 62 52
