410
77 16
44 55 4 75 46 52 57 8 59 76 31 65 20 37 50 33 
34 1 1 47 11 63 53 75 13 3 17 4 24 25 13 11 62 43 22 24 25 33 11 1 45 35 23 76 56 73 13 45 29 53 39 70 32 11 71 6 55 71 39 11 22 9 71 39 64 75 21 45 75 75 63 30 24 75 70 67 64 51 4 64 73 70 32 59 25 11 14 13 53 13 11 1
65 50
19 58 30 44 63 49 15 1 60 16 57 23 17 59 37 33 50 13 34 61 24 43 6 26 9 46 41 40 3 31 48 11 65 28 52 10 47 29 18 55 14 12 22 35 8 45 21 27 20 32 
4 8 43 17 62 62 1 55 63 45 6 10 30 63 1 58 38 30 65 41 56 62 38 31 41 1 19 6 10 21 62 4 26 23 45 41 11 62 54 16 45 58 21 1 63 46 64 21 30 27 48 10 10 24 51 42 53 37 34 29 45 52 27 41
76 70
39 27 53 60 29 19 43 18 1 68 16 7 26 36 9 74 49 63 62 59 5 73 44 64 20 32 2 46 57 66 8 75 67 12 48 11 14 51 65 28 17 54 61 24 69 15 52 3 6 76 25 22 30 21 70 33 41 4 72 35 34 71 45 56 50 13 37 31 47 23 
62 1 19 65 12 62 62 25 49 6 1 47 24 16 1 12 34 49 22 34 18 65 19 16 36 12 56 18 27 21 74 13 1 61 24 27 18 62 12 49 3 68 68 40 26 21 28 1 18 56 2 2 74 60 21 9 8 38 37 11 49 61 60 47 15 14 4 4 56 74 21 49 12 62 74
66 36
35 36 17 13 24 8 45 32 60 15 22 62 25 12 29 11 48 18 55 58 21 5 42 20 57 19 56 39 46 9 6 43 33 64 27 1 
35 26 35 36 15 63 41 32 26 13 56 21 64 49 56 60 6 8 10 54 41 37 45 34 1 56 38 2 8 32 54 34 63 1 16 17 21 21 64 26 34 44 2 58 21 64 21 1 18 41 30 58 15 23 17 26 26 34 26 23 57 26 41 45 15
14 2
10 14 
13 9 7 3 8 1 7 1 7 3 9 7 8
65 60
34 16 46 26 31 49 29 28 38 32 48 17 59 43 21 54 52 2 56 14 62 3 39 15 51 60 23 5 42 33 57 20 40 13 50 30 47 10 64 27 8 45 55 18 4 41 1 35 61 24 7 44 12 25 6 65 53 63 58 22 
5 35 65 47 5 50 1 29 36 20 46 44 2 1 54 39 1 54 54 52 47 19 65 58 7 42 60 14 65 9 19 7 35 2 44 1 58 45 22 45 19 8 7 1 65 20 45 8 1 8 41 41 15 10 12 7 45 49 65 7 21 35 13 48
4 2
2 1 
1 1 1
9 8
2 6 1 8 7 9 5 3 
5 2 7 7 7 1 7 7
61 10
6 52 35 1 12 37 33 16 43 60 
52 9 17 7 1 41 49 51 6 8 39 21 21 9 6 41 39 18 9 18 61 35 39 18 10 40 52 39 11 61 60 29 52 6 7 29 16 16 1 6 54 22 7 42 7 16 19 18 51 39 3 55 8 5 22 29 61 52 18 18
24 14
13 15 14 22 9 19 2 16 4 21 8 10 1 18 
24 10 14 1 16 20 12 1 16 1 4 19 16 5 1 9 4 1 1 15 12 4 1
10 8
8 4 1 7 6 3 9 2 
4 2 9 9 7 3 4 1 5
44 2
40 9 
32 19 19 23 1 10 41 4 37 1 16 11 1 43 15 19 13 1 29 11 37 14 20 29 29 10 39 34 10 1 33 1 1 2 41 33 4 32 44 23 43 19 33
75 42
16 37 44 69 52 1 62 25 11 30 13 47 58 31 14 51 17 40 6 33 70 22 59 56 19 55 4 41 15 53 9 46 36 73 27 29 72 75 38 63 49 2 
53 72 23 20 54 44 66 8 55 22 1 49 30 32 40 54 55 30 29 15 3 66 14 28 59 47 57 68 1 29 1 37 29 72 48 29 72 55 43 13 8 44 37 13 18 62 1 3 48 72 43 48 55 49 73 62 4 49 29 9 53 49 5 40 37 35 1 37 26 62 68 38 29 49
60 54
13 53 45 10 22 31 1 59 11 35 21 6 36 26 34 18 40 38 47 9 44 7 52 15 29 32 56 19 14 51 48 50 58 23 60 37 20 57 3 5 42 2 39 41 12 49 55 16 8 33 25 27 43 28 
5 49 7 26 7 1 48 36 31 30 17 39 49 21 22 1 57 25 59 28 25 31 55 46 31 1 1 28 10 1 10 60 1 5 25 5 27 49 30 55 59 1 47 27 7 57 9 57 33 46 53 4 41 21 26 31 49 31 46
63 16
30 14 3 32 50 33 52 45 9 2 56 10 61 27 12 46 
5 37 46 53 24 38 17 1 19 8 44 29 29 26 60 59 1 60 18 58 54 11 5 26 8 37 54 59 13 55 8 6 1 46 37 29 1 47 58 28 29 24 59 60 55 21 29 29 7 2 5 38 29 20 17 38 1 1 11 60 18 20
68 48
12 58 13 19 39 61 36 51 56 32 55 57 63 26 46 9 65 28 52 40 6 43 10 47 4 41 21 11 48 30 20 42 33 44 7 17 35 49 38 8 50 24 64 27 68 34 23 16 
41 51 44 1 5 33 15 36 17 63 49 5 49 28 37 30 43 67 6 41 1 7 27 13 5 39 1 37 1 44 33 51 36 13 15 18 34 5 7 50 7 36 46 22 51 32 56 41 27 1 3 25 52 28 18 40 17 28 24 43 37 2 28 53 17 22 30
25 14
16 6 11 22 25 17 1 10 3 24 7 2 21 4 
21 24 22 6 21 10 14 13 1 22 14 24 19 9 3 19 19 1 24 7 7 8 7 7
26 2
19 18 
23 7 15 21 23 11 2 4 22 1 22 1 11 11 21 4 6 3 2 25 25 22 5 1 20
6 2
5 2 
4 4 1 1 4
16 14
4 11 8 7 5 13 3 1 15 16 9 14 10 6 
12 1 3 3 3 13 3 5 5 15 1 12 3 14 12
36 4
12 2 34 14 
7 14 1 4 1 20 4 1 6 1 6 9 13 20 10 31 8 13 1 1 20 6 25 20 7 21 3 33 5 29 11 9 11 1 23
5 2
3 5 
1 1 5 1
60 56
59 24 53 1 31 50 11 46 42 57 33 23 25 14 12 21 32 20 40 18 6 43 15 52 55 37 28 41 4 30 47 10 8 45 34 35 5 39 2 44 7 48 56 19 51 58 22 13 36 38 54 26 27 49 60 16 
23 7 27 35 50 10 26 27 1 58 21 1 11 50 20 41 32 10 51 45 45 7 5 54 7 13 21 30 1 2 13 34 7 32 60 60 18 22 7 7 45 12 23 30 7 15 38 29 1 32 49 39 5 46 10 1 34 54 7
16 12
6 2 1 12 4 5 9 16 3 7 13 11 
1 13 9 9 1 1 1 2 2 15 8 1 9 2 9
39 12
38 10 32 30 35 8 20 17 24 5 22 39 
6 15 13 1 27 15 5 15 23 1 30 1 17 1 15 19 6 6 17 15 35 19 29 16 7 1 3 37 36 19 31 9 19 36 31 27 28 7
72 68
58 42 48 16 38 59 68 9 14 7 66 45 19 46 43 6 10 65 69 62 40 34 27 54 63 71 20 35 29 31 30 44 41 4 13 50 32 49 12 57 61 24 28 2 39 53 70 33 18 37 22 26 64 60 23 5 72 15 52 21 1 3 67 17 25 11 56 51 
56 25 63 14 46 14 33 63 56 5 16 9 61 53 47 13 29 5 50 19 13 36 47 56 4 25 67 19 41 48 27 25 63 38 50 25 25 16 69 2 13 19 41 5 28 53 54 57 61 57 39 5 25 31 61 5 45 53 2 1 10 53 46 63 1 1 63 54 36 8 25
77 16
14 46 1 22 5 75 8 68 40 74 9 16 37 15 55 4 
73 47 13 19 21 39 41 58 21 29 48 8 38 43 1 21 24 21 39 1 39 31 70 13 37 51 1 33 9 21 42 73 47 10 73 21 33 31 33 1 37 19 7 61 59 73 39 71 47 6 19 35 37 43 61 72 31 19 48 41 4 38 5 41 68 21 51 63 73 51 67 6 52 14 1 51
28 20
12 11 7 20 18 1 10 27 5 22 15 14 2 8 21 16 17 26 13 3 
1 12 22 21 9 5 12 16 26 17 1 8 13 21 12 25 23 9 2 27 20 2 13 12 25 25 20
66 28
40 6 5 33 19 46 8 27 57 14 51 10 29 11 54 24 61 34 36 23 39 22 15 21 38 50 63 26 
50 17 1 62 65 5 32 30 40 40 37 4 65 6 47 1 1 18 45 17 65 1 30 53 29 15 15 37 62 64 37 13 12 4 40 50 10 64 50 39 37 36 45 62 62 30 54 39 4 21 25 50 5 4 64 44 20 53 41 53 1 57 1 13 36
38 24
13 24 7 4 27 16 33 25 18 11 9 26 15 22 10 29 12 19 37 23 6 30 34 17 
18 13 2 13 7 24 1 22 2 30 18 18 18 21 11 7 1 26 33 36 18 4 1 24 34 38 6 22 34 1 26 29 18 30 8 9 31
77 38
53 57 45 9 46 29 66 40 77 39 2 56 19 13 48 11 58 21 69 52 1 54 34 41 23 68 18 37 14 51 26 24 16 20 44 49 22 42 
24 36 34 40 1 54 33 25 22 62 30 77 25 46 36 2 22 64 24 25 25 68 1 1 18 60 21 72 23 24 46 1 2 9 25 25 6 58 25 55 73 10 21 30 22 23 45 35 12 62 65 10 37 10 34 58 11 73 6 8 9 35 75 68 34 15 9 61 25 72 9 23 21 23 22 32
18 10
2 14 7 16 4 11 17 3 9 1 
1 18 2 15 7 15 14 15 14 1 1 1 1 14 5 1 5
68 12
52 31 25 28 62 63 34 68 17 5 40 57 
1 46 45 2 1 58 36 36 38 2 42 23 13 37 23 53 53 54 59 32 23 29 67 1 17 58 7 25 29 54 46 53 58 44 57 29 44 47 51 45 38 18 25 57 1 37 12 4 7 37 25 2 52 34 12 2 1 2 7 37 25 38 59 17 42 34 31
9 6
5 3 9 2 1 8 
1 6 2 8 4 1 1 7
13 8
9 4 10 3 13 1 5 12 
6 1 1 6 1 12 12 3 1 1 3 1
41 16
10 35 2 8 21 41 24 33 14 31 32 13 30 40 6 23 
18 16 17 39 22 28 33 28 12 22 28 1 7 27 18 6 1 8 23 1 12 22 38 36 13 7 18 27 16 17 19 23 9 9 12 28 7 16 15 38
20 16
13 6 19 2 7 18 1 14 9 17 20 3 16 11 5 8 
19 18 12 15 17 5 15 8 1 1 18 1 1 13 10 1 13 1 11
77 24
46 9 26 66 5 64 21 32 15 1 38 75 20 8 70 76 2 35 67 50 6 28 65 14 
29 10 7 64 49 14 1 12 57 29 57 5 30 34 30 51 2 72 16 66 10 49 67 30 10 60 25 1 57 65 18 44 76 40 73 23 10 50 28 8 10 57 54 14 14 43 67 57 27 57 57 2 1 73 57 1 12 51 62 62 65 65 25 67 49 22 57 63 33 45 30 62 49 23 60 53
20 18
11 12 5 7 16 15 20 17 1 18 6 4 9 14 19 2 10 13 
5 18 1 11 10 1 1 1 2 9 20 17 19 11 11 1 13 11 15
3 2
3 1 
1 2
74 58
9 20 17 37 21 50 41 32 8 42 23 19 59 58 60 70 62 73 52 47 3 48 43 39 2 66 29 53 16 55 18 38 1 34 71 51 14 45 31 65 28 12 49 57 69 33 40 26 10 25 11 61 7 44 13 72 46 54 
71 43 63 42 55 55 5 73 37 50 45 65 43 28 18 14 19 12 73 74 23 45 54 17 10 4 54 41 68 71 56 64 26 6 47 55 3 35 73 27 27 54 56 11 69 43 10 48 1 26 23 1 1 1 55 14 2 10 37 69 9 14 10 23 3 7 17 37 1 14 68 55 65
11 8
6 2 4 11 1 9 5 3 
1 8 1 1 5 8 5 1 6 8
31 30
25 27 11 8 18 13 24 12 6 20 9 2 1 5 4 21 3 31 14 7 30 16 15 23 26 17 28 29 22 19 
8 26 24 2 24 24 28 1 27 3 15 9 28 28 20 26 8 1 28 19 27 14 13 9 9 9 19 16 19 20
11 2
9 6 
8 9 8 2 8 8 1 8 6 2
54 12
50 4 35 39 22 5 47 42 48 34 28 45 
29 1 46 52 1 5 1 21 29 5 47 1 29 26 27 32 21 26 1 26 54 32 5 46 52 52 29 34 47 47 29 34 1 41 32 15 15 32 47 32 14 29 1 32 14 29 8 16 19 42 34 12 8
46 36
28 27 13 37 20 30 14 16 46 9 12 6 43 3 26 7 44 25 5 42 11 8 45 29 36 39 2 22 41 4 38 21 23 32 24 17 
38 38 30 34 20 24 32 32 14 36 27 20 16 24 1 45 27 34 1 41 41 9 22 6 13 13 37 24 16 41 46 30 30 1 13 12 29 25 17 30 22 30 41 20 20
50 20
3 43 26 20 44 2 24 22 12 49 15 30 47 25 48 18 46 9 41 4 
12 24 42 45 38 8 45 45 18 27 18 17 40 3 42 1 1 42 11 11 42 32 27 11 1 1 43 27 35 18 45 35 49 17 9 1 13 49 17 3 32 9 31 18 18 17 29 42 48
20 6
15 1 5 2 17 10 
1 20 11 7 20 2 13 1 16 1 7 3 13 13 2 20 12 1 1
69 36
39 35 34 62 6 58 27 31 37 22 59 38 1 16 53 32 15 30 47 24 61 44 45 28 56 3 14 51 54 17 55 63 20 57 46 9 
1 12 12 60 4 62 40 17 26 35 2 47 62 18 45 1 17 2 15 25 31 32 66 35 2 69 67 61 9 2 18 15 69 15 26 31 25 15 15 11 62 46 47 15 64 69 19 33 47 26 4 2 6 62 25 20 52 56 2 53 34 12 19 39 1 66 55 54
33 4
33 5 25 27 
11 15 23 22 24 1 30 33 1 13 27 23 4 14 10 14 30 4 11 24 1 1 33 1 13 18 1 13 19 6 14 4
16 8
6 13 15 8 4 16 2 5 
14 4 12 7 12 1 14 12 14 2 7 1 1 12 15
5 4
5 1 2 3 
1 5 1 1
58 42
3 58 18 4 21 51 5 42 45 17 54 25 47 44 38 1 49 12 32 26 43 20 57 53 16 2 39 19 48 11 9 46 23 14 37 24 22 13 27 34 29 40 
3 9 14 1 15 1 34 32 47 47 49 11 31 32 44 47 1 18 48 10 50 18 19 57 5 58 24 18 10 11 52 5 43 3 15 39 50 50 10 44 50 15 15 37 18 38 49 18 1 7 18 50 40 51 8 28 12
45 42
9 1 6 35 11 20 33 13 23 3 40 31 14 43 19 2 39 21 7 44 28 34 17 5 42 29 18 22 41 4 16 26 25 45 8 24 32 27 15 10 12 38 
40 44 39 35 43 2 20 32 24 23 21 26 32 23 27 29 14 32 32 23 41 40 1 33 43 14 37 32 13 19 1 10 40 1 2 17 12 43 1 33 14 32 37 43
66 62
48 31 59 35 5 37 14 64 21 63 45 56 7 58 17 30 53 22 18 57 38 43 50 33 23 60 3 40 6 12 49 13 34 2 39 1 52 62 25 11 32 4 41 24 61 27 10 47 44 26 19 29 66 20 55 54 36 9 65 51 16 8 
34 38 37 56 11 41 26 11 18 1 25 6 35 29 60 4 11 59 49 37 16 58 31 44 32 38 7 32 7 26 43 29 21 41 15 56 1 31 11 38 11 38 35 56 28 60 6 31 13 30 7 25 2 21 38 30 39 9 30 13 34 38 27 49 59
52 38
27 31 33 34 41 4 24 28 38 1 43 49 52 15 25 3 40 37 2 39 19 30 26 17 10 18 13 50 7 44 46 20 14 51 22 29 23 42 
7 52 18 40 4 1 26 4 36 1 28 42 37 16 45 2 36 11 11 34 1 3 15 40 28 32 1 20 51 16 26 27 46 36 32 2 14 20 2 17 9 37 5 48 7 12 37 38 51 48 1
19 16
7 14 17 9 4 1 11 19 2 3 6 8 15 16 5 10 
10 1 10 15 17 18 19 13 7 5 17 1 15 18 19 18 1 15
59 8
47 52 44 9 28 42 32 31 
53 1 53 40 59 24 13 1 26 37 8 9 24 23 34 12 12 40 33 47 37 48 1 29 52 20 45 59 19 3 2 24 33 53 40 53 8 11 13 1 38 48 37 47 45 59 19 52 37 2 24 1 6 15 53 38 2 13
46 30
15 43 28 12 17 22 9 11 41 23 34 30 27 7 44 25 42 5 33 16 18 1 26 14 32 39 2 40 3 37 
36 25 31 23 9 24 24 46 30 40 23 40 43 46 30 29 44 2 1 20 23 29 43 36 42 9 1 46 1 1 35 10 29 6 9 43 29 35 25 9 33 9 29 21 20
47 20
26 16 8 35 21 1 38 4 22 25 5 42 28 14 31 43 44 7 3 32 
4 4 36 39 4 3 36 25 21 16 23 2 11 23 25 21 25 36 25 33 19 26 1 1 18 20 22 21 33 7 7 25 4 10 29 36 26 23 4 20 3 19 33 16 19 38
37 4
19 37 28 17 
19 1 27 19 27 37 21 35 4 31 3 27 27 14 32 37 16 27 25 37 25 37 36 1 3 1 7 34 37 7 12 12 10 3 1 1
75 48
33 18 57 52 66 70 6 74 19 17 8 25 23 60 68 31 63 12 13 50 36 73 75 38 1 11 48 67 30 65 56 22 5 4 71 34 62 24 32 39 2 64 46 37 15 58 44 43 
69 49 27 1 49 17 13 1 3 46 34 1 50 38 42 40 20 43 3 13 70 6 13 54 13 75 39 26 31 57 64 28 46 45 26 74 72 13 31 49 11 35 1 1 72 61 69 1 29 42 12 64 43 29 31 49 5 75 24 13 28 1 61 70 34 41 52 45 36 38 13 53 23 55
19 12
12 11 3 14 16 4 1 18 13 6 7 8 
12 14 2 2 7 8 1 14 12 12 6 16 8 6 7 4 10 15
69 40
45 64 28 11 32 15 48 61 24 8 12 46 9 43 50 13 39 41 37 20 3 40 47 68 7 44 26 60 42 27 1 22 19 16 54 51 14 29 30 55 
37 57 10 31 60 1 3 69 54 57 47 20 69 25 1 6 3 12 44 8 65 65 63 44 33 32 32 57 6 7 6 30 54 17 12 39 41 3 51 18 6 21 69 34 12 2 9 58 39 37 30 39 57 47 44 1 52 38 18 30 69 36 6 34 25 53 29 18
76 60
60 74 72 7 23 56 43 9 55 57 3 52 42 20 17 35 29 18 47 27 26 76 73 19 69 36 21 58 62 11 8 59 41 4 24 75 1 63 46 5 39 2 54 71 34 49 12 10 51 14 67 30 64 50 13 31 66 15 65 70 
32 74 11 10 32 61 10 6 42 32 42 48 52 25 25 58 5 15 50 5 51 1 45 51 23 57 50 56 6 49 22 12 49 33 72 6 31 47 43 32 23 42 28 32 47 57 19 23 51 1 46 42 73 56 1 1 47 22 6 50 72 53 22 72 47 53 61 6 50 9 45 5 50 60 25
57 6
34 26 28 42 46 11 
11 37 13 28 23 20 39 11 51 1 1 1 55 26 45 35 26 28 55 31 39 52 2 5 53 22 53 3 3 22 47 53 53 49 31 53 31 1 37 32 12 41 27 2 52 22 54 57 41 30 39 1 2 11 47 1
8 8
5 4 3 8 1 6 2 7 
3 6 3 4 1 3 4
49 22
17 32 11 28 46 47 26 34 44 39 2 36 19 35 13 8 16 29 12 49 24 20 
20 8 1 20 28 4 26 11 26 38 7 22 43 9 4 46 36 2 25 38 48 16 15 16 36 36 1 7 15 40 40 4 25 20 1 33 7 23 48 25 8 4 20 12 31 48 26 13
19 4
6 5 12 1 
1 2 7 15 7 1 16 8 11 1 7 6 12 17 11 19 11 3
28 2
3 13 
15 9 15 4 7 19 4 1 12 20 19 19 15 19 2 15 1 23 23 14 19 1 4 14 6 2 22
64 54
39 42 37 29 20 25 43 12 50 63 38 21 54 55 31 41 53 17 26 48 58 16 3 40 49 15 52 46 23 18 35 2 64 56 19 5 22 59 1 47 10 8 45 34 13 6 36 32 61 24 51 14 62 28 
35 35 53 11 12 48 38 32 57 36 21 32 1 44 62 48 11 10 12 32 36 10 55 32 4 20 7 53 26 4 1 36 22 1 57 36 1 2 20 21 32 48 14 1 33 52 44 55 9 26 64 64 24 3 9 14 36 9 56 14 52 36 32
17 14
17 4 10 9 12 5 6 15 7 14 2 16 13 11 
3 9 6 6 16 8 16 13 17 2 7 6 6 16 1 1
20 18
12 11 4 18 13 10 8 19 2 15 5 20 3 17 9 7 16 6 
11 14 19 1 5 1 19 14 11 19 2 16 5 19 7 11 1 18 12
34 14
26 5 33 23 28 11 14 31 2 30 13 34 15 18 
20 6 34 1 4 6 7 24 20 20 10 1 5 12 7 2 11 7 23 8 8 13 20 19 31 8 5 6 2 7 2 4 1
31 22
29 3 17 11 6 21 13 30 2 4 31 14 5 1 18 16 28 20 23 7 27 10 
1 1 27 10 28 31 9 30 16 19 14 29 20 20 1 2 28 14 16 15 30 26 10 5 1 20 15 20 29 14
65 34
56 36 57 35 59 17 18 14 31 21 58 1 38 27 30 13 10 47 45 8 5 42 48 26 23 60 43 25 62 3 40 49 4 41 
3 40 53 28 40 47 44 32 44 38 43 25 44 43 42 5 53 58 11 42 39 58 64 39 53 28 1 40 62 61 47 29 63 64 55 62 41 11 28 5 53 47 29 42 38 44 45 56 40 54 11 28 41 17 61 41 41 45 4 53 22 15 40 21
40 20
39 20 27 37 8 25 23 6 4 38 40 3 28 34 12 29 7 24 16 36 
22 25 1 37 35 18 39 29 23 29 6 38 35 17 20 35 25 1 14 10 30 1 16 40 40 17 2 40 40 27 30 9 6 1 2 20 14 6 27
35 28
2 20 21 1 28 5 18 10 22 6 3 25 33 16 23 4 34 17 15 14 31 13 30 19 29 12 9 35 
26 21 16 1 5 21 1 22 8 8 21 28 35 28 2 23 1 29 12 5 28 3 23 6 29 22 21 1 33 33 7 12 1 21
29 18
1 28 10 27 23 6 29 12 20 3 13 26 7 24 5 14 19 4 
15 25 8 6 21 1 21 15 6 29 5 20 29 7 6 6 21 6 21 1 8 19 14 1 6 16 13 20
57 40
10 46 57 9 1 20 5 42 56 27 4 41 55 18 14 2 39 26 43 25 40 3 11 48 45 7 44 50 35 31 34 47 15 52 36 17 32 37 53 23 
1 7 26 20 51 43 17 46 51 12 2 1 48 2 37 14 7 1 2 12 46 38 37 7 25 30 48 5 47 45 51 2 46 3 3 43 25 7 36 20 10 2 17 1 47 6 7 24 41 2 5 17 45 6 51 3
47 32
37 21 14 34 22 24 27 44 11 18 17 32 16 47 10 6 35 26 25 8 39 5 41 4 1 38 33 40 3 20 15 31 
34 9 1 15 4 13 10 18 4 10 39 41 9 18 46 24 4 9 9 12 39 3 13 6 33 28 45 25 17 1 1 4 30 28 21 33 7 32 5 1 10 16 1 13 7 4
11 10
8 6 2 1 10 3 4 11 7 5 
6 1 1 1 5 11 5 4 4 4
19 8
11 4 9 13 3 5 2 19 
1 4 2 15 7 3 4 1 8 10 11 1 17 11 11 9 7 13
65 42
21 58 7 27 8 44 57 20 9 46 59 22 25 62 50 13 34 15 19 53 16 36 18 55 24 47 1 5 23 60 49 12 39 43 29 17 45 30 41 14 40 28 
39 57 45 64 50 33 52 65 38 50 8 53 25 54 50 56 50 63 38 49 29 46 29 46 65 59 1 25 35 5 41 39 41 54 8 5 47 1 39 45 33 41 49 46 1 50 32 2 33 45 1 46 45 39 46 41 22 39 56 53 6 52 42 64
32 4
30 27 32 17 
19 23 2 31 7 14 30 2 27 23 1 29 23 12 11 24 27 1 1 25 6 1 1 19 1 24 8 31 14 7 17
6 4
5 4 6 3 
1 1 3 1 3
59 50
36 9 11 38 6 48 2 5 7 52 1 39 58 25 12 22 59 20 57 24 31 23 27 33 43 35 55 18 21 13 50 47 10 30 14 51 26 8 45 44 42 32 3 34 15 41 53 16 56 29 
1 50 50 12 40 44 15 1 28 24 59 9 23 44 36 24 11 2 50 23 23 9 36 19 24 40 47 24 33 11 15 36 33 59 1 3 3 42 1 27 56 35 35 35 43 2 12 43 9 31 6 55 47 26 16 51 43 1
39 10
16 20 25 21 4 18 23 28 12 29 
35 25 21 20 35 32 24 7 14 26 16 10 21 17 1 26 23 39 17 16 15 26 21 21 1 7 10 39 32 5 1 27 11 17 23 16 6 11
4 2
4 1 
3 1 1
18 18
17 13 11 18 1 14 5 12 8 9 10 2 4 16 15 6 3 7 
10 17 17 8 7 17 6 11 1 16 17 1 10 7 17 1 7
23 8
19 3 22 8 1 18 11 6 
17 8 22 21 17 1 15 18 5 22 18 21 10 21 7 4 7 22 7 7 5 6
14 4
6 5 8 1 
8 8 13 3 3 1 7 14 7 5 11 1 7
57 22
10 41 4 17 34 46 49 12 42 1 52 50 30 27 21 55 3 44 7 48 32 43 
29 19 19 54 45 1 1 50 57 46 32 51 54 8 19 11 8 1 2 24 54 19 28 38 22 46 43 50 37 10 8 26 25 46 34 11 50 2 44 50 28 52 5 8 50 14 8 27 1 50 1 7 1 38 52 34
36 2
25 2 
19 30 19 35 11 14 34 10 36 28 34 7 34 35 11 19 28 29 21 36 1 25 7 8 19 36 35 1 29 3 11 35 1 30 28
35 32
24 35 29 9 3 8 7 32 10 17 20 14 1 6 18 11 16 33 21 4 5 19 2 25 28 15 27 26 12 34 23 31 
14 11 29 17 12 26 7 12 24 33 19 14 25 26 35 25 35 25 2 2 33 17 21 1 1 33 27 33 17 30 30 14 7 25
14 12
12 9 13 1 14 10 7 3 8 6 5 2 
6 4 12 12 12 8 11 3 14 1 7 1 11
66 64
38 43 31 62 13 64 59 4 27 2 25 24 52 37 44 60 63 36 30 14 50 51 9 17 7 34 49 22 19 56 10 47 61 28 65 12 29 66 35 42 5 6 40 3 39 32 21 58 55 18 48 57 20 8 45 26 33 54 41 53 1 46 15 23 
1 47 41 34 19 23 15 26 44 56 28 4 25 50 44 41 28 53 26 32 66 1 50 10 2 10 20 33 37 62 11 26 2 2 53 20 16 41 7 9 47 10 1 24 4 58 17 10 28 10 16 23 5 26 47 37 5 33 2 63 23 41 2 33 19
18 16
9 16 3 15 4 8 12 10 11 5 14 7 6 18 1 17 
1 10 5 1 1 1 10 12 1 1 13 18 3 2 8 7 10
25 20
14 25 10 3 11 18 7 24 19 2 6 23 20 21 4 16 15 22 8 12 
1 12 17 7 1 13 3 13 2 13 23 6 13 4 22 13 11 3 13 22 13 9 3 4
46 28
30 20 39 35 41 10 8 16 29 38 1 27 17 34 18 43 6 33 5 22 44 7 9 28 36 32 40 3 
36 1 8 35 7 40 1 8 36 33 2 1 9 10 46 13 10 40 3 41 46 44 33 10 16 36 15 13 32 40 16 17 35 16 7 17 36 9 46 17 11 35 22 27 1
10 6
8 6 9 2 10 4 
7 9 10 2 4 8 10 4 1
21 20
6 14 18 10 21 4 15 1 17 3 20 19 2 12 9 13 5 16 8 7 
12 16 1 6 18 19 21 7 11 4 17 11 10 18 19 20 1 1 6 18
13 2
1 13 
6 1 3 10 4 12 11 6 6 6 6 9
32 2
5 19 
18 19 8 25 19 1 1 14 29 29 14 1 16 21 23 21 1 1 15 8 23 1 29 10 7 9 22 23 32 8 20
18 12
7 9 13 10 11 1 18 16 12 14 17 3 
15 9 8 6 1 1 5 17 1 15 2 2 13 5 6 1 8
32 28
30 7 11 16 15 8 1 19 3 28 31 22 12 6 23 32 10 27 17 18 2 13 20 5 25 9 26 14 
29 29 19 27 1 1 16 8 23 18 26 1 29 29 13 18 7 27 17 18 29 13 23 7 1 13 18 13 23 28 13
62 32
49 11 37 13 21 58 17 60 7 29 10 61 24 19 35 43 52 15 32 22 2 39 20 57 40 45 28 1 38 18 55 51 
9 58 2 60 52 11 26 12 7 33 47 32 30 55 1 53 11 26 60 38 46 32 55 54 30 53 61 61 1 43 61 1 17 61 37 19 5 60 7 19 59 12 32 35 33 33 55 38 1 32 29 9 59 18 11 30 1 58 30 33 14
75 12
62 46 59 72 53 57 5 22 64 71 37 14 
41 56 56 41 41 75 73 37 38 68 7 49 63 70 8 26 67 33 1 56 33 3 57 1 1 13 29 45 69 20 24 10 41 9 32 26 49 38 44 37 2 53 20 1 55 29 49 45 6 29 54 45 49 56 25 37 31 75 38 6 24 1 10 48 25 8 46 37 10 57 37 24 14 57
47 18
43 15 47 21 35 38 1 18 3 39 14 23 46 29 12 44 34 28 
14 30 44 14 13 1 2 27 7 34 41 35 37 12 10 7 38 44 36 46 1 44 27 43 37 30 42 32 43 20 21 36 7 1 43 25 1 21 42 25 30 1 35 13 43 27
32 4
11 19 15 13 
28 5 5 29 30 29 1 2 8 29 4 1 31 5 17 25 10 8 28 16 1 1 13 28 8 28 29 1 32 4 29
37 12
37 10 22 29 1 30 13 14 31 24 17 2 
22 9 27 25 12 2 10 1 1 3 33 10 7 33 3 4 22 34 15 28 10 14 3 1 2 10 22 33 25 7 13 1 9 20 17 4
27 22
9 13 25 17 5 26 14 6 23 27 10 24 16 8 12 1 3 20 11 21 4 19 
12 7 12 8 9 26 7 1 7 7 23 25 26 9 12 12 5 25 4 8 16 1 12 9 1 5
74 54
29 64 26 25 57 14 24 73 30 44 54 69 10 46 3 27 1 5 56 39 2 28 65 40 12 49 50 31 4 41 72 35 36 20 8 45 59 51 11 61 17 67 66 52 15 42 71 18 16 37 74 62 63 47 
36 19 74 30 33 69 25 31 69 3 49 26 25 46 35 3 47 1 66 51 9 26 26 71 1 74 14 31 9 73 31 3 56 60 57 69 49 5 60 66 3 56 59 22 62 22 73 9 25 22 28 13 14 20 1 22 49 73 26 3 10 22 45 64 5 13 12 19 1 31 45 3 60
52 28
47 32 30 46 20 39 52 19 28 45 8 25 34 14 51 27 7 44 22 16 4 40 3 12 49 48 29 24 
5 1 40 21 15 11 33 19 42 13 38 2 15 21 35 37 38 24 18 1 32 43 5 3 2 35 29 21 24 35 1 10 7 29 15 6 5 1 20 1 21 5 42 22 14 4 24 32 28 2 1
26 22
20 15 12 24 22 17 13 18 1 26 5 14 7 21 4 6 23 10 2 11 8 25 
3 1 9 24 3 22 3 1 6 3 8 3 8 17 2 25 6 25 21 1 8 10 1 9 8
71 4
46 58 41 28 
6 57 37 46 51 66 1 57 17 57 22 28 1 38 69 37 46 30 4 10 71 51 1 1 41 47 51 23 21 19 37 51 27 68 50 69 60 52 57 37 66 47 66 1 69 5 35 64 37 69 69 57 22 5 64 51 28 51 25 21 45 35 37 1 71 66 67 1 56 69
55 54
52 21 11 39 51 34 5 13 33 30 7 26 3 53 29 42 32 43 19 2 17 54 23 6 8 45 20 28 49 12 27 38 1 31 18 55 9 46 14 15 47 10 37 36 22 16 25 41 4 44 40 48 24 35 
30 12 1 54 41 4 31 23 23 42 26 52 32 32 42 54 40 51 14 29 42 54 33 14 31 42 29 14 36 32 1 23 20 52 14 42 26 33 26 27 1 32 41 52 55 31 45 47 1 3 55 42 31 4
22 10
3 4 5 18 7 12 16 13 8 15 
13 7 6 12 8 1 21 13 1 15 7 11 15 1 10 16 10 8 10 11 18
59 28
31 35 17 23 25 52 43 42 53 16 19 4 40 3 37 20 39 46 9 49 29 18 38 1 14 24 7 44 
39 12 59 59 50 44 50 12 18 49 1 18 44 38 44 36 37 44 28 30 25 57 47 49 1 40 14 59 50 43 40 12 57 43 26 36 10 4 59 25 13 26 59 12 50 12 8 54 23 1 16 29 29 23 37 59 14 1
30 16
26 29 23 14 10 24 7 8 3 20 30 13 17 28 21 4 
11 1 14 1 30 11 22 1 27 30 1 1 25 1 20 30 27 9 9 30 28 28 5 1 5 20 1 30 1
20 10
16 10 11 1 18 4 6 20 7 15 
1 12 18 1 13 1 12 17 15 13 17 1 4 19 18 19 1 13 10
75 64
22 33 55 65 39 53 25 38 27 75 66 14 71 51 30 21 2 5 20 8 50 32 18 52 42 57 1 49 72 54 17 16 61 24 58 41 4 45 62 64 47 10 13 63 26 29 15 60 23 67 69 6 43 7 44 59 19 56 40 3 68 9 11 73 
6 14 70 41 8 55 1 28 20 14 27 27 8 13 7 44 74 65 8 29 1 6 20 29 57 39 8 8 70 69 36 44 10 55 6 63 8 21 11 58 8 57 41 1 49 57 10 21 21 29 29 23 41 60 50 21 1 57 1 59 35 57 60 29 4 28 70 57 41 23 9 55 25 73
15 14
12 4 3 9 5 1 10 7 2 14 8 13 6 11 
11 14 13 13 13 2 13 14 6 1 9 1 11 6
71 22
44 69 26 63 65 45 52 15 64 30 58 54 37 1 38 51 42 23 47 10 61 22 
68 63 61 29 1 54 21 40 7 9 39 54 53 53 15 10 53 71 53 3 57 10 3 69 33 67 52 61 63 63 61 6 10 36 21 66 9 67 3 31 46 57 66 31 70 28 18 29 48 40 9 1 71 43 25 1 53 60 40 25 7 1 71 1 31 40 67 9 61 6
53 42
42 20 2 15 23 13 43 30 3 40 53 16 19 11 4 41 38 7 44 24 17 34 27 5 22 25 31 33 45 18 14 46 9 36 39 29 10 47 49 21 35 28 
53 10 31 52 31 15 1 7 7 14 18 34 52 42 43 49 52 36 32 49 15 35 50 4 31 51 16 53 7 53 51 24 45 16 5 15 49 14 37 44 8 26 10 38 45 26 21 1 15 1 8 1
30 8
29 16 5 26 27 20 18 30 
13 6 18 1 23 1 28 30 26 23 18 7 15 5 1 5 29 28 6 18 14 29 1 29 29 28 7 1 5
21 20
1 3 4 21 11 18 6 13 12 2 10 17 15 7 20 14 16 9 8 5 
1 17 14 15 14 1 18 11 8 7 1 1 2 7 5 7 7 7 3 14
19 2
8 6 
16 16 14 9 9 3 16 1 19 9 9 10 5 2 9 11 9 9
7 6
5 2 4 6 1 3 
1 7 2 2 4 4
7 6
6 5 7 2 3 1 
1 1 3 2 1 5
73 46
73 38 63 32 26 11 64 6 20 57 1 12 29 45 8 28 58 21 23 3 54 17 43 9 46 2 70 33 25 59 22 30 67 36 56 27 24 31 53 4 50 5 55 18 71 35 
66 6 41 4 41 3 47 47 61 22 60 23 49 43 63 28 61 42 65 1 29 51 2 35 50 26 5 57 61 61 15 18 22 18 51 65 33 3 51 50 5 1 6 5 36 26 59 61 1 50 42 61 64 31 23 51 42 33 58 50 17 66 43 50 50 66 26 47 26 50 12 3
76 20
74 31 69 18 13 4 41 24 59 25 29 66 28 5 40 26 63 67 14 51 
6 67 27 1 1 36 30 30 65 38 76 1 56 13 56 76 9 69 54 75 30 38 31 18 18 60 74 14 1 1 62 6 45 61 33 66 13 57 30 53 35 1 36 30 2 35 16 6 33 48 18 64 1 36 31 38 15 49 45 43 16 48 2 43 5 27 44 4 2 34 13 29 71 31 43
68 16
42 41 5 56 65 66 37 64 13 9 29 2 19 40 51 17 
27 36 68 21 59 61 46 30 1 7 50 47 3 7 68 25 60 38 3 10 1 57 59 21 23 54 39 51 25 26 15 7 50 38 63 6 63 1 65 65 36 9 22 26 62 57 7 62 59 56 10 22 10 50 7 63 50 39 63 1 59 1 44 13 52 1 10
7 4
2 4 1 6 
1 1 2 6 1 2
4 2
2 1 
3 4 1
46 24
29 25 24 42 23 8 30 40 15 46 2 37 44 35 18 31 34 21 22 4 41 6 43 26 
7 13 2 24 29 42 32 17 32 8 7 8 32 1 1 32 1 16 22 35 32 15 36 32 16 17 18 45 1 40 30 16 37 36 14 13 16 29 8 15 32 21 5 17 32
32 12
2 17 26 4 21 15 13 30 20 27 14 31 
6 32 17 9 10 19 30 23 23 2 29 1 6 13 12 1 13 10 25 5 23 1 32 32 17 15 14 17 10 7 17
76 50
38 6 72 12 63 74 11 28 76 1 56 65 73 69 46 9 27 67 30 16 68 31 17 35 55 18 21 58 49 39 2 5 24 61 14 48 50 57 20 71 32 45 40 3 4 23 37 19 70 26 
44 49 9 11 23 1 27 45 53 9 46 24 35 62 60 28 7 32 1 33 33 18 41 75 10 28 1 2 48 33 68 7 15 36 3 48 46 31 74 74 47 10 68 53 62 41 49 53 41 13 55 28 71 53 45 56 71 68 73 4 30 50 70 45 73 33 49 58 53 8 68 45 48 67 7
68 10
44 25 18 16 4 21 28 26 17 68 
12 29 37 62 43 39 49 12 16 49 4 8 6 49 49 15 48 41 11 19 14 17 15 4 36 55 6 12 45 25 37 25 44 6 43 55 10 49 11 49 36 1 24 55 60 41 19 43 17 32 24 41 28 1 62 17 1 49 51 49 66 13 51 47 45 57 45
61 10
5 35 26 4 21 53 8 25 7 41 
6 36 34 18 11 59 55 59 19 1 30 31 40 7 61 6 6 30 21 34 20 61 50 36 27 14 21 18 2 61 6 5 61 11 39 40 16 1 6 54 1 11 48 6 12 31 31 34 4 47 26 61 4 20 29 13 50 61 28 11
67 12
17 25 20 53 47 31 58 38 21 62 28 57 
62 23 31 48 37 1 9 55 37 55 3 35 66 7 32 29 3 9 41 46 20 2 21 6 32 37 42 11 49 51 40 1 26 27 10 7 27 6 62 48 1 55 7 49 47 5 3 31 51 55 67 37 33 62 39 9 32 32 11 59 33 37 57 35 29 2
29 10
11 9 26 14 12 2 15 8 18 3 
7 2 3 19 27 8 1 26 5 19 11 1 15 26 7 6 22 7 1 20 16 19 1 16 20 8 3 19
57 42
31 46 6 25 24 14 27 8 45 9 51 17 54 5 39 1 52 15 11 48 19 56 50 13 23 41 4 44 33 35 20 29 55 47 10 40 53 26 32 43 21 36 
50 26 28 32 53 6 17 34 49 50 1 28 37 35 19 43 25 13 34 39 33 25 43 32 21 21 1 44 17 5 43 35 39 28 17 5 55 1 56 53 41 34 56 22 56 51 19 56 34 27 56 1 12 34 39 17
39 16
9 12 16 31 34 22 39 27 4 21 38 3 13 23 36 2 
29 18 1 24 2 1 14 6 2 32 1 20 32 16 12 6 1 23 38 35 24 1 36 13 32 12 34 4 26 24 12 22 6 29 2 32 1 12
52 10
41 49 48 51 44 5 12 8 19 36 
1 8 33 6 29 17 38 25 22 20 38 6 44 48 22 28 39 48 1 13 38 20 18 28 33 1 38 38 51 52 5 17 21 25 37 20 1 6 2 44 38 48 50 39 15 27 52 1 1 6 18
52 16
31 3 29 30 42 44 16 33 28 45 34 17 22 39 6 9 
16 5 17 49 13 28 20 16 5 15 8 36 33 1 1 23 32 27 49 50 49 1 23 3 23 1 15 8 9 33 19 1 18 27 9 31 49 9 3 18 45 35 9 19 39 50 33 16 44 3 38
19 12
11 17 1 16 5 14 9 15 10 19 4 6 
12 6 15 12 1 12 15 13 8 1 1 15 1 1 15 3 7 11
41 34
27 24 13 8 36 35 14 17 22 25 30 37 18 10 29 20 6 41 4 21 5 39 38 1 23 34 28 11 40 3 15 19 33 7 
1 15 32 23 1 18 28 14 8 9 33 21 28 1 6 6 28 41 34 7 18 15 19 15 33 9 15 11 18 3 30 30 5 36 1 39 5 36 34 18
17 2
14 13 
1 6 7 1 1 16 4 16 5 6 4 6 9 6 5 11
32 28
30 12 6 22 14 11 2 5 29 21 26 3 15 32 28 13 27 31 24 7 19 17 1 23 25 8 20 16 
1 24 1 1 7 13 10 1 24 29 10 1 32 1 7 6 29 3 13 7 1 13 15 13 25 24 1 10 23 12 27
2 2
2 1 
1
34 12
6 7 16 33 4 8 27 34 18 28 11 9 
23 13 34 14 27 23 18 14 27 21 1 7 26 2 1 10 4 26 12 12 34 12 2 12 1 1 3 20 23 23 34 34 1
69 2
26 60 
61 25 8 26 55 9 53 39 24 45 20 21 54 35 35 21 28 26 52 26 16 43 28 1 25 23 25 54 6 28 63 35 3 55 53 62 62 29 20 25 45 11 56 1 1 5 9 11 54 35 45 1 26 20 49 64 10 53 30 40 41 37 25 8 11 26 62 25
32 32
7 25 3 15 18 9 4 6 2 27 12 26 20 8 28 1 14 31 21 17 5 22 16 19 32 23 24 11 29 13 30 10 
6 30 3 14 14 5 9 28 19 25 28 7 17 13 7 1 11 1 9 17 3 19 27 1 21 31 1 18 1 14 17
6 2
3 5 
3 1 3 2 3
3 2
1 2 
1 1
71 66
65 70 10 49 52 14 2 34 67 38 29 55 13 46 45 8 20 36 15 60 53 25 42 28 9 23 47 30 40 66 21 58 59 22 63 26 62 11 32 69 18 61 24 6 57 56 19 71 41 4 39 17 54 68 31 64 27 16 7 44 51 37 12 3 5 33 
56 44 23 38 71 53 29 25 51 56 1 63 60 11 62 8 62 52 48 70 66 47 70 24 3 56 51 28 9 70 16 21 55 25 70 43 70 23 1 23 2 47 71 64 51 38 69 69 55 21 21 69 14 53 31 60 6 22 55 36 1 70 52 52 1 55 55 1 62 51
7 6
1 4 7 2 5 3 
1 7 2 7 1 1
26 8
17 10 6 26 16 11 25 21 
1 8 5 15 1 6 9 1 8 6 6 21 10 9 6 1 21 17 2 7 16 1 17 24 10
65 50
35 29 8 27 45 20 42 33 15 48 5 24 41 61 10 47 38 1 3 40 16 53 6 43 9 60 18 55 36 19 56 2 14 65 22 59 34 37 13 50 4 26 57 7 44 64 52 54 11 25 
21 7 34 21 2 37 40 17 41 31 40 27 56 17 58 1 24 52 62 1 21 39 1 45 43 29 35 21 16 58 34 22 15 9 58 42 26 55 22 5 2 40 15 1 42 58 5 29 59 20 16 17 22 42 65 60 22 9 61 54 1 60 25 5
26 12
16 5 4 3 9 26 12 17 23 8 25 15 
1 2 1 2 11 5 12 26 3 26 11 1 25 26 14 25 1 15 11 20 20 11 1 1 25
70 2
57 36 
34 31 38 55 51 12 68 20 46 12 35 47 38 20 5 49 47 1 68 69 68 19 20 24 14 40 48 54 22 33 46 20 36 1 22 33 62 46 36 36 32 7 25 68 69 9 21 38 13 24 37 17 51 41 33 43 15 69 21 45 20 53 1 20 65 62 35 35 40
77 76
42 77 54 63 37 13 22 23 52 34 31 41 67 40 60 62 3 59 39 76 4 70 18 35 24 46 11 58 9 51 6 16 57 19 68 33 55 21 32 64 49 12 29 66 27 25 45 69 48 14 53 2 5 43 26 47 10 20 71 36 73 15 30 61 65 28 56 38 75 1 74 44 7 17 50 72 
62 55 32 55 15 32 63 27 55 62 67 55 45 17 42 38 52 16 27 32 45 74 69 60 25 75 15 12 3 21 17 42 21 8 21 60 1 70 13 56 65 34 36 10 1 65 69 1 3 18 27 69 31 17 3 27 28 70 32 66 54 1 48 3 1 32 54 38 1 57 39 53 75 63 50 63
77 32
60 66 10 44 54 63 26 72 48 73 19 56 65 75 2 42 53 16 70 33 9 24 21 58 14 15 6 49 12 34 3 27 
7 75 6 49 52 4 3 60 3 58 60 30 66 75 29 68 51 12 6 30 57 74 37 11 63 65 67 38 37 70 20 3 30 45 12 1 66 60 5 11 6 19 52 34 22 2 11 65 7 6 1 4 45 27 15 1 37 58 20 48 51 66 33 21 48 72 66 17 37 47 30 25 13 52 20 62
31 22
13 1 23 21 2 26 28 11 16 20 3 6 31 14 12 7 24 27 5 19 15 4 
23 20 1 22 25 10 1 1 17 15 10 17 20 25 20 8 1 9 8 14 4 10 17 29 29 13 8 17 13 14
73 18
26 9 43 52 1 66 59 22 39 13 50 30 28 12 61 24 23 51 
16 38 73 3 10 48 53 15 60 70 66 54 71 22 1 20 16 60 53 22 1 10 71 21 1 10 20 49 15 30 70 47 62 62 13 10 54 1 38 70 70 19 1 39 12 22 53 66 3 53 19 60 60 60 22 65 15 17 1 37 44 2 73 66 2 47 67 57 27 22 28 1
31 4
1 3 10 5 
7 1 19 29 1 6 29 15 21 22 2 31 7 23 17 14 30 6 29 2 5 6 17 1 28 15 6 21 29 22
30 4
10 13 8 12 
26 26 29 16 1 22 1 8 15 24 27 19 26 8 14 8 21 15 19 1 1 2 1 3 8 2 8 3 26
36 24
10 6 31 19 17 23 33 26 28 34 8 25 15 18 4 21 20 3 36 2 9 16 22 12 
1 4 18 27 25 15 6 19 32 14 25 33 2 2 20 26 15 22 2 11 11 14 30 14 15 36 23 1 35 36 7 1 7 15 35
43 26
7 15 12 24 37 28 14 13 16 21 34 33 26 43 38 1 35 39 29 31 5 42 8 32 19 40 
27 33 34 29 12 41 22 5 1 4 31 41 22 34 1 21 12 22 10 4 34 41 1 4 27 41 34 3 17 41 22 4 1 20 21 34 3 40 10 34 6 3
74 56
62 2 24 39 73 70 10 12 18 61 22 26 9 11 46 48 43 41 21 57 60 23 47 35 72 19 56 36 53 32 69 15 52 17 54 33 50 13 37 71 34 20 42 5 31 7 44 59 14 66 29 63 28 49 67 4 
66 4 14 29 1 11 45 74 35 21 69 73 5 41 53 35 68 5 18 31 1 55 69 50 51 20 72 1 71 1 49 25 29 45 15 71 40 17 1 55 12 16 26 31 62 53 44 30 72 31 48 1 72 51 34 55 11 16 61 13 16 53 55 69 19 53 1 18 17 62 22 68 73
24 20
11 22 20 5 12 10 6 14 7 24 21 3 1 18 9 15 17 2 16 8 
18 15 13 13 10 2 5 10 15 20 3 21 23 1 13 5 16 13 1 1 5 15 5
60 52
19 58 21 45 22 27 51 2 40 26 24 33 42 38 1 35 25 57 20 37 54 17 12 49 29 14 55 18 4 43 6 60 23 52 15 44 7 36 48 11 10 47 59 39 13 46 9 32 3 34 53 16 
31 10 1 44 1 18 51 20 21 49 1 4 53 50 34 13 38 58 54 38 54 44 4 11 6 58 9 25 49 53 31 7 18 37 38 38 1 35 4 1 50 14 32 13 37 37 43 46 58 60 30 4 46 37 37 53 21 38 53
26 24
5 11 13 23 25 6 4 10 2 19 26 9 20 3 24 7 17 14 22 1 21 16 15 8 
9 6 21 1 5 11 13 22 5 6 3 1 21 20 21 1 22 20 5 25 6 5 21 6 15
36 36
24 34 17 27 2 18 8 16 9 12 35 28 1 32 19 25 14 36 31 23 21 4 22 5 6 13 30 33 26 15 3 20 11 7 29 10 
12 4 36 28 36 6 6 27 3 18 17 36 6 2 6 1 16 26 8 6 1 17 3 20 18 36 2 16 35 1 17 13 36 6 1
54 4
26 6 34 25 
6 27 7 8 11 41 50 21 35 1 42 47 35 7 28 35 42 42 12 1 18 27 18 11 22 32 23 11 21 46 1 26 21 32 9 42 24 17 22 42 32 42 45 51 14 51 18 43 42 1 49 24 45
6 6
2 5 3 4 6 1 
1 6 5 1 5
64 40
12 22 61 63 32 9 53 35 1 38 52 15 30 13 58 21 31 8 45 42 5 56 19 34 3 23 14 25 62 48 44 6 26 64 27 36 4 37 33 28 
59 1 60 50 55 52 35 42 9 54 54 1 16 3 24 44 40 60 47 50 13 52 51 60 38 18 5 1 40 57 62 43 62 50 15 27 3 10 1 30 3 61 15 15 52 32 5 13 40 40 18 38 15 21 46 61 17 18 35 59 57 62 35
13 4
7 6 10 3 
5 1 5 3 1 3 5 11 12 5 5 12
33 6
26 12 21 6 18 2 
1 16 15 3 23 26 2 32 19 1 11 32 16 3 1 19 30 31 9 19 21 31 25 5 30 12 31 30 11 11 19 30
7 4
3 6 4 7 
1 2 2 1 1 4
28 12
22 8 6 10 20 14 4 18 19 12 16 15 
1 2 1 15 4 15 3 27 7 13 27 1 12 11 1 20 6 2 4 19 1 27 1 3 18 11 24
21 12
14 1 7 9 17 5 12 19 2 8 10 11 
9 1 3 12 11 6 6 1 4 1 4 11 4 4 2 18 3 11 5 3
12 12
8 11 7 6 12 4 1 10 3 5 9 2 
7 6 1 11 12 11 3 7 6 1 1
76 60
70 10 7 8 19 49 76 57 33 67 47 15 66 64 26 3 2 6 56 74 9 68 41 46 59 75 1 38 58 21 13 50 31 65 29 37 54 73 5 42 43 52 72 35 32 55 48 11 60 23 34 20 12 39 24 40 62 4 27 45 
14 54 24 75 8 51 19 1 2 27 19 30 19 1 69 40 17 40 3 69 19 12 76 22 8 14 9 3 40 58 58 14 50 74 65 33 12 12 1 44 18 76 66 43 65 9 60 30 17 26 12 40 19 38 60 6 3 12 19 42 3 23 40 1 54 22 75 19 59 17 23 64 66 9 40
30 16
23 6 16 12 29 22 5 10 4 30 13 2 11 1 8 24 
11 11 26 29 25 8 26 18 11 1 7 3 6 21 5 24 1 11 22 19 1 20 20 11 1 8 15 1 24
22 22
1 5 12 16 8 21 20 3 15 14 7 4 11 22 9 18 17 6 19 2 13 10 
8 15 14 1 19 21 13 21 4 18 5 15 19 1 21 16 21 1 17 1 18
66 42
41 35 26 52 66 27 29 34 24 10 57 20 3 48 19 56 50 13 33 21 39 2 22 59 1 5 42 51 14 25 62 30 64 46 54 23 43 12 31 65 28 45 
52 65 1 1 4 1 59 55 36 2 1 56 48 2 7 26 11 35 59 24 29 61 58 13 58 52 61 1 2 41 33 25 12 4 41 41 29 41 41 52 60 2 1 56 59 5 59 46 9 4 59 9 52 5 1 29 2 1 43 65 43 48 32 56 29
15 10
6 7 4 3 5 12 10 14 8 9 
4 2 1 12 1 11 5 15 11 1 11 2 13 10
75 36
49 3 71 2 72 46 50 4 41 53 65 36 56 47 23 25 42 18 54 17 14 51 58 61 24 38 75 11 57 20 74 37 33 70 59 22 
44 42 9 1 22 36 21 58 5 34 19 1 1 64 15 56 48 75 47 35 67 30 63 44 13 60 44 75 1 62 44 8 1 34 55 68 75 50 51 48 47 7 5 52 48 15 54 62 43 36 66 1 1 54 34 7 5 67 61 63 58 17 5 48 72 55 57 2 52 58 46 35 1 68
59 2
56 2 
30 34 29 2 32 16 57 22 48 2 11 29 1 45 56 31 25 30 59 43 47 16 4 43 37 23 15 1 56 45 29 46 45 49 34 11 16 48 56 29 45 1 12 25 4 55 29 56 53 29 58 43 28 41 43 34 1 14
8 2
2 4 
8 4 2 7 4 1 1
29 22
24 20 23 18 14 5 3 13 15 22 1 8 25 16 7 12 29 10 27 21 17 26 
5 28 3 7 3 1 3 28 3 1 21 23 20 28 26 8 10 8 28 3 7 21 17 29 28 1 1 15
42 18
13 38 19 36 30 41 4 25 29 37 22 5 2 39 16 31 26 18 
18 35 1 6 35 35 28 30 41 10 22 39 6 4 35 39 9 21 1 16 9 10 11 6 23 40 41 26 35 1 38 15 39 1 39 11 9 20 30 1 16
25 18
17 10 12 5 22 24 7 14 9 18 1 23 6 25 3 4 21 15 
3 1 3 6 8 18 3 6 3 6 23 1 3 24 8 16 5 1 8 3 5 8 1 4
44 8
18 39 5 24 31 2 9 20 
15 6 27 37 1 18 28 5 15 41 5 15 41 34 14 35 3 37 24 41 36 20 6 11 13 24 38 1 14 29 7 35 1 14 1 20 34 10 20 1 33 11 13
53 26
24 42 41 3 20 18 16 15 35 37 39 1 17 51 34 31 26 9 11 28 29 27 7 12 49 33 
46 22 16 53 19 12 48 39 16 19 13 40 24 38 19 19 49 1 7 40 51 39 26 14 38 18 26 3 37 19 51 41 5 48 28 9 11 1 22 39 16 37 19 40 40 49 31 17 38 19 3 33
14 12
11 5 6 7 1 4 13 8 14 12 9 2 
1 12 11 11 5 9 1 5 4 1 5 11 9
48 28
45 11 15 2 27 38 22 47 31 28 19 36 34 25 32 18 24 6 43 9 20 5 7 44 3 40 13 12 
36 16 12 43 28 48 13 48 31 7 15 44 18 1 46 47 26 15 19 36 20 27 26 39 15 1 19 5 19 18 26 14 35 30 18 19 13 29 14 26 36 46 48 19 19 28 19
12 2
8 11 
6 2 1 12 1 4 4 3 4 2 7
72 4
6 5 60 29 
39 29 20 55 64 14 45 23 9 1 9 60 45 1 52 26 60 2 11 23 1 1 7 63 42 29 9 59 1 43 31 1 57 58 57 57 54 31 53 10 11 15 66 59 1 48 1 44 53 55 46 1 32 11 43 46 50 53 28 36 53 14 23 8 15 13 54 25 9 56 3
51 22
34 33 36 19 51 17 50 13 11 48 47 10 25 28 40 32 16 1 42 5 2 39 
27 20 47 41 16 11 47 50 25 24 39 24 13 11 37 50 13 1 40 37 24 41 37 50 15 10 50 49 46 3 20 47 25 34 48 1 44 46 49 16 29 3 49 11 41 40 10 50 1 50
77 68
63 23 53 12 46 45 15 69 10 75 60 8 5 42 22 17 16 51 73 67 47 26 14 24 39 18 7 59 6 36 76 74 33 70 3 40 13 50 35 49 66 29 44 2 19 56 41 4 28 65 11 48 62 21 58 43 68 31 52 55 9 54 64 34 38 32 37 61 
30 19 26 37 57 22 42 4 55 61 63 3 1 4 55 22 30 26 63 74 63 50 1 47 64 29 41 37 65 19 71 68 37 30 64 41 5 65 66 75 63 51 17 22 50 40 65 11 74 5 62 24 24 22 42 1 29 56 42 63 65 14 1 63 77 42 63 66 30 14 27 27 1 14 77 8
6 2
2 1 
1 6 5 2 2
24 6
4 19 17 15 22 1 
8 15 7 8 24 1 9 1 18 13 24 8 1 13 17 1 8 8 11 17 9 8 7
9 8
2 7 6 9 3 8 4 5 
8 1 1 1 1 2 4 3
16 4
16 10 12 4 
12 1 7 1 7 1 12 1 2 2 6 1 12 1 7
70 58
49 46 66 26 8 15 28 45 40 59 27 56 69 44 41 5 25 52 67 16 6 50 11 48 12 3 37 54 24 19 2 39 38 1 4 55 18 21 42 13 30 23 60 35 34 43 70 33 62 64 47 10 51 14 7 29 9 63 
67 42 61 41 46 37 67 59 67 34 36 6 70 70 43 23 41 56 23 70 29 22 23 29 34 41 36 1 29 61 29 36 32 67 64 18 14 64 26 36 29 3 67 43 48 61 22 37 62 43 22 64 63 44 1 19 67 64 3 22 6 41 29 43 42 29 1 39 34
50 18
18 45 25 15 22 2 39 36 19 4 38 10 33 43 6 50 13 34 
14 30 3 22 4 30 6 12 7 37 22 25 5 22 4 8 8 6 14 11 1 34 12 10 44 3 37 25 1 4 8 15 20 6 50 8 35 26 36 36 10 29 1 11 20 28 42 36 10
29 8
21 6 9 28 1 8 5 12 
24 23 6 11 1 6 24 4 2 1 1 27 9 29 18 3 24 12 6 19 9 6 7 7 1 9 20 6
28 26
11 13 19 21 8 5 10 28 12 9 27 22 3 20 17 24 7 16 1 18 25 15 6 23 26 4 
21 2 21 6 21 6 18 6 14 1 5 5 1 19 18 14 26 21 26 1 21 11 18 21 21 9 19
30 10
7 30 12 17 28 6 3 20 5 22 
11 30 1 11 30 18 4 11 12 1 4 22 30 1 17 2 2 16 30 16 2 4 15 8 11 20 12 3 4
14 14
6 9 2 4 5 13 14 7 1 8 10 3 12 11 
3 1 8 7 1 9 3 6 6 2 8 14 6
55 38
24 17 38 1 25 42 5 30 35 52 15 12 49 27 45 28 34 51 14 37 39 10 47 50 18 20 41 53 16 3 40 29 32 43 6 23 19 9 
24 22 36 19 38 37 54 46 19 1 24 37 21 11 12 10 28 15 33 42 1 40 53 40 21 23 46 21 54 4 38 21 12 27 54 38 11 22 22 1 46 33 21 40 22 45 39 33 16 11 41 40 39 12
12 12
9 10 11 12 3 8 6 1 5 2 4 7 
1 6 3 2 1 6 12 11 2 1 1
35 12
4 27 16 32 13 5 12 25 20 19 2 23 
5 27 15 1 9 3 17 29 2 16 29 4 23 7 1 1 11 29 16 35 23 1 9 33 5 16 3 33 11 25 2 11 35 9
67 4
22 48 61 28 
8 32 25 7 7 1 44 1 51 19 15 59 22 51 31 9 39 1 57 29 57 63 30 17 33 50 30 25 5 1 23 11 6 12 6 25 48 56 44 49 20 1 19 20 13 28 23 23 29 19 56 34 39 7 6 51 1 43 21 1 64 36 15 32 21 32
58 2
30 9 
44 53 7 40 55 1 4 34 15 2 30 42 45 35 36 24 2 55 13 32 55 2 1 10 3 1 33 21 8 10 7 23 15 4 33 22 27 57 32 31 27 4 35 34 33 44 33 7 42 13 54 31 24 35 27 4 37
39 36
29 7 14 2 39 27 25 4 31 15 35 34 23 6 12 22 5 10 17 36 19 8 30 13 37 20 3 32 18 1 38 21 11 9 24 33 
9 36 21 1 30 35 37 15 5 28 1 12 12 21 1 13 1 9 4 12 30 9 7 5 28 21 27 27 18 6 22 12 12 21 16 27 2 5
24 22
2 23 16 17 24 12 3 20 11 19 6 13 22 5 21 4 15 10 18 1 9 8 
13 24 9 10 1 13 22 6 9 9 16 22 23 6 18 15 6 20 22 9 1 24 2
9 2
4 1 
1 6 1 4 2 4 1 1
75 44
18 43 60 71 17 41 66 40 1 38 11 37 74 7 44 61 24 10 4 32 49 67 33 5 73 46 9 29 2 39 13 68 57 20 45 25 28 34 19 55 64 16 59 54 
61 1 10 27 3 17 26 6 65 30 41 5 67 4 75 18 3 55 1 3 9 8 68 63 38 65 27 15 51 74 65 1 9 41 51 3 51 57 68 10 69 33 4 69 41 64 32 9 31 18 62 1 61 10 40 25 6 19 22 68 70 1 18 3 10 24 33 26 10 6 33 3 10 51
10 8
5 8 2 6 4 3 10 1 
4 6 1 8 8 4 1 7 4
60 4
54 45 18 46 
56 40 48 11 45 43 27 6 38 40 10 5 42 46 17 1 33 11 40 55 34 19 25 27 47 42 14 46 13 46 5 28 1 27 52 35 26 31 1 47 1 34 56 42 11 45 38 15 10 34 14 45 52 53 42 1 29 47 5
36 12
31 18 4 22 26 9 13 20 34 10 11 25 
20 18 13 17 17 35 4 23 15 22 6 6 28 1 18 25 1 17 25 16 28 36 22 1 32 32 18 25 14 17 17 31 5 36 29
76 16
69 17 15 72 36 20 27 44 26 56 5 45 62 58 50 67 
69 72 15 40 48 36 66 30 21 42 27 47 72 66 59 42 17 69 29 11 21 58 33 40 1 1 64 56 40 74 62 17 36 67 1 45 50 19 1 27 9 33 11 11 64 10 69 29 17 58 68 27 1 39 70 74 7 17 53 64 72 25 18 25 1 5 44 1 36 2 40 21 17 11 53
11 2
1 4 
6 2 1 4 11 2 6 1 9 4
28 14
1 16 8 3 14 15 7 19 2 23 26 12 22 28 
28 12 14 18 4 17 7 19 5 22 17 5 1 3 1 28 15 26 12 8 1 25 22 28 1 16 16
41 16
10 21 33 16 34 11 9 26 1 24 41 6 22 39 12 37 
14 1 7 23 4 15 3 33 21 4 1 27 25 1 8 6 40 7 3 32 9 32 22 26 15 29 1 23 28 35 1 23 27 11 29 9 18 32 32 9
66 20
66 64 25 56 61 15 58 44 7 50 13 1 55 5 42 43 6 51 3 46 
1 19 56 63 30 60 32 63 27 62 53 35 38 54 26 18 62 62 54 63 66 18 54 51 8 38 19 62 32 21 19 53 65 51 63 57 1 5 62 9 2 45 64 8 35 9 54 29 5 18 38 54 62 61 63 55 6 4 8 1 42 42 29 29 52
10 8
7 10 2 9 8 3 6 5 
1 10 8 8 2 1 1 1 2
59 34
24 9 45 25 12 20 37 27 35 44 52 16 53 31 51 14 48 28 58 21 41 4 38 1 6 23 3 40 32 13 56 19 17 22 
27 25 29 20 57 39 21 37 21 12 1 11 42 29 18 55 6 12 25 41 43 31 1 26 1 46 19 16 3 28 20 42 7 2 17 1 32 25 18 25 46 37 25 10 57 57 45 12 32 41 13 1 4 28 25 25 20 49
10 6
4 5 9 7 3 10 
3 1 3 4 1 1 5 6 9
23 12
17 4 12 11 6 20 3 10 16 2 14 22 
21 7 9 6 23 21 17 23 1 19 21 10 3 12 20 6 9 23 6 9 6 1
27 20
9 18 16 21 2 3 20 24 7 5 22 6 23 10 13 8 11 4 12 14 
1 23 1 22 10 1 27 13 1 8 23 1 7 9 19 4 17 1 27 8 17 1 23 8 4 19
36 32
29 24 5 17 26 2 16 1 30 13 22 3 32 12 35 6 21 4 25 8 34 33 19 36 31 11 20 10 27 15 9 7 
11 28 34 12 9 34 5 19 34 24 24 12 32 10 1 19 6 24 7 24 6 34 1 16 28 10 19 1 8 22 27 25 1 30 12
61 14
52 2 6 14 48 31 54 3 33 60 26 41 58 34 
51 1 38 43 25 21 14 5 36 2 44 47 22 14 23 48 21 6 3 34 23 1 22 58 10 6 16 50 2 28 34 21 16 11 59 21 21 47 1 37 51 59 2 1 54 3 16 4 52 23 10 10 18 34 18 23 23 1 6 36
53 18
14 2 44 6 38 52 26 8 45 22 16 33 24 41 12 48 13 30 
50 20 51 51 36 22 39 30 26 40 21 29 37 26 5 30 51 20 39 20 1 17 20 50 37 22 1 33 1 33 1 1 38 52 33 20 27 33 32 25 29 29 52 18 7 28 19 39 37 1 37 22
51 22
1 40 29 21 15 5 16 39 2 23 45 35 10 50 13 30 34 32 31 25 4 41 
7 1 11 36 7 1 3 38 3 35 43 45 17 45 2 47 19 45 45 18 10 10 7 36 36 2 51 1 33 3 16 17 2 10 45 3 24 43 47 40 35 20 7 7 11 3 16 35 4 17
70 70
15 58 5 41 50 9 57 56 10 63 19 59 21 23 42 70 22 12 67 52 26 53 36 16 38 28 11 3 68 45 7 61 64 69 6 43 46 24 13 30 62 25 35 66 29 49 2 39 27 44 37 65 4 14 51 60 54 17 31 8 18 55 33 47 32 20 48 1 40 34 
62 56 11 34 66 62 3 44 66 24 68 35 24 1 65 68 20 53 65 10 56 5 66 56 68 11 37 56 21 34 33 20 11 66 53 65 36 35 47 69 66 53 15 65 21 7 20 1 5 10 24 1 46 17 36 65 24 39 42 42 15 40 21 53 1 56 28 53 62
71 46
26 17 38 43 71 47 20 4 30 63 3 32 69 66 29 55 56 19 57 6 44 7 10 50 13 65 9 46 53 36 2 39 14 58 21 24 25 62 52 15 8 54 64 41 34 48 
10 57 62 1 22 5 33 22 13 26 53 22 57 52 28 45 13 40 8 57 1 70 64 71 56 10 22 8 16 11 16 57 37 2 2 30 53 53 13 14 30 53 22 71 1 23 53 1 13 45 54 23 67 5 49 49 64 48 69 7 1 5 26 45 1 53 44 13 62 69
63 34
37 17 33 58 40 59 30 28 45 8 57 20 5 14 25 62 18 32 12 49 52 15 4 38 31 2 23 60 9 61 24 48 11 50 
51 22 30 59 59 30 57 34 37 23 43 57 15 35 43 58 7 56 3 24 43 35 58 49 56 10 15 17 1 28 50 49 23 58 11 23 9 14 22 58 26 58 12 25 11 22 56 21 17 23 27 43 43 40 21 49 1 50 30 56 1 59
52 36
17 19 20 45 43 1 16 33 40 3 12 49 32 30 28 34 39 2 35 18 31 11 48 14 29 9 46 4 22 23 15 37 7 44 50 13 
1 44 29 51 4 36 22 28 1 4 27 47 22 38 11 11 4 52 37 9 36 48 7 35 30 26 29 1 28 21 17 10 46 1 1 42 51 6 11 7 9 20 21 1 4 52 52 6 14 45 51
43 38
33 23 9 31 34 42 5 27 10 16 18 30 20 37 3 40 38 1 32 15 8 29 28 26 4 41 24 43 6 35 11 22 36 25 19 7 2 14 
13 10 40 1 30 1 1 32 16 35 19 16 13 35 8 3 42 10 27 28 36 5 42 39 17 10 1 12 10 8 7 39 32 3 30 35 13 23 30 16 7 32
14 10
3 14 5 12 11 4 8 1 9 7 
12 12 5 3 5 1 1 5 12 1 1 9 1
18 2
3 14 
17 7 17 17 9 11 10 16 15 15 3 16 9 1 1 1 11
7 2
3 1 
1 1 1 1 2 6
51 26
35 20 23 41 30 8 15 7 19 34 17 28 29 37 46 9 25 1 38 21 5 50 12 49 51 14 
36 18 6 38 16 45 42 26 26 7 45 2 1 49 29 37 45 33 26 1 2 48 38 19 21 33 13 21 43 29 20 34 2 48 1 41 46 33 44 33 20 26 2 16 20 20 1 18 3 5
26 12
13 22 15 8 26 20 16 23 6 4 18 7 
19 21 15 19 22 8 17 3 16 21 21 15 12 7 12 19 19 22 17 1 1 11 12 10 21
4 2
4 2 
4 1 3
12 2
7 11 
12 8 10 11 1 12 1 11 12 1 1
33 20
22 1 2 13 20 3 16 5 10 17 31 18 4 21 30 24 29 25 28 6 
20 28 31 23 10 1 17 3 1 3 9 5 6 3 6 33 19 10 27 20 6 1 18 14 7 1 20 27 12 17 22 11
62 26
6 11 48 42 3 40 60 14 51 52 18 35 1 12 7 37 54 30 39 22 26 58 21 31 45 8 
9 1 16 53 17 8 31 10 1 17 1 16 56 4 51 10 1 61 2 28 62 12 35 26 9 49 50 13 56 1 3 28 51 3 10 17 22 31 17 57 49 61 49 2 22 2 53 9 32 31 7 32 1 39 54 19 32 10 51 1 17
79 18
48 32 35 19 53 31 50 57 23 76 73 79 17 34 47 49 66 26 
64 33 73 62 56 66 40 18 40 56 58 25 25 26 33 58 17 58 40 66 61 61 72 30 33 33 70 32 56 39 59 7 66 36 7 53 7 11 30 58 48 70 74 7 45 79 14 74 69 49 38 36 33 19 1 30 1 40 1 60 61 17 69 1 61 35 70 40 1 6 65 59 58 12 73 7 41 33
53 10
46 48 13 19 16 33 17 4 21 15 
32 11 46 21 46 20 45 32 13 20 18 26 34 37 38 10 50 1 39 19 30 1 21 44 50 32 24 19 18 21 1 11 2 50 51 38 1 26 9 47 37 32 27 19 43 12 24 26 37 37 50 21
76 48
38 60 13 3 56 25 35 19 57 20 1 72 2 58 21 44 10 47 54 17 67 30 4 55 18 59 51 63 26 74 37 40 73 62 23 33 6 29 11 48 68 75 61 34 42 8 46 12 
59 62 71 71 51 4 61 70 36 34 34 9 71 27 9 43 7 34 69 5 39 69 9 4 64 4 69 56 7 11 13 50 50 46 69 44 2 4 5 72 46 70 8 72 9 4 5 50 13 54 4 75 9 19 51 1 7 75 71 40 71 71 7 36 70 65 54 9 1 1 70 47 4 18 1
35 6
26 12 16 9 2 14 
11 35 23 11 14 18 1 33 22 14 8 14 1 11 8 35 14 10 8 20 27 16 34 7 20 6 27 15 6 8 13 28 6 6
58 40
22 28 33 29 34 51 44 7 11 48 19 56 47 10 18 55 52 15 43 26 20 54 17 16 53 49 40 1 58 9 46 25 42 50 13 4 37 35 27 23 
12 53 40 35 51 27 28 31 12 2 1 12 2 27 1 12 28 1 37 11 8 51 12 40 31 1 37 22 19 1 1 54 11 15 56 12 31 17 42 46 1 24 1 13 16 29 18 9 27 1 46 50 39 47 1 16 11
60 58
9 1 39 3 56 21 4 42 10 60 36 57 34 53 22 45 12 23 35 5 16 17 43 6 37 49 13 50 29 51 14 40 38 24 25 59 31 48 11 44 7 27 47 32 18 55 2 19 20 58 33 54 52 15 28 8 41 26 
11 55 43 30 2 23 26 41 55 51 4 43 55 13 40 52 39 60 9 56 33 55 47 47 51 55 26 40 52 59 18 42 55 43 57 39 46 51 14 52 30 51 15 34 57 26 55 26 11 14 14 1 18 1 47 48 39 14 43
73 72
37 67 48 1 5 71 64 26 40 35 63 50 66 6 39 31 19 59 46 44 10 38 33 7 11 21 62 17 73 32 22 65 15 30 14 25 55 18 49 12 68 34 60 23 61 24 56 28 41 4 3 20 57 54 29 47 9 69 36 53 16 58 70 13 27 51 72 52 45 43 42 2 
35 22 17 21 62 1 35 63 22 47 9 66 52 53 31 69 1 34 64 63 65 24 34 28 69 70 14 38 1 69 55 52 52 53 24 49 34 65 9 51 52 28 62 43 62 53 56 56 39 54 1 30 50 17 69 22 68 31 73 73 69 14 61 33 61 13 33 18 28 2 2 36
18 14
3 7 15 1 17 2 10 9 12 5 14 6 8 4 
1 16 12 1 13 16 1 6 6 2 5 1 9 13 6 15 1
40 2
10 25 
16 14 27 15 13 37 14 1 22 1 4 24 2 31 1 31 20 16 25 4 16 11 11 2 16 14 16 40 40 1 15 14 4 27 23 14 17 38 2
40 32
4 19 12 36 20 15 25 13 27 21 6 1 38 35 10 31 3 37 22 5 2 39 18 34 11 28 30 24 8 26 9 16 
22 20 16 31 22 22 13 26 24 17 38 27 29 22 36 16 15 32 10 36 10 16 28 27 27 28 1 20 4 26 11 9 32 26 1 35 28 15 7
68 58
38 66 48 42 45 43 41 59 2 21 24 68 17 60 35 36 51 46 23 26 65 67 29 14 32 49 12 3 40 27 64 10 47 25 6 57 20 39 22 28 30 52 15 56 19 7 1 53 16 8 13 50 58 54 5 11 9 61 
14 25 3 10 60 5 27 60 26 63 48 9 50 1 10 3 9 5 24 27 58 58 25 45 27 1 3 17 37 17 49 43 3 67 16 27 45 1 15 61 41 61 33 27 3 61 15 50 24 36 16 36 45 66 60 45 37 38 8 45 13 43 18 48 37 1 21
70 8
43 47 59 40 61 29 63 69 
3 37 23 23 60 1 1 50 37 66 57 28 43 11 54 66 50 62 3 31 51 50 55 50 67 18 15 50 51 60 11 49 27 3 20 23 67 66 60 31 1 66 58 11 29 16 58 11 1 11 42 54 34 15 16 35 3 51 18 8 23 48 48 64 50 37 51 18 42
46 22
5 11 34 2 39 22 33 16 7 44 10 24 41 20 40 3 18 35 29 14 32 38 
5 24 32 1 45 14 40 46 26 32 6 41 22 46 22 42 36 36 46 14 42 16 22 29 46 36 37 36 17 1 1 30 46 41 42 36 24 37 29 17 1 41 3 20 29
58 44
5 54 11 52 3 38 36 46 10 47 50 33 14 51 22 55 4 41 58 30 25 32 6 43 57 45 15 12 49 26 24 56 23 28 35 42 7 44 17 48 34 2 37 53 
29 15 8 29 33 16 33 46 3 45 27 7 1 20 1 29 27 18 16 15 20 53 43 1 16 26 25 46 29 20 12 16 38 25 14 47 47 33 29 56 43 18 1 46 13 16 25 7 15 50 25 25 50 14 3 56 35
60 46
34 22 28 21 60 41 39 5 3 50 35 43 6 12 55 25 8 45 59 58 24 47 10 27 48 31 36 19 56 9 46 17 54 29 7 40 14 51 57 15 1 37 2 16 26 30 
16 19 46 1 9 12 20 21 36 48 16 55 51 22 1 1 47 26 1 5 51 53 39 10 15 46 33 18 33 58 54 53 4 48 6 38 5 46 18 19 25 27 9 5 21 17 46 51 17 21 53 55 23 20 20 1 5 19 35
64 14
26 50 17 18 61 3 38 21 42 29 12 19 64 22 
19 1 33 8 39 12 45 28 19 3 1 19 52 37 24 15 1 48 56 59 48 27 48 19 52 26 24 5 55 51 19 52 26 41 1 52 19 34 57 59 17 33 12 28 48 59 1 48 11 8 18 64 45 46 8 19 26 15 46 28 39 24 55
14 6
13 14 3 11 9 2 
12 5 8 1 5 3 1 8 5 7 7 4 4
57 20
27 19 56 13 34 3 20 24 41 31 51 14 35 15 52 25 1 38 23 43 
54 18 39 41 22 18 40 54 44 1 11 11 48 29 33 21 21 38 34 4 19 34 23 33 6 4 12 25 1 16 30 34 1 42 30 52 42 34 18 9 34 16 1 14 1 28 19 28 35 16 39 46 42 4 35 34
67 44
33 22 19 56 35 15 25 13 53 39 2 10 61 24 6 57 1 38 28 58 21 7 44 66 29 49 54 17 63 26 41 4 67 30 11 31 51 64 27 36 5 40 34 45 
35 59 25 32 7 49 53 30 59 1 30 34 3 45 32 19 37 46 10 11 24 53 35 33 67 48 37 53 35 37 23 31 37 66 23 1 46 18 10 30 56 31 10 21 67 27 21 35 45 1 21 37 29 61 40 58 48 1 34 48 35 62 47 24 1 34
30 10
26 3 8 21 13 6 16 28 5 19 
26 23 1 2 26 1 4 28 22 17 1 27 4 24 7 28 22 1 9 2 26 4 14 6 19 24 1 21 27
34 6
8 27 21 31 9 30 
9 23 30 18 26 1 13 16 13 9 11 26 21 1 7 1 4 13 6 26 28 4 1 26 15 16 6 27 1 28 4 18 1
46 12
39 1 10 34 20 46 2 9 26 38 40 6 
11 10 25 13 14 1 36 39 18 7 29 7 1 13 27 36 22 26 7 39 27 38 27 1 32 28 11 43 37 38 1 7 8 33 29 32 5 13 20 37 25 7 46 28 14
33 12
15 9 14 30 13 25 4 29 20 3 11 28 
21 21 15 30 12 23 22 22 31 22 15 19 30 1 25 23 1 12 1 23 23 15 31 1 3 12 23 13 15 3 21 16
53 44
24 52 43 35 50 5 13 39 47 10 21 16 53 8 45 17 28 6 23 29 12 49 18 27 14 48 11 41 4 25 40 2 46 30 38 33 22 36 32 26 44 19 20 15 
37 44 23 1 4 14 49 29 26 41 2 52 1 47 14 39 15 4 26 20 1 1 40 4 52 19 37 38 46 44 9 13 51 46 27 1 40 47 1 4 27 1 51 7 13 22 39 42 2 22 22 11
8 4
6 3 1 8 
1 7 7 2 1 1 2
14 6
9 2 8 6 10 4 
1 6 10 6 1 4 10 11 1 6 6 12 4
35 2
10 28 
19 31 29 29 3 20 3 17 28 17 33 1 23 24 33 3 23 5 1 24 16 1 31 31 22 1 30 23 14 18 12 14 1 4
54 40
31 42 48 15 34 40 3 30 13 50 53 16 36 27 39 22 18 1 38 52 7 14 51 29 17 54 45 8 49 24 37 28 4 41 5 43 47 9 32 26 
10 28 31 43 17 47 15 33 17 25 33 8 12 1 47 39 20 8 31 17 43 30 31 28 47 45 47 15 33 15 35 45 7 47 26 54 35 1 43 31 45 4 21 15 45 1 16 20 31 40 26 16 1
32 12
32 26 7 5 10 13 30 25 14 20 3 12 
28 1 18 21 4 2 16 11 21 1 7 2 28 18 26 15 26 29 1 3 25 7 20 28 11 28 1 3 21 21 11
51 42
8 9 51 31 1 33 3 40 27 7 44 17 35 18 4 38 2 39 25 42 5 11 48 22 6 43 46 45 14 12 34 20 21 36 23 15 37 30 10 29 50 28 
43 9 19 26 16 43 16 51 50 16 43 1 51 35 1 27 50 27 17 9 12 31 41 18 7 28 33 12 42 25 27 1 18 33 13 15 6 6 9 38 43 35 6 41 16 6 12 11 1 26
34 6
22 3 10 27 4 11 
28 33 32 17 34 28 16 34 28 18 24 22 32 2 1 31 25 22 12 8 32 1 30 34 30 3 1 8 34 12 2 15 16
29 20
19 24 14 9 21 4 22 5 15 2 26 17 18 1 29 12 6 27 10 25 
29 1 23 2 18 21 24 1 24 18 28 16 3 3 21 15 14 14 16 3 15 12 3 3 13 2 1 28
66 42
46 6 4 31 41 66 11 48 34 60 23 29 8 33 50 13 15 52 39 5 30 7 58 24 14 51 49 9 28 36 3 47 10 54 17 43 22 1 16 63 62 20 
29 17 13 4 17 25 13 18 32 30 1 27 37 42 53 45 39 41 42 48 28 42 23 48 42 6 13 27 45 51 6 27 45 29 30 10 51 1 6 24 27 6 23 1 4 24 42 17 25 5 25 47 66 1 59 51 45 30 5 2 42 26 51 5 20
60 44
34 7 41 45 60 10 22 37 15 52 38 1 11 48 59 17 50 58 56 5 42 26 40 3 57 20 29 12 46 31 43 51 14 36 18 44 33 8 30 47 24 28 2 16 
27 17 1 45 48 6 15 4 23 54 7 48 41 51 59 18 1 38 25 1 52 19 4 34 17 49 59 25 1 49 5 2 52 19 27 34 52 9 54 51 54 9 31 52 25 31 56 4 44 56 56 19 48 43 1 18 43 55 57
65 44
22 52 42 5 33 13 39 55 35 65 34 25 59 38 1 43 26 63 40 23 60 57 20 56 19 10 47 44 2 41 64 27 21 58 16 53 29 48 11 17 15 9 46 18 
19 23 25 6 23 39 30 14 25 34 22 56 10 41 23 39 28 1 41 62 1 14 36 1 19 18 37 32 26 45 10 40 62 11 4 22 45 1 1 32 23 62 33 10 3 22 6 35 29 47 8 38 14 37 14 36 45 47 58 54 22 39 14 18
44 14
28 44 34 33 25 39 1 26 12 19 2 7 24 31 
38 15 22 39 36 36 14 7 31 3 14 10 6 38 5 36 20 31 31 18 27 40 20 36 39 43 19 33 16 14 41 16 18 34 39 1 31 1 6 20 20 20 42
17 2
14 6 
6 1 17 3 1 6 14 17 6 13 15 1 1 10 8 13
27 24
20 1 21 23 7 2 25 5 26 9 8 3 24 10 16 12 22 6 17 14 13 15 18 19 
1 12 9 24 2 1 7 27 12 21 1 27 9 26 12 27 15 7 25 4 7 15 19 26 19 1
48 2
32 35 
33 20 37 48 21 1 32 16 32 7 46 10 1 32 7 40 24 14 17 17 4 5 34 10 47 33 1 7 10 20 39 29 32 13 48 29 44 2 1 38 34 11 29 27 43 40 40
69 20
65 64 15 34 29 63 12 39 58 24 41 69 37 30 13 50 31 48 56 19 
1 20 50 30 20 58 46 30 1 58 52 67 36 54 44 39 11 60 9 30 55 50 1 58 20 10 63 20 2 53 39 50 9 37 2 48 34 1 50 57 18 27 18 39 48 50 53 47 1 4 33 2 67 4 8 1 53 52 17 64 10 48 43 38 48 58 45 16
33 14
20 19 26 9 31 27 12 25 4 24 7 28 23 15 
29 27 28 1 1 27 31 16 17 17 30 28 21 7 5 7 32 12 24 30 32 28 23 32 19 5 16 12 16 7 1 18
21 14
4 16 8 5 14 11 10 9 19 2 6 20 3 7 
1 17 5 2 12 21 14 8 8 14 1 11 12 6 1 6 15 14 10 17
72 28
40 53 13 25 55 24 10 67 56 36 43 37 35 20 57 8 45 28 48 41 7 46 29 42 26 1 38 68 
30 65 72 3 27 1 38 61 22 49 6 27 62 72 12 1 22 13 3 31 3 71 56 17 29 3 71 33 54 1 10 1 27 45 29 7 22 66 60 7 51 51 71 29 23 45 57 17 72 44 8 23 34 12 64 67 21 23 34 43 71 51 33 1 23 22 20 39 3 1 54
11 4
7 8 2 3 
11 8 1 8 1 5 10 1 11 6
73 70
61 71 17 63 52 27 2 50 8 51 28 3 70 47 29 23 60 42 58 14 6 5 53 35 4 66 7 65 38 73 69 43 36 9 34 46 26 19 56 11 48 37 25 62 13 31 68 41 40 32 15 33 67 30 18 55 45 20 57 1 12 49 54 10 64 59 22 21 24 39 
62 25 11 35 68 25 5 70 60 53 51 7 33 64 26 57 21 1 47 2 27 69 62 31 19 51 71 65 29 19 61 22 72 2 58 41 62 33 68 72 47 3 70 19 69 64 3 30 62 19 5 31 51 19 35 2 54 72 70 27 1 64 1 59 27 22 51 55 31 55 54 36
72 56
69 65 35 58 54 49 36 62 44 9 61 7 16 71 26 33 41 24 53 64 29 63 70 28 1 52 15 39 25 6 43 23 60 72 3 37 30 67 10 47 56 19 57 48 11 46 50 42 31 4 59 21 14 18 32 12 
65 26 28 1 69 72 65 15 1 8 10 36 33 34 36 11 2 59 36 36 20 8 67 11 30 40 1 1 1 28 67 49 71 37 8 13 57 61 4 29 36 31 23 8 71 29 69 12 36 38 50 39 24 26 23 72 48 48 62 10 13 25 48 28 63 71 39 1 65 28 29
61 44
50 2 1 58 3 59 51 37 25 43 12 49 28 45 8 53 16 13 10 61 15 17 54 34 39 31 30 4 56 29 22 35 26 14 32 57 20 55 18 21 40 46 27 23 
57 8 51 53 21 51 51 12 56 1 57 32 18 29 44 47 16 1 12 51 5 55 38 10 1 10 45 35 26 56 35 1 7 19 45 19 44 24 38 55 7 45 21 4 39 44 17 17 41 1 27 26 48 1 19 21 44 21 1 31
51 6
43 14 35 13 9 44 
5 12 24 46 1 11 24 5 40 1 48 20 27 37 27 7 11 20 41 19 46 1 35 30 34 1 4 42 1 20 48 10 24 46 22 29 25 20 24 30 16 2 11 37 23 13 9 10 49 36
17 2
2 9 
11 5 7 7 15 1 7 1 3 8 7 12 4 4 1 7
44 38
9 33 15 43 6 13 34 31 35 12 4 25 42 5 23 36 19 27 10 3 40 39 2 22 29 37 14 28 8 30 7 44 38 1 20 17 32 16 
27 1 1 12 33 12 14 21 12 44 25 27 1 1 42 1 28 21 29 37 1 15 38 1 15 15 1 4 4 15 25 15 22 8 29 23 23 24 8 10 3 35 1
13 2
3 13 
12 9 2 11 3 11 1 11 7 1 11 5
54 22
42 54 27 20 10 47 38 33 28 11 30 50 13 23 40 41 19 36 46 29 34 52 
45 15 35 15 5 1 28 46 1 13 1 12 28 1 42 23 23 27 45 10 1 15 46 12 46 50 15 50 16 25 23 9 40 15 1 35 52 42 19 52 13 28 10 52 35 7 28 4 12 5 7 16 22
55 12
30 50 15 11 51 25 21 41 7 39 5 6 
48 39 53 23 34 9 25 1 1 53 10 30 15 38 25 35 17 23 7 26 9 1 28 34 34 54 48 54 46 42 46 1 52 1 29 39 33 46 9 54 47 29 48 38 1 15 1 38 38 50 15 40 23 6
3 2
1 2 
1 1
30 18
29 19 6 23 26 9 15 10 21 22 13 16 8 17 20 24 12 1 
26 1 16 8 12 13 21 24 27 24 13 1 23 22 24 16 11 4 13 7 29 21 27 28 27 13 3 1 27
18 10
11 5 14 9 16 3 17 18 1 6 
1 1 2 4 1 18 6 2 1 5 7 4 9 2 7 12 15
23 20
15 18 23 8 7 16 22 5 4 21 12 11 9 3 2 19 17 14 10 13 
9 7 9 14 18 14 19 14 4 2 2 18 1 1 2 18 19 15 11 11 15 5
2 2
2 1 
1
63 22
45 9 50 1 3 40 61 27 18 52 16 33 6 62 56 22 58 36 37 30 49 17 
34 19 48 6 14 19 51 59 31 4 1 47 4 12 49 27 57 52 41 14 58 45 60 20 57 1 60 43 17 30 12 25 58 14 23 3 27 27 19 48 2 27 4 54 41 58 1 1 45 17 17 10 1 43 26 54 48 53 54 51 37 60
6 2
4 6 
3 1 1 4 1
33 18
22 19 32 9 30 16 33 10 3 17 29 31 6 8 11 7 24 2 
9 10 16 1 26 16 14 15 14 16 9 22 15 1 1 1 27 7 14 6 25 4 5 15 5 14 6 25 17 15 20 7
52 26
25 10 35 29 28 44 23 38 1 16 50 2 39 5 26 36 17 14 51 34 48 40 32 52 15 37 
40 14 18 36 12 11 32 38 26 27 1 47 18 21 27 45 27 20 12 27 49 25 6 40 31 2 1 36 7 20 40 18 41 45 11 16 28 28 12 28 43 16 40 16 29 2 42 36 15 38 25
48 48
19 39 24 16 46 12 47 7 4 1 6 36 44 23 40 3 2 30 15 21 28 25 8 45 17 31 20 22 5 42 37 41 13 34 11 48 33 14 9 43 10 27 38 18 35 26 32 29 
26 1 28 1 4 23 44 29 30 31 33 23 25 4 23 13 28 1 12 13 10 25 43 12 25 34 44 23 44 33 1 1 44 29 33 28 25 12 19 20 31 30 1 25 6 41 12
4 2
4 1 
1 2 2
50 6
39 35 16 9 19 47 
10 29 39 4 49 35 42 2 31 38 23 26 32 41 36 50 43 17 48 16 1 41 15 36 36 15 50 1 41 44 43 1 16 13 1 43 28 23 49 1 50 33 36 29 43 44 29 33 44
42 36
12 26 18 8 5 42 17 15 37 23 29 9 14 30 39 2 6 27 21 1 38 40 31 13 34 10 16 4 41 24 36 19 20 11 28 35 
1 13 38 36 15 6 2 34 31 3 35 1 1 31 1 12 31 35 12 13 14 2 1 32 39 2 8 10 35 35 38 29 31 1 3 30 24 40 27 2 3
61 58
36 59 46 28 29 32 17 47 34 52 11 30 3 38 48 25 49 37 50 27 26 35 58 21 24 7 44 39 2 8 45 55 18 4 41 60 23 1 57 54 33 16 53 19 56 31 51 14 5 42 10 15 6 43 22 40 13 12 
61 61 61 16 16 42 55 1 16 61 52 52 32 59 52 60 31 46 9 17 61 16 51 41 48 34 54 32 12 38 1 39 52 5 12 11 52 42 12 61 1 5 8 42 59 45 32 3 32 54 32 54 42 33 45 46 9 30 16 1
48 10
37 17 9 44 36 32 45 24 31 47 
12 21 34 45 34 1 25 23 29 1 33 48 45 2 32 1 16 21 27 32 39 8 16 39 45 11 21 1 11 17 12 22 13 48 22 43 24 1 35 22 7 33 29 32 12 29 33
53 28
23 2 13 41 20 31 42 26 1 15 30 33 29 12 49 8 9 43 3 17 27 7 44 28 11 48 10 47 
16 22 44 10 37 46 49 49 1 35 42 24 50 46 29 4 40 42 1 13 20 15 10 28 20 15 22 10 21 10 44 28 15 1 19 28 53 50 10 35 26 41 22 1 48 19 10 22 1 39 44 48
32 8
9 22 2 16 13 18 32 29 
26 6 9 20 14 1 20 7 20 18 23 11 1 7 2 14 7 20 6 28 14 14 10 23 1 3 23 19 1 14 30
3 2
1 2 
1 2
2 2
2 1 
1
67 2
37 45 
3 29 60 10 43 32 42 10 1 20 8 42 5 49 30 38 40 32 53 60 32 67 1 21 37 10 19 10 60 45 31 32 59 2 1 59 29 36 1 37 40 40 6 53 59 42 8 38 66 34 37 38 59 11 38 17 53 40 9 32 20 59 21 22 49 44
72 6
59 31 58 14 63 48 
70 68 72 50 60 61 67 53 39 50 32 59 40 27 31 1 24 40 32 56 24 32 1 13 70 33 67 17 22 61 1 1 33 60 32 60 31 28 28 1 43 53 8 54 17 34 36 54 32 14 25 32 1 66 70 13 56 54 32 41 7 42 29 64 36 24 54 9 9 17 28
8 4
8 4 7 3 
1 1 1 4 7 1 3
34 26
31 10 15 16 25 2 9 21 33 27 13 30 3 20 14 7 5 22 19 8 23 11 18 1 12 4 
12 25 14 25 3 8 34 17 14 17 34 16 25 11 1 25 16 2 34 14 14 14 27 16 9 1 3 14 11 25 16 27 31
58 10
13 39 9 44 16 33 53 29 11 45 
30 26 19 47 21 1 45 50 40 50 40 30 3 12 27 24 49 22 51 52 56 1 7 55 55 37 56 40 35 1 26 49 3 22 28 56 1 29 27 47 1 1 56 43 14 56 40 55 37 56 22 52 28 1 1 4 50
2 2
1 2 
1
4 2
1 3 
1 1 2
21 8
19 17 10 3 16 8 21 18 
7 5 7 1 7 14 1 16 2 5 14 15 1 2 14 4 9 3 14 1
46 16
34 32 25 16 5 39 9 35 1 29 12 24 44 27 10 21 
32 29 21 29 46 42 10 11 11 31 37 19 11 45 9 30 13 1 32 9 19 28 19 36 8 36 9 1 31 36 9 20 3 39 13 39 35 36 24 43 5 40 39 1 36
29 4
17 19 1 8 
6 28 14 17 18 1 1 27 26 26 28 14 26 18 4 15 14 4 14 27 21 1 8 16 1 7 26 8
33 4
12 29 10 6 
30 20 17 22 14 27 6 1 19 30 15 22 18 20 17 20 25 30 1 19 18 11 25 4 4 30 15 23 17 20 30 2
41 12
33 31 34 20 29 38 21 35 22 39 28 11 
40 18 39 17 11 29 12 26 27 39 20 18 12 39 31 22 29 1 1 24 19 24 39 19 24 7 20 26 1 20 28 21 11 29 13 18 29 12 28 1
31 16
25 29 12 14 4 26 15 17 30 13 20 5 22 28 27 10 
12 1 6 17 20 1 6 7 24 17 30 7 1 13 7 1 22 17 5 12 4 9 14 19 7 22 6 4 13 22
28 14
26 28 2 19 22 1 16 10 27 20 7 24 8 12 
16 6 16 15 20 15 10 20 19 12 26 5 26 1 26 20 11 22 12 11 1 7 11 24 15 28 5
3 2
3 1 
3 1
39 26
11 4 5 29 22 37 2 31 13 25 34 26 8 15 32 18 23 14 16 19 1 38 27 28 12 3 
20 19 37 19 39 12 11 19 33 1 21 24 11 7 21 39 33 1 3 11 26 37 25 37 19 33 31 16 38 8 24 21 3 5 22 35 16 11
19 6
8 14 12 18 4 9 
17 14 7 10 7 1 10 6 17 7 2 8 17 14 2 1 1 10
49 12
26 48 20 3 45 5 2 27 15 8 1 7 
46 2 46 10 33 49 38 4 46 31 30 35 46 38 46 10 39 5 11 8 4 17 1 49 46 12 38 16 5 16 15 26 33 19 10 36 26 46 46 5 24 14 11 14 1 7 21 46
71 64
59 48 33 55 4 36 25 71 60 14 21 13 64 10 5 58 7 57 44 29 3 26 9 38 18 39 22 37 24 61 67 30 12 49 46 8 45 42 52 15 11 28 65 20 17 54 19 56 32 47 62 43 51 23 1 50 27 40 63 70 41 2 16 53 
11 16 38 42 15 5 48 23 50 56 66 55 44 16 1 47 1 55 47 12 31 37 36 66 12 41 37 44 14 38 55 18 14 51 16 18 37 7 11 16 16 22 23 25 69 42 14 36 25 14 36 54 18 3 52 63 13 24 71 56 63 25 38 70 37 33 1 25 49 18
46 26
10 19 1 30 15 39 2 40 23 17 34 45 11 25 5 42 36 6 43 7 24 31 21 4 27 46 
35 40 11 1 32 40 40 33 42 2 39 1 45 45 36 13 46 35 7 28 8 40 42 13 10 1 12 7 37 33 42 1 37 45 33 13 10 1 1 44 13 30 27 1 29
6 2
5 1 
1 1 6 1 1
56 26
41 44 11 19 56 52 15 46 9 51 42 25 35 18 54 37 40 23 38 10 47 2 36 13 50 49 
36 47 2 18 56 21 14 18 1 12 39 18 44 33 39 42 1 51 12 55 11 49 27 40 47 16 43 54 2 33 34 36 33 50 18 4 39 18 14 2 45 2 1 43 33 9 16 30 55 41 50 40 30 41 34
36 6
28 34 27 24 11 1 
1 10 36 35 25 25 36 18 12 20 31 30 18 18 7 6 30 18 30 35 19 7 14 1 31 18 30 12 25 1 10 5 2 25 6
11 4
4 6 1 7 
6 1 8 1 5 5 11 4 5 1
14 4
3 9 8 13 
1 14 1 1 5 2 11 8 13 2 2 2 1
35 34
34 18 32 12 29 16 13 15 5 19 14 25 3 24 17 9 11 35 33 6 23 27 10 8 28 21 4 26 2 22 20 31 30 1 
25 35 24 4 1 33 24 32 9 20 9 29 4 34 28 19 30 25 22 7 30 1 30 4 32 7 1 6 34 35 1 28 35 28
39 14
18 39 24 8 25 32 15 14 31 34 20 30 13 16 
24 7 21 13 21 13 1 15 33 21 1 8 22 18 6 11 23 4 2 1 7 8 14 21 4 37 17 22 21 25 17 12 13 22 32 1 5 1
38 26
24 6 10 25 31 21 4 33 28 14 9 26 15 32 8 5 27 18 1 19 36 2 23 12 17 30 
13 29 30 4 23 36 13 25 29 23 35 19 28 19 15 26 23 28 11 2 27 28 23 19 34 2 1 23 3 28 34 16 28 1 23 28 34
13 8
8 12 11 2 13 3 7 5 
4 13 13 10 5 9 4 3 3 5 11 1
22 12
15 14 3 20 16 13 22 19 2 9 17 18 
3 7 16 19 21 6 14 1 5 21 17 15 1 21 1 11 4 1 4 1 17
26 8
11 17 24 16 9 22 18 1 
21 22 1 4 17 1 21 11 1 23 14 22 26 18 1 22 21 10 16 5 5 17 23 17 5
42 14
36 14 28 26 30 13 21 6 40 23 3 8 34 33 
5 16 32 25 10 32 9 1 41 24 23 26 10 10 23 25 25 39 9 23 39 41 36 1 1 1 25 2 39 41 41 1 23 22 1 20 25 26 25 26 22
57 2
53 44 
38 21 43 43 49 49 35 53 43 43 32 45 45 39 23 56 1 20 39 29 10 53 56 22 27 43 1 44 43 44 1 5 10 24 12 2 28 23 48 23 43 18 52 42 49 44 52 1 56 18 42 28 49 14 48 41
3 2
3 2 
3 1
76 36
8 19 6 46 68 31 5 41 4 51 27 30 53 73 36 48 11 25 62 28 32 69 7 44 24 61 76 23 60 40 21 58 63 29 1 38 
58 68 30 1 41 69 32 59 31 28 65 14 1 62 38 68 30 21 63 3 41 31 42 10 31 36 26 30 39 14 1 69 63 72 41 40 41 36 72 14 51 50 34 47 61 1 59 7 31 5 58 72 28 16 38 39 69 32 31 63 60 1 55 19 75 76 1 1 5 42 1 9 30 26 5
41 40
35 26 15 19 9 28 24 14 16 8 25 22 6 23 30 13 37 20 1 38 29 32 10 7 41 4 17 21 40 31 18 5 33 27 11 34 39 2 12 36 
37 9 41 36 9 8 11 1 20 1 1 41 20 35 26 10 3 27 11 23 25 3 36 6 41 17 17 13 17 25 20 20 25 11 7 10 2 36 9 22
75 32
14 54 23 9 5 11 28 10 47 58 70 68 35 15 52 56 39 74 27 44 7 1 75 73 36 71 12 29 66 45 8 43 
22 62 72 16 43 62 21 25 29 1 72 41 52 26 67 26 43 68 62 29 43 34 48 42 46 40 3 1 63 58 18 40 67 69 74 63 43 40 29 31 28 56 18 21 3 22 2 38 10 3 73 73 41 4 1 3 62 22 56 73 1 67 62 33 51 31 75 32 58 18 6 43 28 58
72 64
63 39 35 7 60 37 2 71 5 10 6 24 58 53 61 44 11 50 41 47 59 36 67 52 64 70 45 12 22 30 3 40 46 9 34 51 14 28 65 62 25 23 57 20 1 38 48 72 21 49 18 55 13 8 43 32 69 17 54 66 15 27 16 31 
54 39 29 60 17 35 54 29 6 29 60 6 5 4 18 1 29 6 1 47 29 41 19 28 72 1 17 1 17 57 12 54 45 22 17 71 39 24 44 61 54 63 20 51 20 18 13 63 1 54 6 13 20 71 41 45 6 36 36 30 16 11 6 48 1 66 64 22 6 1 19
59 40
56 38 20 13 43 49 28 35 34 47 10 30 3 40 24 42 5 2 39 36 31 48 57 50 26 15 52 7 44 25 1 8 22 59 19 37 58 27 54 33 
11 50 48 11 21 5 1 51 48 8 7 25 52 20 4 30 42 55 10 8 48 50 10 59 6 8 33 8 47 39 47 12 52 11 11 6 1 44 19 1 30 34 41 5 40 49 57 50 11 26 44 18 12 8 39 1 6 26
48 34
16 40 22 14 48 21 8 17 25 39 15 13 23 31 27 10 24 12 32 46 9 6 43 34 30 20 37 41 4 36 19 44 5 42 
13 25 11 31 1 28 11 3 32 1 15 1 11 11 11 1 11 14 25 1 23 32 21 11 31 1 2 25 4 6 3 40 23 27 18 1 25 13 3 31 29 2 32 13 2 27 27
46 30
11 23 29 43 38 16 2 7 13 34 31 22 17 9 26 10 27 45 28 24 42 5 15 33 41 4 21 40 12 14 
20 9 8 22 35 34 1 1 20 39 21 1 2 21 46 1 23 35 9 24 28 31 39 39 24 9 8 11 1 3 38 30 3 20 27 44 39 1 3 30 23 44 1 36 9
2 2
1 2 
1
59 54
10 26 12 46 52 3 7 36 11 29 40 28 22 42 34 58 32 33 45 8 41 5 59 30 37 50 16 53 18 55 1 38 23 6 43 27 14 51 57 20 21 56 19 25 48 49 24 2 31 47 35 9 54 17 
59 21 21 21 52 16 13 58 39 21 11 51 29 54 22 5 52 17 47 1 11 33 43 58 14 25 19 12 47 13 22 39 59 1 22 22 28 40 9 30 29 42 58 5 56 9 9 6 40 37 1 16 40 11 51 9 21 21
4 2
1 4 
3 1 1
64 44
9 59 25 21 55 10 17 22 50 39 62 34 30 64 27 31 44 7 24 42 26 3 40 20 57 6 23 46 58 56 16 53 14 51 41 54 15 52 33 37 36 18 45 1 
58 1 58 56 34 2 10 39 20 26 32 18 41 59 25 12 39 23 1 18 10 34 6 11 1 24 52 32 11 50 1 29 26 25 26 11 56 1 22 50 40 63 3 50 6 4 2 45 24 32 3 1 32 10 50 62 39 11 10 57 15 10 32
9 4
7 9 4 6 
6 5 8 1 1 1 5 1
46 28
24 10 25 13 7 44 15 18 31 3 40 42 8 35 30 16 33 41 22 46 38 11 20 43 26 34 39 2 
1 38 30 14 42 43 6 13 28 19 22 34 24 12 36 8 43 2 43 19 28 41 1 26 23 42 43 6 20 18 36 24 42 17 42 10 24 41 1 2 43 2 43 39 42
34 24
5 20 30 17 34 13 9 25 18 19 2 6 27 10 8 31 14 4 21 7 24 15 32 16 
4 16 22 15 22 1 33 14 30 13 4 1 1 11 22 19 20 24 6 30 14 34 9 15 28 3 29 33 22 29 6 14 4
48 6
24 37 1 28 21 33 
21 24 44 44 24 36 43 37 13 4 44 21 43 35 20 5 14 23 1 43 16 16 45 23 47 44 27 44 19 21 16 41 38 44 11 1 16 10 1 31 29 20 43 13 37 37 11
15 8
2 12 8 4 10 13 5 9 
10 1 14 1 10 1 1 11 1 5 1 10 12 5
22 10
17 9 14 11 21 20 3 2 19 8 
1 9 1 14 14 22 6 1 13 6 7 5 2 19 2 4 7 9 3 9 9
10 4
4 10 5 2 
5 1 8 8 4 6 1 4 5
2 2
2 1 
1
69 50
48 43 39 6 5 40 51 60 69 32 66 19 49 57 64 27 52 15 9 46 50 24 61 34 68 14 62 11 29 12 22 59 56 8 45 33 67 30 26 47 10 20 4 53 16 23 44 35 37 36 
64 10 34 63 65 36 45 29 53 20 15 31 59 59 12 29 1 29 34 36 63 58 1 30 45 24 40 20 58 28 36 38 30 58 1 8 19 24 1 20 55 31 36 58 66 34 18 45 53 1 15 64 10 59 63 28 1 51 67 34 67 51 1 36 59 45 51 24
66 20
29 45 30 55 47 51 46 12 38 52 65 48 2 36 63 26 27 13 50 33 
64 14 55 8 48 11 61 48 33 59 62 62 54 38 38 5 5 66 43 3 49 35 37 14 38 1 43 27 33 49 26 1 14 5 47 1 54 26 63 33 24 41 38 50 14 61 33 30 61 6 64 21 48 1 11 62 57 48 51 1 43 4 38 27 28
21 10
10 21 5 13 7 15 20 3 17 12 
20 14 5 14 5 4 1 11 6 15 1 19 1 12 12 20 17 12 14 11
52 2
26 2 
21 33 1 41 33 42 44 48 30 4 44 7 30 1 20 7 4 30 8 33 4 40 27 1 51 4 47 4 35 4 13 37 20 29 11 29 24 18 29 31 44 25 33 43 33 45 43 40 1 11 31
12 12
6 9 5 3 12 10 4 11 7 1 8 2 
11 1 6 1 1 12 5 7 8 1 1
72 54
5 49 32 39 29 46 37 53 19 62 20 40 52 59 51 1 50 47 64 27 18 55 8 45 25 42 12 66 23 60 22 31 68 48 33 21 58 38 54 17 67 44 36 3 71 9 15 6 10 4 41 13 56 72 
35 62 62 63 61 8 9 61 29 51 66 53 26 9 12 55 6 29 53 33 31 11 51 31 1 26 25 1 66 48 54 29 36 6 1 61 14 66 55 12 9 9 45 6 9 60 51 1 52 29 12 69 61 64 33 16 32 11 15 1 16 30 51 53 64 9 66 64 30 1 52
36 18
24 33 10 27 7 32 4 11 28 6 23 19 12 35 25 5 34 16 
3 1 19 25 3 14 24 27 7 14 2 18 30 29 23 19 25 1 3 1 24 28 31 1 6 20 22 21 31 21 28 34 6 15 17
13 8
12 1 6 4 2 5 10 7 
1 1 11 2 1 11 4 6 9 1 11 6
51 18
46 4 41 33 44 1 25 42 47 30 45 43 6 40 49 20 37 17 
16 20 3 19 51 13 41 20 32 42 31 12 28 13 36 49 43 16 25 25 16 1 49 1 2 16 36 26 47 25 49 27 14 6 23 36 23 13 49 23 28 46 1 38 20 34 41 36 28 14
53 14
34 41 37 31 42 30 39 26 18 35 52 33 50 49 
33 31 31 1 31 35 31 4 5 4 39 9 51 42 1 42 49 40 7 43 1 34 35 35 34 53 15 33 50 1 42 6 44 48 42 34 12 48 22 7 22 47 47 50 1 1 16 31 4 43 8 3
56 26
20 33 40 29 30 27 37 41 22 15 49 32 28 35 42 47 36 2 9 46 13 50 14 51 38 43 
25 46 15 46 19 34 9 47 32 47 44 8 22 39 17 33 19 26 39 45 53 16 4 1 39 33 45 34 5 43 47 25 33 27 6 11 8 25 32 24 10 17 4 32 9 25 4 11 11 47 9 11 13 46 28
73 46
12 14 15 23 6 50 2 17 3 73 57 20 18 55 26 49 19 56 36 22 54 8 45 29 66 41 7 44 21 33 13 47 39 11 48 24 31 68 30 35 16 60 65 43 5 9 
28 6 35 22 42 61 62 31 72 12 7 72 22 60 36 73 17 35 71 12 70 19 51 64 69 61 22 39 36 35 67 35 36 62 12 48 43 1 69 70 10 31 23 22 47 43 70 43 7 7 36 3 3 52 10 42 36 1 59 1 1 33 45 72 10 36 61 22 1 70 61 62
38 34
30 33 11 17 36 1 38 6 12 14 37 35 32 24 25 13 22 34 27 10 21 31 29 15 2 19 16 9 5 3 20 8 7 28 
8 1 19 1 18 13 3 2 34 5 26 34 19 14 23 38 11 3 23 2 10 5 1 14 13 10 30 22 2 4 7 24 5 14 26 23 36
4 2
3 1 
1 2 1
8 4
4 3 8 1 
1 1 3 2 2 2 1
51 30
46 8 2 31 37 7 27 21 22 42 48 36 32 15 17 14 51 24 41 23 43 6 40 3 26 28 13 50 49 12 
32 21 42 29 1 32 22 24 26 6 45 1 31 32 35 41 6 29 18 13 35 34 18 41 32 29 13 1 24 39 1 45 36 50 20 18 6 37 20 50 18 21 13 50 6 12 1 20 32 44
75 36
42 69 48 20 45 70 28 19 56 59 4 53 36 29 50 9 63 26 25 62 75 1 17 51 68 31 47 39 7 44 55 43 6 71 74 37 
11 33 40 43 39 9 72 62 55 72 17 34 68 73 63 1 23 41 8 63 40 46 8 5 30 13 4 41 46 46 41 34 11 25 2 35 15 24 43 4 2 63 46 64 63 1 40 72 64 22 3 5 21 69 69 26 40 22 45 8 73 2 1 22 60 27 44 11 2 5 1 63 36 56
43 30
35 13 8 14 7 6 10 33 31 11 12 28 3 20 37 4 17 15 30 38 1 24 36 2 29 25 26 5 16 23 
21 22 32 6 1 1 36 39 8 42 39 34 6 27 36 6 7 16 7 7 1 17 8 17 28 34 20 39 20 5 6 3 33 30 14 3 1 6 9 42 29 1
65 64
58 26 11 4 50 45 46 39 49 12 5 63 48 36 20 29 55 14 25 34 7 65 38 59 15 57 17 27 3 40 33 62 19 56 60 23 43 6 44 10 47 13 30 32 21 24 61 28 31 53 16 22 8 51 18 37 35 52 9 64 42 1 54 41 
33 17 2 12 39 57 20 31 63 1 62 50 31 44 30 11 43 44 63 44 33 24 32 65 10 59 43 43 11 47 57 40 44 50 29 4 22 33 1 57 13 62 47 26 2 1 22 9 30 22 48 30 2 9 52 40 47 62 43 20 47 62 43 44
2 2
1 2 
1
65 6
1 15 37 42 53 60 
56 41 15 29 4 51 45 29 64 29 1 1 31 52 1 33 54 12 15 52 13 31 64 22 10 39 1 24 51 50 4 51 32 28 52 53 22 13 21 50 4 18 48 1 22 38 1 24 64 16 1 29 57 24 15 53 24 4 21 58 26 6 1 33
40 10
29 2 4 20 8 5 30 16 31 32 
4 38 15 14 1 6 30 6 1 6 30 14 25 25 15 28 23 30 37 6 32 30 9 11 22 31 9 20 32 32 9 36 11 16 26 6 31 7 31
2 2
2 1 
1
3 2
3 1 
1 1
75 70
39 28 55 32 73 64 3 69 15 53 30 34 1 5 37 10 56 13 19 26 70 66 68 49 51 7 43 60 35 24 48 59 21 44 8 45 16 27 52 71 20 57 2 41 4 62 25 14 6 40 23 65 61 46 9 54 17 18 29 67 11 74 42 75 22 50 31 63 47 12 
36 57 37 10 20 57 1 1 33 1 36 62 11 29 61 60 11 20 28 3 15 71 41 13 16 61 1 1 14 11 47 62 56 25 60 60 10 55 56 28 26 62 68 64 72 29 41 73 25 20 36 37 1 40 13 37 37 33 1 1 28 23 8 18 9 26 34 58 25 13 20 3 17 60
19 2
17 8 
4 4 1 19 3 2 19 5 17 19 2 1 6 17 2 1 13 2
31 4
9 13 7 15 
11 23 31 20 3 23 10 3 21 1 20 8 8 1 10 19 23 27 1 20 27 1 27 10 28 28 1 11 19 28
38 26
3 1 14 7 9 8 15 23 33 36 21 4 31 16 6 27 10 5 22 20 17 13 30 24 32 35 
32 18 11 33 32 23 6 36 33 27 37 20 25 14 28 1 17 24 33 26 13 5 33 33 25 26 27 33 17 36 17 1 20 21 27 23 33
21 20
13 21 9 11 1 18 4 5 12 20 3 10 14 19 2 7 16 17 15 6 
4 4 1 1 2 1 4 4 12 8 3 3 3 7 4 4 4 18 18 10
73 34
7 25 2 40 6 4 32 67 68 70 11 56 19 57 49 52 15 45 16 53 28 65 1 38 36 73 24 61 34 71 13 47 17 60 
28 32 23 53 51 28 15 41 12 65 29 50 28 39 28 10 48 41 60 51 20 41 12 10 48 62 41 73 19 8 55 29 13 73 45 73 55 28 44 1 29 4 60 44 1 23 1 15 28 29 57 64 59 29 7 9 15 46 28 35 49 48 73 63 59 46 1 45 54 64 55 1
20 8
18 19 10 17 8 12 3 20 
12 2 1 14 13 14 14 4 6 4 15 1 4 14 20 14 5 12 19
27 10
6 14 10 21 24 20 3 11 2 16 
1 1 24 15 7 3 3 26 19 15 17 1 8 1 19 8 19 26 13 12 19 1 15 23 3 3
